6.903691172432666612e-01
2.698241334201926023e+00
2.804387284656709167e-01
-7.457035281057559917e-02
-1.517289366101718107e-01
-5.927332395441796686e-01
6.410781912378935576e-01
5.413003200810798665e-01
3.391058016891344562e-01
5.984061487510231592e-01
-1.457122980838600812e+00
-2.143985680840485852e-01
3.081017698929795490e-01
-9.193140724160936417e-01
3.890563653965488644e-01
-6.031885517365408872e-02
4.906916980065066936e-01
1.667742423552621978e-01
-4.704062678298808753e-01
2.312870138685660104e-01
