1.718665537136831034e+01
-1.020262019762560080e+01
1.802853791365870983e-01
8.497610947240913148e+00
-8.713293430585981270e+00
-9.734003302781268019e+00
4.964263892748402185e+00
-8.273167966389458172e+00
1.178357864083396933e+00
4.739439831446339291e-01
-3.720957235623929549e+00
1.925853145882785888e+00
-1.608707928261749798e+00
-9.485174752258107134e+00
-7.494122007198652291e+00
-1.027940048000540685e+01
1.832068516190389795e+00
-4.650884469482830852e+00
-1.783284667300242821e-01
-4.062109952913194100e+00
-2.160117231865969156e+00
-1.595491386107699139e+00
-3.235915889406059343e+00
7.066744831052498732e+00
-5.153705166986597419e+00
-2.271032922276214006e+00
5.208360169903823333e+00
5.421977262871236825e+00
8.600537053534450749e+00
-9.052304941378266356e-01
-1.166780881130656056e+01
-1.242030497564855285e+00
-3.809381656445615771e+00
5.826933727604317603e+00
9.637958671078095563e+00
-6.799669325576311874e-01
1.480693637534243212e+00
1.923356751539363030e+00
-8.187517604261536519e+00
3.619262561483582719e-02
-2.736726701888255953e+00
-5.282146575956274681e+00
2.781004509913154621e+00
-6.024197271055487413e+00
4.943991968343130594e+00
-6.308673227568561970e-02
8.451692778175573295e+00
3.497742032937616763e+00
-1.055870191299735872e+01
1.300789109227347318e+01
