-1.020456259875512250e+00
3.283176221495716085e+00
5.057067706613501024e+00
6.442972089113251144e+00
2.755163082001872987e-01
-6.049714682506874830e-01
2.356491723244523162e-01
9.823773104255957733e+00
-5.996342381417113288e+00
9.223698969933290526e-01
2.854541099940587134e+00
4.492819036652004328e-01
-3.944529215412301948e+00
-1.410670278619318729e+01
-1.595584668188665844e+00
9.797967858832114629e+00
2.302818599618210005e+00
3.076685744649401144e+00
-6.616189170381458595e+00
2.188050774142211274e+00
2.429849311405030132e+00
3.031258912686596307e-01
4.151892970712362185e+00
6.207168524340746174e+00
4.660970144893680001e+00
3.945680609810365169e+00
2.772264958932175283e+00
1.167076078223082902e+00
-5.239292581219790357e+00
-4.872000076102816490e-01
3.645912250705806379e+00
2.489060148559718133e+00
4.010548670450121200e+00
1.071746950075542060e+01
-2.978557076247163149e+00
-6.755162816167803896e+00
5.152435444081747917e+00
-2.409817325101343055e+00
5.363743918771649577e-01
5.747134936619969992e+00
