9.940402533327963752e+00
6.485125477820929518e+00
8.749525187749386257e-01
-5.623588514976721520e+00
-1.101566682211200687e+00
3.427970793495679125e+00
5.750870022204503051e+00
2.927906752564708004e+00
-9.927493007351712251e+00
-1.700001347970743426e+00
-6.806969929238426253e+00
3.425250326724813554e+00
1.823486649529594716e+00
-6.460599286740293934e+00
-2.253788193164662168e+00
5.331383140542842014e+00
1.028567701224600395e+00
-1.300539534571600342e+01
-3.310741763503300295e+00
-9.416567887911538648e+00
-6.482329940308235727e+00
1.206411538674812078e+01
2.827374922314260797e+00
4.659040253113427177e+00
-7.170830809970793140e+00
2.205401989167293575e+00
5.153986358825350944e-01
-1.269628329019601232e+01
4.644694398116667067e+00
-2.958113064213938603e+00
-2.411117297729514064e+01
-2.090542810570862553e+00
-1.192903036261452243e+01
5.163903087998325425e+00
1.007269662818367628e+01
-1.180924407120081732e+01
-3.509496151572482958e+00
-4.852928011193260893e+00
-7.576329026930632260e+00
-6.718481423154346821e+00
-8.243760999448289439e+00
-2.420840131420963992e+00
7.469233827546655213e+00
8.060876975548927348e-01
6.918521573682720138e+00
-2.871405563147731321e+00
7.374315414209195119e+00
6.838879668918030674e+00
-2.892037974214640261e+00
1.074602419177097801e+01
