-1.738911523833877837e+01
-6.030196759852444188e+00
-1.417075591676772106e+01
3.056377265957275924e+01
-4.826284742955984797e+01
1.263182845569694734e+00
8.145318288906668869e+00
2.091355691216910007e+00
1.566229539336346477e+01
2.393384592342346906e+01
7.433775798806113499e+00
-2.494307153746561312e+01
2.112296335339826925e+01
-9.346347515836525233e+00
-3.175125037627018365e+00
-4.589553103169503601e+01
1.135160643762600152e+01
-1.070362024424814074e+01
-7.859050029661237780e+00
-1.919968741007255986e+01
-3.781560898716733021e+01
6.557047861562832480e+00
1.110185639453097473e+01
-1.802933944143107814e+00
1.447035555780614580e+01
-5.847986573730472593e-01
3.029942354032159102e+01
-1.194257782200962570e+00
-1.646131715855990763e+01
1.555696375491740557e+00
