-9.999971665144149480e-01
2.903918429010346469e-01
-6.175827273446314880e-01
-4.539092399211750450e-01
-8.831022320756349853e-01
8.747027193304751647e-01
9.997900355719047116e-01
9.760962229527143652e-01
-9.997692541200993155e-01
9.999998912010141794e-01
-9.999987462661876769e-01
-6.278855850877086420e-01
7.745510891646290030e-01
-9.843647450918669994e-01
9.609022374589367699e-01
-9.924552984950361090e-01
9.997276209520157275e-01
7.263194040801559392e-01
5.218313593878601830e-01
-7.360141982240204772e-01
