-7.924633128286749262e+00
-7.241312580590997250e-01
-3.257757857770337218e+00
-1.066464949696967368e+00
-2.808383323548611088e+00
2.911295638187142210e+00
4.666769653512014671e+00
-1.343606394584450081e+00
-4.222298721805719524e+00
6.236353578239908657e+00
-6.388899918499360453e+00
-3.689037042990946702e+00
-4.461900551709329643e-01
-3.380568512681011217e+00
3.320320197297004672e+00
-4.799888328857828235e+00
1.128805906588450148e+00
8.281450746868277424e-01
-4.487008387170831725e+00
-5.996099041376941052e+00
