-1.319397945516595838e+00
4.185551004112289419e+00
6.748195959076423556e+00
5.045192289666537988e+00
3.494676473201105971e+00
-3.966027800073784082e+00
5.002988021574419353e-01
5.811781456697753256e+00
-5.793899343232765453e+00
4.160873732544499326e+00
-3.273450904546236551e+00
3.786456730723225306e+00
-3.069830531774043081e+00
-8.090401732897751330e+00
3.926795845770663540e+00
4.743492274938429176e+00
5.496212137723145652e+00
-8.389972297188950101e-01
7.230025123437197054e-01
3.871606416712219279e+00
-1.023544776563197090e+00
-1.871402705515267773e+00
4.226048305059098453e+00
5.057310186399286422e+00
-1.287760078737276714e+00
-2.213934166592781416e+00
2.801720658452596879e+00
2.081119395655925075e+00
-8.593972197296434246e+00
-2.049610467075647091e-01
-3.096930275880914962e+00
1.992040084964864288e+00
-3.235975950202976126e-01
4.792322611480424932e+00
-3.874808999434980805e+00
-1.324340320758425449e+01
1.691772266714483219e+00
-5.926623765543325817e+00
-6.299989139920160852e+00
-2.164849561344224682e+00
