9.999999998591009298e-01
8.883616810599960793e-05
0.000000000000000000e+00
1.000000000000000000e+00
0.000000000000000000e+00
2.462041686985839070e-05
9.999895625591677106e-01
9.999999999999782396e-01
9.999999999999988898e-01
9.999999904274464724e-01
6.459737750084931784e-01
1.762188060970253301e-08
9.999999967087591646e-01
3.587064957502082067e-11
8.887153086833150528e-01
1.363408187281521433e-12
9.967307945473812270e-01
9.999990199714295924e-01
9.999940076634560304e-01
9.601382877332365062e-01
2.449495924484882496e-20
9.998940100188014046e-01
2.356932530813529543e-05
9.999801581006962925e-01
9.621429770609354337e-01
9.999695772894386936e-01
7.031834597039870549e-05
2.027036915288643845e-05
2.400364751190512425e-12
1.835864819983957239e-03
