1.724775018192889808e+00
7.973613575871644876e+00
1.007762087944046137e+01
1.497011944980744635e+00
0.000000000000000000e+00
2.120541429722921478e+00
0.000000000000000000e+00
6.775852703804790877e+00
0.000000000000000000e+00
2.315032008060170288e+00
1.118564316165857164e+00
0.000000000000000000e+00
0.000000000000000000e+00
0.000000000000000000e+00
4.352341234057706565e+00
2.806401585668802490e+00
2.128354257237540015e+00
0.000000000000000000e+00
0.000000000000000000e+00
2.056038512432050602e+00
2.940238983468010936e+00
1.562029377595635982e+00
5.190931823451073512e+00
0.000000000000000000e+00
4.887283661004404589e-01
0.000000000000000000e+00
4.210481063557409698e-01
1.384821604117090210e+00
0.000000000000000000e+00
2.725209693310160386e+00
3.045397247464684654e+00
6.671716801529234964e-01
4.803004070491536659e+00
5.764389903158431139e+00
0.000000000000000000e+00
0.000000000000000000e+00
0.000000000000000000e+00
0.000000000000000000e+00
0.000000000000000000e+00
0.000000000000000000e+00
