-9.999987822116628289e-01
-6.236768569644971505e-01
-9.999951639411061022e-01
-1.428819782086250545e-01
-9.994880610892048489e-01
5.759864067814063349e-01
4.071740747100729974e-01
-9.147433196731229454e-01
-9.981940424785059607e-01
7.884790507052163999e-01
-9.997547434590263737e-01
-9.877369174495389537e-01
-4.745255442807247426e-01
5.041371673819972088e-01
6.349503552855292332e-01
-9.554971420685250960e-01
-3.305964990051095120e-01
8.520039999779670525e-01
-9.874008720382674298e-01
-9.999999952885986199e-01
