-9.999482415496948606e-01
-2.246085286399052486e-02
-9.979523854075260658e-01
5.956474852828034239e-01
-9.999433260468935103e-01
5.212972149377894659e-01
9.999553597847280484e-01
-7.658283020439546895e-01
-9.974557787422317912e-01
9.978721754712293057e-01
-9.998346437615104332e-01
4.124384473072461033e-01
3.166994693616217993e-02
-9.615994160637197918e-01
8.583790342850238231e-01
1.055134163733152247e-01
9.950503304062842114e-01
5.317577121203136414e-01
-3.766112400660441284e-01
-9.999214156473144044e-01
