2.339587041207094131e+01
-3.965601534035174680e+00
-7.163330925766803858e+00
1.606088618698815473e+00
-2.524343609201928906e+00
1.179539779694290935e+01
-1.145223164278754480e+00
-2.797810919863307877e+00
-8.455370604461632800e-01
8.547562190835758855e+00
-1.514093096658970339e+01
4.566949093344708999e+00
2.743854741154236443e+00
2.828182134357590805e+00
8.005431483944185800e+00
5.597183534100214075e+00
-7.134981139778181713e+00
-1.160911923537974744e+01
9.125259539542012188e-01
7.882809509826132377e+00
-1.142291007586528728e+01
1.451418097307623789e+01
7.910055304535751119e+00
-1.313758913405030171e+01
-6.186385918277165885e+00
-3.035277482905793800e+00
-3.929635638144585386e+00
1.832489764152148037e+00
1.242598990134060166e+00
-5.454384939139101718e+00
1.592572415439215128e+00
-4.347327038586320747e+00
7.183961301206633010e+00
2.746821039455393243e-01
-3.697068560749326327e+00
5.036435351020452700e+00
-1.059979318369405732e+00
7.173149289200533296e+00
1.978166891839850949e+00
-7.988364149909762624e+00
5.267842963848677229e+00
5.794641118471134611e+00
-2.190616171225685704e+01
-1.161026640188836545e+01
-6.966855963878108682e+00
-2.524329414126592397e+00
8.843757489662827709e+00
-6.638255087784527220e+00
7.829544415953201053e+00
-5.157185327615746218e+00
