1.505695380116085280e+00
7.880413001038955478e+00
6.216739427136168672e+00
5.383443750792062943e-01
0.000000000000000000e+00
3.936926596635490494e+00
0.000000000000000000e+00
4.770474981902806277e+00
0.000000000000000000e+00
0.000000000000000000e+00
3.031408575776797676e+00
1.884877865336520020e-01
1.025124251227964800e+00
0.000000000000000000e+00
2.400099529386134911e+00
2.885986403949890367e+00
6.766674708428269680e-01
0.000000000000000000e+00
0.000000000000000000e+00
0.000000000000000000e+00
1.012230858938414357e-01
2.194624102637669161e+00
2.921424179269855870e+00
0.000000000000000000e+00
0.000000000000000000e+00
0.000000000000000000e+00
0.000000000000000000e+00
0.000000000000000000e+00
0.000000000000000000e+00
5.284901124900699187e+00
6.989883891584294240e+00
2.170284358907096145e+00
2.795516450112513596e+00
8.371514442290600044e+00
0.000000000000000000e+00
0.000000000000000000e+00
3.573487783274591045e+00
0.000000000000000000e+00
0.000000000000000000e+00
4.729021774713524917e-01
