-9.999792182785280925e-01
-8.990847397098657989e-01
-9.785813451928276896e-01
-9.999634584219389000e-01
-7.674295878118234659e-01
6.987422682351146497e-01
9.999882781879563254e-01
-7.407247867991449963e-01
-9.996564562026443168e-01
9.999999745976156929e-01
-9.999261876951826000e-01
-8.267691164669858234e-03
8.658411778159539329e-01
-9.946451662996137477e-01
-1.949474560049110072e-01
-1.670343642871114850e-02
9.979196519873199112e-01
9.524432027875778806e-01
7.306178404987957453e-01
-9.988833060332624747e-01
