-5.737286761320598671e+00
-1.467423087750230781e+00
-2.262936556148240186e+00
-5.455094365165143344e+00
-1.014044266256692861e+00
8.648386319631340413e-01
6.023600247084917925e+00
-9.520833764219496231e-01
-4.334585672558771918e+00
9.090784984031710536e+00
-5.103547691019694632e+00
-8.267879550959977841e-03
1.316221462893272243e+00
-2.960110901799930083e+00
-1.974749730982577889e-01
-1.670499013506384495e-02
3.433663275336508391e+00
1.857456032148802283e+00
9.300513591358420262e-01
-3.744985725965155776e+00
