4.999685632499774712e+00
4.827388430594801605e+00
9.482692120675327629e+00
5.039407967500009633e+00
-3.083718168293975381e+00
4.179602940817377821e+00
-2.491073647775595923e+00
4.209275034568719320e+00
-5.105301369029229264e-01
-2.624962962746228978e+00
3.530481715000715059e+00
-6.493878070510425982e-01
2.116947599555726089e+00
-3.757809201414526790e+00
2.928732842020892235e+00
3.520415840186083223e+00
2.124095116108273285e+00
-7.604598604121273198e-01
-3.437674130881154699e+00
4.090452828737808355e-01
-7.608857992996487241e-01
2.075019252147150883e+00
2.869300099477346322e+00
3.696473114788272341e+00
-7.511520817924932647e-01
-4.594260593210122146e+00
-2.184727635523437073e+00
4.583070940729705445e-01
-3.882441006116394533e+00
3.794621250500427312e+00
2.945563488671049335e+00
2.457248176579437171e+00
2.527066019334304414e+00
5.960323148013596528e-01
-5.139812283559436423e+00
-7.915356980727273672e+00
3.357666330059395854e+00
-1.580480571458205530e+00
-2.551757139275714792e+00
-5.063969004336928315e+00
