-3.569092916453380226e+00
1.689412000686713489e+00
9.520176477728060860e+00
2.446997594995773184e+00
-3.455773182999091642e+00
3.267605305516312342e+00
1.824747738132144415e+00
6.849439756255987888e+00
2.023078521947016206e+00
3.223521584823451747e+00
4.204734532304931882e+00
-4.352279856489718490e+00
2.634658127326626187e-01
-1.160360077663986544e+01
-2.298508157927692253e-01
7.546531066758014994e+00
1.697289936748838990e+00
3.706820728346745142e+00
-3.139781864337512829e+00
9.183458783429687688e-01
4.102388705541408775e+00
-2.921583427277552936e+00
6.602315445146984985e+00
2.549575656464879270e+00
-1.094173745749151827e+00
-6.198445400661394267e-01
5.697062855537669890e+00
1.109669719612152328e+00
-4.260811041455603743e+00
1.586827872677085915e+00
6.389424395757340669e+00
3.456711100375229773e+00
2.736654506430600264e+00
1.058555333740497417e+01
1.955859193050411005e+00
-8.711112460239299082e+00
5.495186443386872455e-01
-2.346431427320494478e+00
9.727106288200945139e-01
3.571647507079843908e+00
