6.613419811550362848e-01
4.843956519834094365e+00
6.897987012947650598e-01
8.601280197546465445e+00
4.366520293751127824e+00
-3.783897990690711644e-01
-4.727052669474873237e-01
6.318036651525384073e+00
-4.253168126795355164e+00
-3.327913125687636864e+00
1.505115465996541779e+00
4.006976398409914708e+00
1.360678676825240352e+00
-5.039173970815173931e+00
5.066986422636919896e-01
6.887468044670439937e+00
-4.190799719760703868e-01
-2.085758869146158379e+00
-4.300237650761085106e+00
7.685251748545729455e+00
-4.708707594187416134e+00
1.075582963571029671e+00
5.749781361001385704e+00
1.066271007513252478e+01
-3.886899027241415450e+00
4.047213048691104653e+00
-1.317640904890583720e+00
1.165717980235153384e+00
-5.799830716104483308e+00
1.024822348894112167e+00
2.149516784029349648e+00
6.272082969524642948e+00
8.607783275824601787e+00
1.758302714360512553e+00
4.425455598710682281e+00
-1.004997493119962471e+01
4.560459023176873572e+00
-2.235343591002399766e+00
-1.411576307486824433e+01
-4.764691502861142958e+00
