3.718991395955466572e+00
2.577325963320498126e+00
3.887484002948005557e+00
4.764840092291770191e+00
-4.070215488627493827e-01
-5.192597801692977910e+00
-1.732656839195781062e+00
8.631329490956712647e+00
-5.724788956532699480e+00
1.384162332929215644e+00
1.246544191972365656e+00
3.273324350547769601e+00
-6.029162779288756546e+00
-1.072184755905447773e+01
-2.152116728553971736e+00
3.572619027022386540e+00
1.317760139625326676e+00
-4.433977612694970927e-01
-2.158728756968896878e+00
6.013563870270044021e+00
3.056714126297213951e+00
-1.075975731545213421e+00
1.052693569611713365e+01
-8.281033042587280235e-01
6.540747649370959316e-02
7.125998813879719229e+00
5.864078592820229474e+00
1.742691478830278751e+00
-5.699394036963035148e+00
1.367071474881405235e+00
6.646656191363677024e+00
4.482248640545302365e+00
3.380403395480990447e+00
8.287486947594596032e+00
-1.952616470320890585e+00
-5.422608616189218189e+00
1.918243885086309941e+00
-1.375573462232695165e+00
-8.588299206232356653e+00
-2.999707566783429868e+00
