-9.999587195835231146e-01
-6.904840045554627714e-01
-9.163847463959234885e-01
-5.960516867596393070e-02
-2.136290899092774531e-01
-9.953100454277440390e-01
9.999817701026597616e-01
-4.258817099466767342e-01
-9.989547365359900954e-01
9.999999999916544535e-01
-9.999836828143255918e-01
-9.502993828466897996e-01
-9.694715773975777218e-01
-9.997952487042155445e-01
9.954144412557185406e-01
-9.898058501650532914e-01
9.313856154580721913e-01
9.998019268654753100e-01
-8.241773834461136872e-01
-9.999452144472017467e-01
