3.137315787681120849e+00
1.053835630300895110e+00
8.315937127355484293e+00
-2.806137439852640636e+00
4.456324427672521793e+00
-5.322411455362948907e+00
-3.227275079595520957e+00
4.791240861728692124e+00
-4.348250368705846469e+00
3.389513568838787627e+00
-4.901178743783513703e+00
7.518722210982998533e+00
3.983776986910790185e+00
-1.637566485313669773e+01
3.094871794491498740e+00
-1.001654395392325902e+01
1.333190675686142690e+00
-1.996541221567697733e+01
-6.885055203364057519e+00
-4.558500641823918897e+00
-7.790410831290145666e+00
1.266083459829724411e+01
-1.537837719847676476e+00
3.053366429974565310e+00
3.260839630209863671e+00
6.572084378202017518e+00
-3.296197639263089840e+00
-2.086340604682303201e+00
-1.768073776434677002e+00
-3.356516917905499664e+00
-2.448127517903325767e+01
-1.149955348920298492e+00
-4.490842535085190157e+00
-4.373309409589525742e+00
4.970185091543285694e+00
-4.948018117703339769e+00
-3.471770787648110534e+00
-7.533773339638545785e+00
-4.555757361902711189e+00
6.037302874660560592e-01
5.127669054270417304e-01
5.431860878133362824e+00
3.523630971458984185e-01
1.108406777726264636e+01
-1.000354785357595944e+01
-8.750927860977149031e-01
1.954158821758738007e-01
1.160316578882413019e+01
4.168566381966455126e+00
1.941482645498411941e+01
