5.542447961729490835e-01
1.295807419822162965e+00
-2.318689178088205960e+00
-4.510863097128241961e+00
-2.436543944267697270e+00
5.702988363187044829e-01
-2.801265359595898730e+00
9.541613282520913231e+00
-8.914667546599581271e+00
6.648352426312246877e+00
-4.857047003433852872e+00
-4.463865751078685662e+00
7.201774729933465125e+00
-1.484990468942970043e+00
8.609764986134109677e+00
-8.509062485299347500e+00
7.807350560284405105e+00
-1.544322722462048958e+01
3.556339418266948549e+00
-3.450853101265598966e+00
-1.425988204705774365e+01
1.740558926221426717e+01
-5.547591285737830447e+00
1.916992447116464104e+00
-8.352564669134398656e+00
2.923081153360148399e+00
-2.461177248260680628e+00
6.464147039912279347e+00
-1.754500595594750800e+00
2.833384313201718907e+00
-1.176198681516715183e+01
-1.160633346493915141e+00
-9.669461493158312271e-01
5.302310259588172592e+00
1.066749911103222992e+01
-6.414169880461337847e-01
-7.518925381832016086e+00
1.849725637040084969e+00
-2.430594178584565945e+00
7.501947663695893276e+00
-1.223499789021165185e+00
9.901655349245686466e+00
-9.115951001445560919e+00
-5.265951457567990879e+00
-2.443268541249478787e+00
-6.929466264400584663e+00
1.023333695185875669e+01
3.389560668817293454e+00
1.740836825207475869e+01
9.224122079279934994e+00
