6.708191516312159486e+00
2.616483613527662566e-01
1.298167152923162870e+00
-6.257326118883844712e-01
4.675644905050162059e+00
5.717668260351348231e+00
2.808365915667882184e+00
-3.907942807596285206e+00
-1.506447930440232508e+00
1.260322166169668101e+01
-6.923636108976006120e+00
-2.613053568689785777e+00
5.996954204415187561e+00
-3.644696838260124583e+00
1.411106025255464402e+01
1.508323810868417159e+00
-1.727534766443391590e+01
-8.049493108654097728e-01
5.116828746509830772e+00
5.817195688437372780e+00
9.100982089415772691e+00
9.657350859085793715e+00
-1.681709192601438829e+01
-1.169242946162844410e+00
5.636199762304869854e-01
2.764575506624751711e+00
7.796441503312114385e+00
9.372124379228191415e+00
1.106149283177895093e+01
6.212165867441237666e+00
-4.011479085913376430e+00
-1.557409491771892185e+01
5.677445490836517950e-01
1.754502608717393741e+01
-5.941499023240695898e+00
8.239406224601454554e+00
-6.888029786968980162e+00
4.807872148665707890e+00
7.897456837390794959e+00
-8.214380574750254738e+00
-1.230202427269226906e-01
2.370545009373270062e+00
-3.577045716567266886e+00
-7.496674342037694672e-01
1.677462588964468981e+00
-1.097090371862952196e+01
-8.928715269981093439e-01
-3.460273814646157575e+00
-7.642064163767744667e+00
-5.619496151033413156e+00
