-9.997452633803575184e-01
9.767896212784236143e-01
-9.999859507622447241e-01
-2.967493870297957526e-01
-9.713831428016838077e-01
-1.947600835614353987e-01
9.998886271446688623e-01
-9.897554041627120158e-01
-9.997058956944325780e-01
9.998938707861678710e-01
-9.997277464186818952e-01
-9.922649756338105531e-01
-9.743348176896277080e-01
-9.963860180392505317e-01
9.876968996757595765e-01
-9.930304695573259899e-01
9.719817264895387332e-01
9.847769685329523792e-01
-9.806229810690895166e-01
-9.999983969987353838e-01
