-1.199997473003893145e+00
-2.171347186581511934e+01
-1.315099245141408879e+01
3.810580689661632192e+01
-4.436130294012207287e+01
1.470490469542041900e+01
2.883991811153660834e+01
1.513779613014497905e+01
2.099399466800416647e+01
1.882505718223644209e+01
8.312718522037583213e+00
-1.937243849195873580e+01
1.488615861511574678e+01
-3.657043715159838371e+01
-1.338071394410777692e+01
-4.672947706764225728e+01
-1.430905221574915309e+01
3.716365189297158533e+00
-1.533876204477173744e+01
-9.546348066553360212e+00
-2.456149396737772150e+01
1.366070714333459257e+01
1.625518353266066995e+01
6.561489268187653545e-02
1.455637766094169372e+01
-8.902200771625116360e+00
4.741694731667538854e+00
-4.064847668956895532e+00
-2.918544695077006779e+01
5.844326763740974151e+00
