0.000000000000000000e+00
7.094678819430320083e+00
7.788425417570755016e+00
1.646086604918623797e+00
1.363926904291760334e+00
3.592533886384434272e+00
0.000000000000000000e+00
6.940837323226842770e+00
0.000000000000000000e+00
0.000000000000000000e+00
3.750028739501510611e+00
0.000000000000000000e+00
1.173548532546157125e-01
0.000000000000000000e+00
7.728476938862268719e-01
4.324473970531943934e+00
2.548377229497427621e+00
0.000000000000000000e+00
0.000000000000000000e+00
0.000000000000000000e+00
3.330695632784914650e+00
0.000000000000000000e+00
2.215358070385423428e+00
7.262718197418541521e+00
0.000000000000000000e+00
0.000000000000000000e+00
0.000000000000000000e+00
2.645207050571042329e-01
0.000000000000000000e+00
0.000000000000000000e+00
1.643486690232645486e+00
0.000000000000000000e+00
3.471766400977811529e+00
8.064176449317546513e+00
0.000000000000000000e+00
0.000000000000000000e+00
2.107078255659841082e-01
0.000000000000000000e+00
0.000000000000000000e+00
0.000000000000000000e+00
