2.089043459039456607e+01
-4.440070566208502711e+00
-5.626685517060084685e+00
-1.476799966773201911e+00
-6.623532640753556855e+00
1.941161104578106134e+01
1.289786047860267626e+00
-1.184855365268302840e+01
6.512133736731736677e-01
-1.160173443248307734e+00
-1.291136283419363195e+01
2.212143862252599735e+00
-1.667775267043375420e+00
-3.166139706200840731e+00
6.041675262833760662e+00
5.910124901860623226e+00
-1.530802313010619997e+01
-2.043484339765952118e+00
4.330496263036902604e+00
1.086440925467654317e+01
4.575236052552665633e+00
6.027009198835571624e+00
1.217809449114574250e+01
-1.269385604445075622e+01
-3.947631828604426296e+00
2.206220147412483623e+00
6.782317427475146321e-01
2.939101767444646462e+00
6.356702953832330749e+00
-1.819308779144679811e+00
7.814341542356054937e+00
-1.333685670985701499e+01
5.952223074692236437e+00
6.852503053692541535e+00
-3.651154475606575467e+00
7.329466201411133142e+00
-3.153551788524162625e+00
3.123569331591638409e+00
7.972325345145943043e-01
-1.177581276071773431e+01
9.584406829687530660e+00
4.588173309191585503e+00
-1.465526795028643292e+01
-1.057733895228559717e+01
-9.381042432164806044e+00
9.799270786048367654e+00
7.285750884371136049e-01
-3.168757560588815636e+00
-3.760737399537476655e+00
-7.715799996010462181e+00
