-9.999987844404223392e-01
8.846478378702195000e-01
-9.550071736070784301e-01
-9.951443701383775320e-01
-9.854478003217516102e-01
-3.144200121671148485e-01
9.988467424256006755e-01
-4.904602308880642858e-02
7.872834354063018569e-01
9.777414787299887333e-01
-9.999958184998275490e-01
-9.998685697875894229e-01
-8.865239132547099166e-01
3.644145961632350161e-01
9.999549314274905898e-01
9.731382125672413119e-01
-8.082653059108801941e-01
9.991593404668539513e-01
-9.999492495465061026e-01
-9.999955142835003086e-01
