-7.156726301108098376e+00
1.396753265246001741e+00
-1.885823039102479948e+00
-3.009166432366315203e+00
-2.457928798477182042e+00
-3.254428071749024265e-01
3.728867526566787660e+00
-4.908540688596985113e-02
1.064245757652245272e+00
2.243492945801099481e+00
-6.538992786344888231e+00
-4.815058007308396171e+00
-1.405449545029648473e+00
3.819671391679163586e-01
5.350225020264616660e+00
2.148337910202758660e+00
-1.122005327670716701e+00
3.887025289062731925e+00
-5.290855904626496020e+00
-6.503878629115647847e+00
