9.999774605722974163e-01
9.457397410132525328e-01
5.878408222345904823e-04
1.857193566434340643e-06
5.976181495928017257e-02
9.999999559296860463e-01
6.130457715474079555e-02
3.879691068470455390e-02
1.573891910968764629e-01
7.634059506310365562e-01
2.315348675594138716e-05
2.162314542972973430e-01
1.722301505373544789e-02
9.998691577178396850e-01
9.707637268801827535e-01
9.979154576985252989e-01
2.841517727968295021e-03
3.103792630643745307e-03
5.829265470120795212e-02
8.039348825096781503e-01
1.025495018401948177e-01
9.999999506075565314e-01
9.999911164585564283e-01
7.155987786370073061e-06
1.550491881956697453e-02
8.848846938932007911e-01
7.584725303701472798e-02
8.591755568076565597e-01
1.646928904616674627e-01
6.861826973180988887e-01
9.997655305676143023e-01
1.019030849360587484e-03
9.999981060340181749e-01
7.646185100561526671e-01
6.807863594226161164e-01
2.964197583818108453e-02
1.585515228780068342e-02
1.005850748673242090e-01
9.554574516554628083e-01
1.237900933531756839e-06
6.860931595691338591e-01
5.996047458577122846e-01
7.494378620682545430e-07
1.888917023803830537e-04
6.488556281401726064e-03
9.060718758192547462e-01
9.662058744423326351e-01
7.092647489950204553e-01
9.866569790761763326e-01
2.337757428666919045e-06
