9.995259569642804820e-01
9.982759808932637480e-01
6.106616272562851886e-04
6.230609494721652116e-05
6.778011375823175810e-02
9.999978962570679197e-01
3.905647549121489970e-03
4.351028002083735585e-04
2.189434454734191793e-01
9.933331287727975578e-01
8.109274212137132582e-06
9.999738794422632360e-01
2.362523007826868027e-02
9.999984513265033348e-01
3.885343992391145918e-01
9.999700741164495588e-01
2.175508286711180251e-06
7.782691521733129392e-01
4.645467378581868423e-01
9.301168941342280450e-01
9.166762350204255005e-01
9.999869223195348988e-01
9.999985663930837099e-01
3.830233971188096972e-07
1.703007349936951909e-01
1.377025724698732224e-02
3.029398929126504020e-04
7.653153249103794575e-01
1.793282862714027093e-01
2.506268657334091536e-03
9.996163704763749713e-01
5.278601568142505000e-04
9.999981318946444819e-01
9.996241122042035521e-01
5.514818251786873793e-01
1.537549103689674415e-02
9.676875116413211630e-01
9.982615052676827583e-01
2.180451837170037099e-01
1.835741781489632068e-04
6.846801921257493762e-01
8.973054545313274843e-01
3.755390064062921386e-09
1.529634228371239135e-02
1.140519592243958019e-01
9.814394632509338967e-01
9.932008172605230056e-01
3.399705725500672404e-01
3.542953233128299378e-02
1.792213095734427312e-08
