-1.683100549405605051e+00
1.175510346528318095e+00
-2.277319905178226023e+00
7.652264942939264181e-01
4.904110581216077902e-01
-1.520040069507775371e-01
4.929366155496297530e+00
-1.338973820300865647e+00
-4.593005479018195558e+00
7.781447638321722593e+00
-4.752692391147510520e+00
6.540547296458060211e-01
8.645749856491213858e-01
-3.684104374338176058e+00
-7.514540688494331100e-02
-1.390524352682713127e+00
6.124728111500590266e+00
6.805193144277836836e-01
-8.782728994006483436e-02
-5.623547833644897409e+00
