4.885106428821592850e-01
0.000000000000000000e+00
7.960828063100431784e+00
6.891906571374736501e+00
3.013725415652066975e+00
4.250133026220134447e+00
3.092429688081968386e+00
2.529784309028059841e+00
3.249886701300647385e+00
0.000000000000000000e+00
0.000000000000000000e+00
0.000000000000000000e+00
0.000000000000000000e+00
0.000000000000000000e+00
9.583514059343934965e-01
6.148351374652628820e+00
0.000000000000000000e+00
1.720366894767843657e+00
0.000000000000000000e+00
0.000000000000000000e+00
2.090045649647432224e+00
4.089240222593780727e-01
7.848197667139789502e+00
0.000000000000000000e+00
0.000000000000000000e+00
0.000000000000000000e+00
0.000000000000000000e+00
0.000000000000000000e+00
0.000000000000000000e+00
0.000000000000000000e+00
0.000000000000000000e+00
5.456079079751514627e-01
1.824253603076106511e+00
3.495074329424754822e+00
0.000000000000000000e+00
0.000000000000000000e+00
0.000000000000000000e+00
0.000000000000000000e+00
0.000000000000000000e+00
0.000000000000000000e+00
