0.000000000000000000e+00
0.000000000000000000e+00
6.200488875630060903e+00
7.370447864037723562e+00
4.034505855063326152e+00
4.473294639675113871e+00
3.844423731220233176e+00
7.850961863166075361e+00
1.277701368772881318e+00
0.000000000000000000e+00
2.058017522098651408e+00
0.000000000000000000e+00
0.000000000000000000e+00
0.000000000000000000e+00
0.000000000000000000e+00
4.923784791523273974e+00
0.000000000000000000e+00
1.315145779471461829e+00
0.000000000000000000e+00
0.000000000000000000e+00
4.129624926062041013e+00
0.000000000000000000e+00
3.552854131932047022e+00
3.086985709970530234e+00
0.000000000000000000e+00
0.000000000000000000e+00
0.000000000000000000e+00
0.000000000000000000e+00
0.000000000000000000e+00
0.000000000000000000e+00
0.000000000000000000e+00
2.970034482758466599e+00
5.790651955266594264e+00
4.657012282331606023e+00
0.000000000000000000e+00
0.000000000000000000e+00
0.000000000000000000e+00
2.055424805938684152e+00
0.000000000000000000e+00
0.000000000000000000e+00
