0.000000000000000000e+00
9.069150748279162233e-01
4.977476750445062770e+00
9.923903106242393690e+00
6.623310391629584792e+00
0.000000000000000000e+00
0.000000000000000000e+00
3.015829949711542390e+00
2.566327986732519495e-01
0.000000000000000000e+00
5.906801059291049150e+00
0.000000000000000000e+00
0.000000000000000000e+00
0.000000000000000000e+00
0.000000000000000000e+00
9.125397785062590472e+00
0.000000000000000000e+00
1.436582413757757637e+00
0.000000000000000000e+00
1.421566233748916552e-01
2.605136512683394745e+00
3.046688902364594664e+00
3.306854233763398376e+00
9.072502630433776361e+00
0.000000000000000000e+00
0.000000000000000000e+00
0.000000000000000000e+00
0.000000000000000000e+00
0.000000000000000000e+00
0.000000000000000000e+00
4.398180928917066801e+00
0.000000000000000000e+00
3.972040455703949924e+00
8.624068903065758462e+00
0.000000000000000000e+00
0.000000000000000000e+00
1.187048544216138923e+00
2.077592549497171426e+00
0.000000000000000000e+00
3.349115473674358912e-01
