9.906062150421426793e+00
-3.660849299706134374e+00
3.155737524082786294e+00
8.817759702717140158e+00
1.405156372789670760e+00
-5.979627648584051602e-01
7.828985110076093434e+00
7.605977952900916605e+00
-4.534260861196285575e+00
-5.750921514212931740e+00
2.247929431730895544e+00
-4.567105983192654151e+00
-3.356960583555244959e+00
-7.719077976026996524e+00
5.178764761883008383e+00
-1.112114233558930465e+01
4.498364795324341081e+00
5.013135367352781202e-01
3.414666952250877685e+00
2.228950237532721368e-01
-8.949455025949445641e+00
-3.092974572250086318e+00
1.435482888379167044e-01
-6.634298062022760512e+00
8.092832808858267057e+00
5.140473793432950522e+00
2.745952827372154736e+00
2.766813674233419285e+00
2.583148565036817779e+00
5.956575247539337425e+00
8.086351149793822302e+00
5.899992053692426630e+00
6.940141728743604688e+00
-5.671608317919209163e+00
1.317085240203363128e+01
-5.078525872900600646e+00
-7.598639514307800269e+00
1.029517979733515221e+00
-1.035157191711557445e+01
1.271551329892573801e+00
3.657088670247321538e+00
6.229367600700497221e-01
3.664084479265572014e+00
-9.220059597297645126e+00
1.085100095924939279e+00
4.673493219070987692e+00
-4.458763858547994396e-01
3.952753326612015172e+00
-1.035843629966474833e+00
1.425076210635365115e+01
