-2.791252351274667642e+00
-1.568567318428137902e-01
-2.539785146262731885e-01
-3.203201211235432222e+00
7.465940373098972627e-01
-1.730326981368968564e+00
5.981732399654468679e+00
3.379129900639563644e+00
-3.402411248585330839e+00
1.055566075559504746e+01
-8.749653887608880964e+00
-3.657309891832866811e+00
-3.624564929905749189e-02
-7.703127458805889560e-01
2.056329282746480747e+00
-2.787090291531963526e+00
6.221579962634756100e+00
2.795938348501229243e+00
3.191277735632713775e-01
-9.173825420359913441e-01
