-9.999852037596637100e-01
9.703347013918419695e-01
-9.138663263206192600e-01
-9.350486646295038673e-01
1.129293656360363801e-01
5.459269006976968930e-01
9.979452297274384875e-01
9.997293734449269609e-01
-9.997663865445759468e-01
9.999999970135027283e-01
-9.999745620968520932e-01
-9.341242428876097570e-01
-9.714221555338770075e-01
-9.885308080178069057e-01
9.655553147239730460e-01
-9.993051076773729058e-01
9.985194133635327818e-01
9.854341675049202998e-01
-9.991134292008948536e-01
-7.391340085073258015e-01
