1.442167259108344951e-02
1.461700267740491963e-04
3.714604227356901357e-03
9.999999996755684073e-01
3.300178331995455825e-15
2.940138195269185739e-01
9.999999999980297982e-01
9.999967138628103047e-01
9.999999995355355331e-01
9.999999775872271401e-01
3.363095819328409952e-01
4.098126346233292624e-06
9.965449126701824145e-01
1.802692508725461246e-02
2.331007612115958949e-07
2.947280309852985301e-16
3.612663403183690586e-02
8.510279114194158057e-01
9.928468108976964412e-01
9.999823383602249871e-01
2.051706300289946308e-16
9.999840069973929824e-01
9.953014987023812710e-01
9.803789735666589289e-01
9.999997807685320206e-01
9.975629421991508705e-01
9.996648432647405880e-01
1.510013079625509140e-04
6.998133559489533761e-15
1.386861253935970642e-03
