-8.089988531145227979e-01
3.920593226828624989e+00
-3.566787021666216084e+00
-1.794452843972660805e+00
7.869724262800618098e-01
-8.827285723527483752e-01
4.682177917685580226e+00
1.140379943550414277e+00
-5.402614268051147306e+00
7.587627466834629075e+00
-4.318500853586814792e+00
-8.379632320941742263e-01
-1.399938280811341418e+00
-2.172210880034359359e+00
2.429878553190290003e-01
-2.892031796381783426e+00
4.421814752808847615e+00
1.390961277490133430e+00
1.199279390108680676e+00
-1.361999771360395739e+00
