1.806234084675667484e+00
1.131653447021204295e+00
7.197884371912779411e-01
5.315221167892872245e+00
6.633444399657013157e+00
7.771521210780882871e-01
0.000000000000000000e+00
3.801359125515576309e+00
0.000000000000000000e+00
0.000000000000000000e+00
2.315421004486503787e+00
2.554357335319919819e+00
0.000000000000000000e+00
3.523704728072055037e+00
0.000000000000000000e+00
3.271329188477131167e-01
0.000000000000000000e+00
0.000000000000000000e+00
0.000000000000000000e+00
1.355694958360096791e+00
1.477607824493158084e+00
2.975324822961536331e+00
6.652131982896992923e+00
0.000000000000000000e+00
0.000000000000000000e+00
0.000000000000000000e+00
0.000000000000000000e+00
0.000000000000000000e+00
0.000000000000000000e+00
0.000000000000000000e+00
0.000000000000000000e+00
5.045714164119434741e+00
5.448397196444619617e+00
5.874155134918915167e+00
2.243412896698736780e+00
0.000000000000000000e+00
0.000000000000000000e+00
0.000000000000000000e+00
0.000000000000000000e+00
0.000000000000000000e+00
