2.897081407329942091e-08
6.080639185413740639e-10
3.203841150509380699e-04
9.999999999783479865e-01
6.047610647206537449e-13
9.999796094872911434e-01
9.999999993231771800e-01
9.999864496425774352e-01
9.999999999591908662e-01
9.999998411701002121e-01
9.999588542230946064e-01
4.598567145415096433e-04
9.999900063901021596e-01
3.407332428974853473e-06
5.189030978929845897e-03
5.762576725484919406e-17
9.343871842079619627e-01
7.318162740311656852e-08
1.068886210357015918e-08
7.878020813612086615e-01
3.340973605731152568e-11
1.047986776479817392e-14
9.999966941195143066e-01
7.970182463558582731e-01
9.999993364849250055e-01
9.993174100548367633e-01
9.998232372731358231e-01
1.880629853810892801e-02
2.903775884784617760e-07
9.999999914416489721e-01
