-2.249157403815167555e+01
-6.516636104473532143e+00
-1.797780319831656470e+01
2.956755208178095273e+01
-3.763769166701541735e+01
9.208113733207387241e+00
2.284092902434508332e+01
1.277466149941380991e+01
8.147576018971093958e+00
1.407962715457105496e+01
4.694351724362698874e+00
-3.233203058947618835e+00
-5.164839208218584332e+00
-1.572942197535763320e+01
-1.238575262968017121e+01
-4.011890277894407575e+01
-6.136026538946497411e+00
-8.294872784729099280e+00
-1.016104860431616075e+01
1.945150955481073085e+00
-2.274716016346846459e+01
-1.227953297918077524e+01
5.042696086791951693e+00
-1.754076903650360619e-01
1.212121477985262352e+01
2.825449752112533019e+00
-1.180113490761526052e+00
1.595588564395189479e+00
-9.197358667931903042e+00
1.523201423087117234e+01
