-1.310257714662990303e+01
-4.240714684147418367e+00
-3.563796973099324084e-01
-1.804848087433652104e+00
-5.113082973305824730e+00
8.616767965278848251e+00
-2.199511803783830821e+00
-5.859618384605116859e+00
6.220636516422955786e+00
-4.919686284447040592e+00
7.895938142067898680e-01
-5.914705402275059143e+00
2.989952716047952208e+00
3.964603295652456616e+00
7.484535963049427032e+00
-1.037461493625170039e+00
-2.238273152797184196e+00
9.582557294903457645e+00
8.978074022134034493e+00
1.346872391864494389e+01
7.021239263779242457e+00
-9.388263323496698121e+00
-3.311585419977947975e+00
6.871310008269826408e-01
-8.637049929633595635e-01
9.390703399596308287e+00
-8.698163821905644966e+00
6.454722008819964607e+00
4.315944375699823254e+00
1.062247413283268749e+01
1.953810446553977442e+01
-1.072472125662137898e+01
5.880073435403453397e-01
-2.499797407475242039e+00
-5.798302598071735758e+00
7.270078550852689503e+00
4.877060990222311432e+00
-6.638266202914717695e+00
-3.061299387239397873e-01
-5.550488989173850918e+00
3.191871437106653886e+00
3.034110842135271824e+00
2.805105658527624612e+00
4.031036470038637631e+00
-5.650534546109160061e+00
1.192298115404881997e+01
-1.154132135580061203e+01
-4.488634308547203577e-01
-4.120979041382555330e+00
-5.109515266985336979e+00
