-2.188200329270800992e+01
3.534811694271169369e+00
-1.576294330294089541e+01
2.382937605482295140e+01
-4.564118146893839878e+01
8.325994887315010473e+00
2.805715860224122693e+01
2.487773592731296279e+00
1.251155376155957555e+01
5.062757482717642254e+00
5.103486947676197261e+00
-2.842074145386465389e+01
-4.207102187020014483e+00
-1.713310460639509358e+01
-2.189888275228953418e+01
-3.398140750117563158e+01
-1.582552845269961317e+01
2.327794349224149073e+00
1.141313767125850420e+00
-9.393077535742678563e+00
-2.642902449091429418e+01
-4.948658645531338607e+00
1.468947183557741809e+01
-1.211640611821599123e+01
1.958943428910010454e+01
2.105180931233538555e+00
6.392105890297537840e+00
9.848269206177615587e-01
-1.963359961367551776e+01
7.826216488715825648e+00
