5.010681945789957403e+00
1.704554182885556601e+00
6.570090414042261351e+00
1.812638733029625415e+00
7.014331973244902763e+00
9.847697800758421494e-01
0.000000000000000000e+00
1.827510832644597460e+00
0.000000000000000000e+00
0.000000000000000000e+00
3.255567476245583958e+00
5.182246419073130994e-01
0.000000000000000000e+00
1.516488635554825049e+00
0.000000000000000000e+00
3.619671950511382796e+00
0.000000000000000000e+00
0.000000000000000000e+00
0.000000000000000000e+00
3.129016844557215293e+00
5.339383363822399531e+00
3.567722317574193891e+00
1.669933974354673056e+00
0.000000000000000000e+00
4.221756659358901764e-01
1.760340593668004994e+00
0.000000000000000000e+00
0.000000000000000000e+00
0.000000000000000000e+00
0.000000000000000000e+00
0.000000000000000000e+00
0.000000000000000000e+00
4.838251904964278260e+00
7.562252211020605408e+00
0.000000000000000000e+00
0.000000000000000000e+00
0.000000000000000000e+00
1.686674737620041942e+00
0.000000000000000000e+00
0.000000000000000000e+00
