-1.649526989756758155e+01
-2.077761051631730638e+00
-2.618939195882731497e+01
2.827029388575382995e+01
-4.629224404911456503e+01
3.850694572160940243e+00
1.987360785748944636e+01
9.200648486833079787e+00
4.877535240055300925e+00
7.337364863222172850e+00
3.827797166733711176e+00
-2.346349163657478343e+01
-1.575789254006630102e+01
-1.069421339076404820e+01
-1.951383995162855456e+01
-3.318565578211875788e+01
-8.191790378613893253e+00
4.667466844244244406e+00
-1.301651484746640275e+00
-1.044063130133169182e+01
-2.617765658937504725e+01
-1.437939754579641072e+00
8.492150818211127827e+00
-1.644654797660612644e+01
2.914915706985025778e+00
7.403458766792496704e+00
8.127622435298377468e+00
1.102449486018009850e+00
-1.482379250075137200e+01
4.138835270145087009e+00
