9.941486064796127842e-01
9.192282491213632565e-05
1.105338949237083014e-03
1.000000000000000000e+00
5.407160075853942746e-21
5.197024573138104967e-06
9.999999999992754685e-01
9.999931408611830719e-01
1.000000000000000000e+00
9.972757014928949060e-01
1.785462325673707953e-02
3.250725715768200000e-16
1.561482349673839047e-05
5.279066096219626678e-03
2.409253536742700349e-10
1.743299466592277202e-17
9.992192291159264217e-01
3.281609207030568021e-01
9.999995609229406224e-01
1.773006455857700477e-03
9.330903368662052542e-18
9.998610449411990952e-01
9.999936389113216473e-01
6.242151581190799048e-01
9.999999999996369571e-01
9.999729734673357129e-01
9.999949303545270229e-01
2.362494563399203609e-05
0.000000000000000000e+00
1.458464944141953231e-03
