3.679656963114004142e+00
0.000000000000000000e+00
1.140541808757820519e+00
7.891636903492779354e+00
6.385704699567045672e+00
0.000000000000000000e+00
0.000000000000000000e+00
0.000000000000000000e+00
3.147862540605574022e+00
0.000000000000000000e+00
1.677900389536229664e+00
0.000000000000000000e+00
1.512987456011469334e+00
0.000000000000000000e+00
0.000000000000000000e+00
8.011190627641697759e+00
0.000000000000000000e+00
0.000000000000000000e+00
0.000000000000000000e+00
4.240326485266844969e+00
0.000000000000000000e+00
7.064907749389197633e+00
2.172630526127552475e-01
0.000000000000000000e+00
0.000000000000000000e+00
2.831892621555173184e-01
0.000000000000000000e+00
1.949799725273871687e+00
0.000000000000000000e+00
1.786556109729282138e+00
0.000000000000000000e+00
3.319972318215039575e+00
2.232103850305357629e+00
5.986297122156005734e+00
4.003609527674204749e+00
0.000000000000000000e+00
0.000000000000000000e+00
0.000000000000000000e+00
0.000000000000000000e+00
0.000000000000000000e+00
