2.708221557858296286e-06
8.735473326393410343e-01
2.043765391105434662e-02
9.098403834366547427e-01
1.688688417520090579e-01
9.133133096684890005e-04
1.588325273183162703e-02
5.423248765286312056e-04
9.996803932420960104e-01
2.773187851001759387e-03
9.998423165029870496e-01
3.604814370678878221e-01
2.847165808806736628e-02
9.999996125517169876e-01
8.185328961921447405e-03
1.754350647807714422e-02
9.968097340128639905e-01
9.999865004951489222e-01
2.323249849948373288e-02
1.579073351101658793e-02
9.999916951178035029e-01
5.889310859249980226e-03
9.991186909856493159e-01
5.897248658655486605e-04
9.999884695340390817e-01
7.863766327796294364e-01
1.356563795029586302e-03
9.987498976290849484e-01
5.384780078101915161e-04
8.612180056943972151e-01
9.999999943477468900e-01
1.281848744690363417e-01
7.742250070558006625e-01
4.142012584767314903e-03
3.816239697467275205e-01
1.079146307326855903e-01
9.676496061191023346e-01
4.911992504276242455e-01
9.985979692103267302e-01
9.975738212114890757e-01
1.724784881280225918e-02
3.231705967740657326e-01
8.013936850349847544e-04
1.514181002991993319e-02
9.066340341898162514e-01
9.999870411185407537e-01
8.833813388064927670e-04
2.699592688238273280e-02
9.659329329788458596e-01
1.727157030740838909e-03
