-3.835703270391495057e+00
1.511465806312410010e+00
1.135651062137102318e+00
6.419708129171031175e-01
-2.170909259189806484e+00
7.989792871229568494e-01
4.957616115800774104e+00
-7.429422701902621551e-01
-1.488307245489774999e+00
3.337833983989650033e+00
-7.765775035268677406e+00
-3.160641662284231046e+00
-1.395692058376884814e+00
-1.270512398014713273e+00
4.663755575980507828e+00
-1.905290492897227628e+00
3.361894012023971978e+00
6.011763241098153077e-02
-4.389886278758985960e-01
-2.563872712693190170e+00
