-9.427201011440173417e+00
-4.408182371289418811e+00
-1.944617356101217354e+01
2.976474812688400107e+01
-4.243841942304256065e+01
-2.318769335048751934e+00
1.539297305363353452e+01
1.790128369690084043e+01
3.225347755362530222e+01
6.573579501837467198e+00
3.786824155700246219e+00
-2.394503804194998153e+01
-2.925321585965736215e+00
-2.652925605406614373e+00
-1.716350038439173531e+01
-4.241850658985074318e+01
2.025509562402359975e+01
-1.490984243024903932e+01
-4.852776947929259954e+00
-1.258568910236783722e+01
-5.194188731553917648e+01
-9.931375894313488217e+00
1.290132381320184329e+01
-2.668110783578336420e+00
1.305678233946884959e+01
1.049065101672251110e+01
7.762965706104446362e+00
-1.518419215905827002e+01
-4.546836283369400888e+01
1.129402606680783094e+01
