6.609959744059018538e-02
6.461861466984708448e-04
5.320127189527633638e-01
9.999983572177075786e-01
7.272216927001772246e-01
1.885671466613444495e-07
9.624208676124907935e-01
8.911455772871360592e-01
9.998212399217963897e-01
6.621619817168103477e-07
9.998038742624604236e-01
6.126946654085455024e-02
5.438052272920546916e-03
4.475766034942388893e-01
4.443180146745743917e-05
2.336935346782540932e-02
9.999993577907736464e-01
9.999943102192568878e-01
1.030114412451619432e-04
3.200237451954417167e-02
1.522556801915413982e-01
7.244476589844253241e-08
4.528773011236323920e-01
9.991350153477884799e-01
9.999229155775315458e-01
2.477807995242439776e-01
1.529548853542742060e-03
8.818721473856605542e-01
2.609362089373343796e-01
9.972977250778884972e-01
9.999951655415452167e-01
9.999991025110180898e-01
6.804296780132450539e-01
1.982820163236086175e-02
9.999993541632111738e-01
2.406486357053246039e-02
9.596784143457097460e-02
9.785769374543053234e-02
1.072655275016269442e-02
9.970515388849707783e-01
8.825348421497317686e-01
8.015421746422258899e-06
9.999953498017588593e-01
5.543293079146801444e-02
9.847667098388158680e-01
9.987977233039525560e-01
8.244433057913605565e-04
9.937635324362975586e-01
1.719721567853291309e-04
9.996760884775165446e-01
