-4.524373638958663513e+00
1.645814928835400037e+00
1.212527504545331425e+00
1.723673690603015340e-01
1.070105077686139605e+00
2.212252988505298834e-01
5.775064445549762837e+00
7.264248710596455938e-01
-3.688066012901981772e+00
1.058128275828180698e+01
-5.898492461839719425e+00
-1.960732026241758019e+00
-1.976837311648954598e+00
-5.746771550753604352e+00
4.000818703319584557e+00
-5.670917372149481217e+00
1.810111674522355552e+00
2.003709395664966308e+00
-2.088356704219047177e+00
-8.128964040848969397e-01
