6.560635415182102248e-01
1.822173772220018195e+00
-1.235028804778575795e+00
1.668360809062214623e+00
-2.238221344034895255e-01
-4.001347123467861033e-01
5.183276293251129374e+00
9.321883167644157142e-01
-3.945779989075651528e+00
7.077994156750587962e+00
-5.851872064566988385e+00
-1.495259268947977782e+00
-6.491303233708583420e+00
-6.905936058114182430e+00
1.410375868692261836e+00
-6.964005601141503909e+00
3.110633160653736073e+00
4.718768566229344152e+00
-5.500959599437564407e+00
-3.913662227513730940e+00
