-4.809704362805888422e+00
-8.911404208012863037e-02
-1.950839933177243912e+00
-2.188844505032299659e-01
-3.518067570595652116e-01
2.255611961446967406e+00
5.370989280302469915e+00
3.000402889694903763e+00
-2.974086522717894532e+00
6.249784810941658719e+00
-6.236944222356873624e+00
-2.097546328039530561e+00
7.028744592168967298e-01
-3.131298800869688925e+00
3.247083518690792037e+00
-6.014014751705757611e+00
4.616709469774406216e+00
2.770039179299415455e+00
-6.521322009598821801e+00
-8.196393410729951867e-01
