-2.943369770253766671e+00
2.168964846555075354e+01
-3.552719524754268576e+01
2.987394402484218503e+01
-3.586819294583097673e+01
-3.430173858862718195e+00
-1.472334222684627392e+01
8.393366945930299527e-01
1.157026782062207815e+01
-1.548272538579019653e+01
5.951379294931896879e+00
-1.540931818363259875e+00
-4.843712548053733080e+00
-2.449970425111965966e+01
-7.092326219824419686e-01
-1.854215054228417969e+01
-1.194189695895987224e+00
8.311594218988643590e+00
3.116585829961226572e+00
1.226784741234531673e+01
-2.852208718179630154e+01
1.758225226317350121e+01
2.006051873231681881e+01
3.810065060594598485e+00
1.677788330107140879e+01
-1.774912785011606431e+00
2.086569826825821394e+01
-1.001363711711399418e+01
-5.739520280730533663e+00
1.515572753287470498e+01
