3.933362811879986820e-02
9.976201250567429124e-01
9.537931598866352667e-01
3.080629549682827734e-02
9.475912972955078395e-01
7.413191621516744068e-05
5.288673364836764534e-01
9.672920420132904429e-01
2.531193835228121025e-01
9.999991089311950354e-01
9.962555774970200950e-01
9.960556951703103401e-01
9.999922168695327684e-01
4.799926381370455131e-01
4.373637417553769761e-04
1.158208666235230593e-03
8.035819725414139469e-01
3.152308695869300847e-01
9.947206989345830364e-01
2.646849898789928023e-05
1.715263442668636951e-01
8.673835362189860065e-01
4.434446572932294254e-04
9.999962201078516078e-01
2.905906991597474731e-02
9.209896254695080220e-01
2.888311225956390928e-03
9.996871952131692884e-01
9.556857986519307069e-01
6.290140336229239904e-02
3.952028472871682792e-08
2.981982467517902968e-01
4.116724822463242034e-03
2.947396340503829343e-02
2.228258387054599804e-02
1.811920586345305562e-01
9.224369353152035433e-01
7.524628145910627897e-01
7.243045804249041708e-02
9.999999693426540048e-01
8.386503395216911389e-06
9.310247256983095188e-01
9.917766571594179847e-01
9.991311585790205729e-01
9.128561941369641719e-01
1.597900534667238623e-03
9.321320016900648264e-01
9.999800052240506165e-01
9.989759733143079856e-01
9.991202365246560912e-01
