-9.999874189904639499e-01
-9.985409007505691159e-01
-9.888449626877300336e-01
-7.753506966019906299e-01
-9.997138621208947473e-01
-8.737893489626896715e-01
9.999770428837190250e-01
9.765876738506327204e-01
-6.639123292320370240e-01
9.999914574436378212e-01
-9.999994676211825251e-01
-9.587759491895524455e-01
7.965018521942626162e-01
-5.455909922900683551e-01
9.737007864221610687e-01
6.812718931321440907e-01
9.999526658614721342e-01
9.997287484976381533e-01
-9.998489629275024715e-01
-9.999943787246700078e-01
