7.734587795918702824e+00
-5.493640425495278645e-01
-5.590238384983358344e+00
6.220722283301286737e+00
1.290188030350229997e+00
2.149829775143054178e+00
4.995224738529113750e+00
-4.966574537816741852e+00
2.345832011169823872e+00
-1.448601984632013284e+01
-2.879522933417728581e+00
-1.013935233133534375e+01
-1.023448107979068489e+01
3.194093787858335975e+00
1.201650377138015813e+00
-1.785714586173192009e+00
-4.314892518376569619e-01
5.714819976441149585e+00
-6.429918627484773275e+00
9.755254997606259693e+00
2.425202361103290016e+00
-5.788730864267977338e+00
1.101142070242610060e+01
-1.176699509674113386e+01
1.292898115910016799e+01
1.934242874772856835e-01
-9.868843542860589180e-01
1.455872696135658506e+00
-5.175624955655790949e+00
5.913325748303678964e+00
2.165799848899056457e+01
-5.416917577975386422e-01
5.083037999973148757e+00
-2.741160118570300508e+00
1.934190195095780052e+00
1.901774127255677849e+00
-2.429440308337514232e+00
3.642156486506109125e+00
8.032980474686512995e-01
-8.202203359240670011e+00
8.440505996273014233e+00
-6.235068859075952652e+00
-6.873723368205625128e+00
-9.950146521803464594e+00
-3.118685289042566033e+00
1.197409032035115217e+01
-3.320609501522438833e+00
-1.771707853720105863e-01
-3.600236337039128820e+00
-4.377307826639265542e+00
