-4.450607670415376305e+00
2.321767889068958368e+00
-1.822510976216706213e+00
2.215945726604414912e+00
-2.596758909008961780e+00
8.605071783519924189e-01
3.621463917206678929e+00
-5.053621103132448500e-01
-3.778884894196371746e+00
6.926230146604043014e+00
-5.015729426169675875e+00
-2.509432483295300109e+00
-1.473452117280765528e+00
-5.044620956687912106e+00
2.256853820123623233e+00
-5.448186404920791759e+00
-1.590780159023855722e+00
6.043300643146688744e-02
-5.382166452218923425e+00
-2.544751219685281285e+00
