1.339782108821103179e+01
8.005588691272746971e+00
-2.146803028315795725e+00
-4.886809575661065885e+00
1.552160039346510922e+00
-4.620804906086543262e+00
-7.027712970146080540e-01
1.939191340314520673e+00
-3.574548497471010222e+00
1.099991623892485926e+01
-7.474600463280968832e+00
1.017718818958137028e+01
7.096074095973930795e+00
-2.440896267998767577e+00
-9.252415349711118342e-02
-1.022473430700219232e+00
-4.276616917219492109e+00
-1.167522978217028928e+01
3.805088751224698029e+00
-1.062448029640703417e+01
-4.967960428253668681e+00
1.392730147776323868e+01
-5.521745535178810727e+00
9.730702283330570523e+00
-5.584651897626668138e+00
8.446734734426414093e+00
-4.647506532362364773e+00
2.882008770290256816e+00
2.344496410549262500e+00
-5.537958086657740253e+00
-2.594503150166278616e+01
-6.701325565635129600e+00
-5.561385782049750759e+00
5.753207578425763913e+00
-2.413539111985291807e+00
-3.732072473509338018e-01
-4.171364360321518916e-01
-2.057117390970247151e+00
-1.541954953609702805e+00
7.355226064215197646e+00
-5.462461990561827463e+00
5.741077327976946698e+00
-1.559380570332605576e+00
6.950017230732280282e+00
5.288614779848614056e+00
-9.287342972860754386e+00
7.385198880744241023e+00
1.268568956045332285e+01
5.549065107917181550e+00
-2.126683773900529761e+00
