9.999999125600721461e-01
1.190724596855773307e-05
2.145974531884391856e-11
1.000000000000000000e+00
3.146724741730234614e-18
3.371269725847021574e-04
9.999999264742748251e-01
9.999938268392978280e-01
9.999999930468528309e-01
9.999788902502791954e-01
9.999999692219051495e-01
9.999855917897431112e-01
9.999999999998128164e-01
6.053903903466033758e-07
1.444815286329290960e-01
1.081269511265832016e-04
2.208253862516658536e-12
9.999919010773234973e-01
5.086601066687489271e-10
9.998788154527278316e-01
7.510606577630929853e-11
9.999997749593161345e-01
1.000000000000000000e+00
9.998603607833213003e-01
9.999763973801978345e-01
3.713103255578436169e-03
1.619719508827969223e-01
1.083394090766718769e-04
1.996889421278742199e-11
5.657122331609997223e-01
