-2.143989839880858561e+00
5.277239572642729470e+00
5.704232507647382988e+00
-1.676937796519004875e+00
2.203084839789032134e+00
-5.142248287170521071e-01
1.519985533058304528e-02
6.930878037895647381e+00
-1.218685006989830377e+01
2.309405715643341850e+00
4.338256737884344183e+00
7.302081585067068836e+00
-6.897843327219747245e+00
-6.433389122068986055e+00
1.185138201300833805e-01
4.513813297830024496e+00
3.132554130593523833e+00
3.965489833462243041e+00
1.090151168456099384e+00
-1.526524073766735379e+00
5.265066656635420728e+00
1.904001470686442987e+00
6.471759845491154906e+00
6.411082154543321643e+00
1.303638034899473386e+00
6.060502383061570519e+00
-7.122652706430416814e-01
5.394022265269391880e+00
-8.180828746919869943e+00
4.361709680098766917e+00
-3.368897155250141218e+00
2.914241545263864808e-01
5.543239632146415907e+00
6.412057688681644940e+00
-3.746575497967234103e+00
-8.100981237401285284e+00
1.279004908032266297e+00
-6.109822341670541057e+00
-6.066692047222213446e+00
-2.420922524698875478e+00
