2.592973350922958176e+01
3.698080583499893770e+00
-1.076329969898377037e+00
-3.790732200759796999e+00
1.038043259472847923e+00
8.027539475143489867e+00
3.528901143743225610e+00
3.184287894722936496e+00
-8.934099525030834599e+00
9.000847953338618979e+00
-1.018386164414674333e+01
2.881826985701064991e+00
6.617991699491545532e+00
-7.589819242943166344e+00
7.447598703085395400e+00
1.610200420801228383e+00
-1.044680112056971311e+01
-1.606648476521238322e+01
7.434569670145650733e+00
1.914836748108876829e+00
-7.106728258155535549e+00
1.549387799131741694e+01
-1.192709408280441252e+00
2.728573493023952690e+00
-8.116390180334894566e+00
5.621113970462083831e-01
4.131112077972171726e+00
-1.785386832588324202e+00
6.113933242210945807e+00
-7.355730243299339222e+00
-2.517620389372106615e+01
-8.601206956563405726e+00
-9.034962226149522380e+00
1.318626476449733786e+01
-5.561170667149255564e+00
4.551927628253253033e+00
-4.035434900669029545e+00
1.040160579310660083e+00
1.483301315895193762e+00
-1.650410052779487824e+00
-1.784774107556185152e-01
5.071377484241893718e+00
-6.559961668480806196e+00
-2.079985180820981050e+00
-5.267436348571772342e-01
-6.723768701267289316e+00
8.358573513931499832e+00
2.375025136692665129e+00
8.328001095988263103e+00
3.831216832800095951e+00
