9.999999999945190510e-01
9.758277447943480842e-01
2.542011638651143213e-01
2.208050623969043738e-02
7.384722752609471641e-01
9.996737562550628287e-01
9.714990021774575490e-01
9.602387027782266493e-01
1.317991568809804453e-04
9.998767099996124230e-01
3.777362619806039077e-05
9.469407336274147102e-01
9.986656712455775908e-01
5.053169571674091462e-04
9.994175000001630504e-01
8.334392103573766697e-01
2.904018024707811363e-05
1.052965827858769953e-07
9.994098654397830517e-01
8.715615568890178189e-01
8.189008902756625538e-04
9.999998133215424190e-01
2.327747105062955568e-01
9.386917937589140948e-01
2.985154879979079901e-04
6.369409359261652970e-01
9.841890004126918612e-01
1.436392430786734564e-01
9.977930474102693070e-01
6.385127206657023949e-04
1.164430503385766088e-11
1.838499130092073348e-04
1.191554769382533428e-04
9.999981238085131618e-01
3.829551554621386626e-03
9.895632208278732911e-01
1.737090753690402264e-02
7.388809887821781164e-01
8.150707072085479066e-01
1.610535374733707004e-01
4.554987139974024934e-01
9.937653426560447700e-01
1.413937933182177458e-03
1.110574297068181865e-01
3.712767032035005355e-01
1.200556620720222810e-03
9.997656764873897872e-01
9.149029120450156150e-01
9.997584037760570697e-01
9.787769688187122341e-01
