-5.159843457430525859e+00
1.017545533005623115e+00
-4.231847786781931298e+00
-1.904350694917920972e+00
-2.827569358403748456e+00
-1.514197207081192875e+00
5.474256689490571759e+00
-2.646886047207100745e+00
-2.771599835385077704e+00
4.876071625384813757e+00
-4.294565134335760703e+00
-5.036330458399678189e-01
-9.095066272745662150e-01
-2.623209296370400345e+00
2.004111659415667823e+00
2.546079877628770194e-01
5.447557854079230211e-01
1.991729291990974815e+00
3.816252629224881066e-02
-7.634317577068827632e+00
