1.103557450079314251e+01
-4.783497350829723160e+00
-5.223222480230794673e+01
4.735925611107699496e+01
-6.180779518078440304e+01
-9.288893068525201357e-01
4.547671419585531005e+00
1.547833320864933881e+01
2.961232194085876657e+01
1.178787193368792074e+01
2.745117894438139583e+00
-5.550134141466972260e+00
2.194101207463170411e+01
-2.609386995631114559e+01
2.136784340517587211e+01
-2.822758205333514425e+01
-2.501268487044534528e+00
1.250854215122333635e+01
-9.869339254545277385e+00
-3.500447031681942489e-01
-2.497570455001347156e+01
1.334936728914932225e+01
-8.400382874341380202e+00
9.118922751603093957e+00
-1.279690145101611165e+00
2.617047495208681518e+00
2.554285655565670154e+01
-1.315613500385011214e+01
-2.772313233433315816e+01
3.070469779581777914e+00
