0.000000000000000000e+00
6.406637087565394850e+00
7.865418157291230727e+00
5.324977682333992268e-02
0.000000000000000000e+00
4.718465629671841910e-02
0.000000000000000000e+00
1.025071741277916715e+01
0.000000000000000000e+00
3.362889978146366143e-02
1.731959261766049085e+00
4.402899838902136764e+00
0.000000000000000000e+00
0.000000000000000000e+00
1.668180530040402232e+00
5.956224442067129310e+00
6.851863045012970055e+00
8.429399717212366916e-01
0.000000000000000000e+00
1.933324914774470216e+00
1.248654033545604669e+00
0.000000000000000000e+00
5.413291495704411815e+00
8.627897482497067116e+00
3.648886280539764826e-02
9.469136490750093005e-01
0.000000000000000000e+00
0.000000000000000000e+00
0.000000000000000000e+00
1.288600089339080990e+00
2.013233588129009544e+00
0.000000000000000000e+00
4.124075666073480306e+00
4.513852934681357176e+00
0.000000000000000000e+00
0.000000000000000000e+00
2.444492211042920804e+00
0.000000000000000000e+00
0.000000000000000000e+00
0.000000000000000000e+00
