9.999838822695003016e-01
8.297265878974648123e-03
0.000000000000000000e+00
1.000000000000000000e+00
0.000000000000000000e+00
2.831501043865371492e-01
9.895191716131004345e-01
9.999998103969951480e-01
9.999999999998621103e-01
9.999924039298488943e-01
9.396370339421634688e-01
3.871886036746957638e-03
9.999999997041038036e-01
4.651320508526443965e-12
9.999999994751158638e-01
5.507022828250510129e-13
7.576930219485611406e-02
9.999963050585378710e-01
5.173422567760671190e-05
4.133715807228101613e-01
1.422948991770330829e-11
9.999984061672103630e-01
2.247307294769621509e-04
9.998904393541069302e-01
2.176029723518294601e-01
9.319507013576942001e-01
9.999999999919300109e-01
1.933580799687784738e-06
9.120037123056380761e-13
9.556580839162969188e-01
