9.999999999994826361e-01
9.955297809054353131e-01
6.519329316427009413e-01
2.300059243099572201e-02
3.629654988646268676e-01
9.975700897153144675e-01
9.976788323692439286e-01
8.883335181952597415e-01
2.598476637795035923e-04
9.955816949494625812e-01
9.155330215114908970e-07
9.136384010726126270e-01
9.995219540558173410e-01
5.042576462311774369e-04
9.836069279121184561e-01
3.026309236584368012e-01
2.597895039350135260e-05
1.865681695481099754e-07
9.615073656733381657e-01
4.326123225491963487e-01
5.654401236196427956e-04
9.999991477126509709e-01
1.645893243266400574e-01
1.637981575550982727e-01
4.339513411287359559e-04
4.028555441441218632e-02
9.983924765343243912e-01
3.676739498413140739e-01
9.982053905677004124e-01
8.771934583853056508e-03
2.999557364420079469e-09
9.475874615327393655e-03
1.288291106667965036e-01
9.969524927119070012e-01
2.322502374389116830e-01
6.141289101378981652e-01
2.775263466803940589e-03
9.754581203901385722e-01
4.835762162416759602e-01
8.925323558743538180e-03
3.096361434582546313e-01
9.929200654903588275e-01
5.933606729574146445e-04
2.597382228007658186e-04
1.192582096874367226e-01
3.389831475116166729e-03
9.999785646754492108e-01
9.729717277040256240e-01
9.929262171548861593e-01
9.807335822032335892e-01
