0.000000000000000000e+00
6.073398694012704269e+00
5.571632836892458585e+00
1.275053722019350078e+00
1.117040114465827072e+00
2.812053674587151608e+00
0.000000000000000000e+00
8.157887708892126000e+00
0.000000000000000000e+00
0.000000000000000000e+00
3.124984125218985387e+00
5.275917054956678065e+00
1.370265832114726745e+00
0.000000000000000000e+00
1.882450566354908705e+00
5.778590229668638223e+00
7.817096122074427278e+00
0.000000000000000000e+00
5.160696240093261000e-01
0.000000000000000000e+00
6.519306679658576353e-01
3.923819058159527806e-01
3.697591068925475177e+00
1.095982830665485075e+01
0.000000000000000000e+00
2.066746156262585732e+00
0.000000000000000000e+00
8.048099968863932085e-01
0.000000000000000000e+00
2.386407504629671106e+00
3.562948039186379035e+00
9.463330583449303113e-01
4.561281997662734788e+00
3.735472953441592026e+00
0.000000000000000000e+00
0.000000000000000000e+00
2.828723927644545277e+00
0.000000000000000000e+00
0.000000000000000000e+00
0.000000000000000000e+00
