-5.411008844660520012e+00
1.653996650825376058e+00
-5.468489241899495035e+00
-3.279633290483295660e+00
-3.165878587290015034e+00
4.453568316064124843e-01
3.941513597527310786e+00
-2.078241845069221938e+00
-3.306820715872558658e+00
4.295641758492918072e+00
-3.808810373306138697e+00
7.510084293582011128e-01
-1.013910627318018176e-01
-8.081599539500119445e-01
2.590233639257863096e+00
-1.457322662656500289e-01
7.339494398209358561e-01
2.168752497047679917e+00
-1.118879322166401957e+00
-8.163809502310845900e+00
