2.357653889540948100e+01
-1.117904647403828333e+00
-3.153238004775111292e-01
-2.861114497429606107e+00
-2.995911058422127127e+00
8.338356188725692064e+00
4.407733602914848170e+00
3.131190777586842611e+00
-8.197348193521227344e+00
1.329957343452819352e+01
-1.333051661374233987e+01
1.504780249263326652e+00
4.927330403781722268e+00
-6.776561814354540303e+00
7.753985613056937787e+00
9.033723077383046807e-01
-1.214012064860664886e+01
-1.352054431877674645e+01
4.983456307461136880e+00
1.377641133452250255e+00
-7.880089785193280072e+00
1.853012066744407704e+01
-2.258050439413010313e+00
-2.674602722869158899e+00
-5.782693509161137335e+00
-3.408716223743136098e+00
5.833673894692373629e+00
-9.250858889834925325e-01
8.354219403469512528e+00
-2.118906429997272856e+00
-2.057452154584812121e+01
-4.134874498300070478e+00
-9.870556901031476427e-01
9.324040049057426671e+00
-4.413566284203493062e+00
2.240581980634118064e+00
-5.284708848770280909e+00
5.177472884506903128e+00
-2.397341465599395427e+00
-6.991083512385299237e+00
8.606898348187311809e-01
4.998981496557786564e+00
-9.766238190846753042e+00
-6.605224616042087327e+00
2.854762934269746699e-01
-9.372678819254661065e+00
1.190025948721320503e+01
2.663707450376453068e+00
2.565947727981333415e+00
1.790641619747104896e+00
