3.044926330632826694e+00
-1.213520434394446923e+01
-3.356535608031846607e+01
5.307808733558937320e+01
-6.377871174995075165e+01
3.286471100037245296e+00
1.754469436414724726e+01
2.306765701405991820e+01
3.491815628845461106e+01
1.188514776389993166e+01
2.120050173691401696e+00
-1.090865804995888766e+01
2.614529580386307828e+01
-3.776182759277756418e+01
1.427887066171231645e+01
-2.845868208996310500e+01
-2.802992748362128239e+01
1.530840863729549284e+01
-2.073560450817639023e+01
-1.677243770918739330e+01
-2.483916693737259251e+01
1.546069455136458792e+01
-2.378005616869600658e+00
9.214777443955819436e+00
1.043372933656708135e+01
1.093974596411454447e+00
2.320696924593254806e+01
-1.488452595915265775e+01
-3.017452288935573534e+01
1.860494227151905600e+00
