-9.999943892540941182e-01
2.672186959264049588e-01
-9.995677264419431385e-01
-9.995388881424268623e-01
-9.953039683937915383e-01
1.502017561027842452e-01
9.999696599454559465e-01
-9.468826292668139910e-01
-9.827640969940303339e-01
9.998940144083020565e-01
-9.999277444988816654e-01
-5.801749041845721822e-01
-4.436072989249737475e-01
-8.761128326773796049e-01
9.929806713861690781e-01
3.796507296410851495e-01
9.526544660201027304e-01
9.943102647492317869e-01
-5.276007960703397170e-01
-9.999993406631653148e-01
