9.999999999928088634e-01
7.275586661361824747e-01
9.079572332803562684e-01
7.311481646718975130e-03
7.380391885137123353e-02
9.999517582240253777e-01
9.998080140258854831e-01
7.162159412002133685e-01
8.729416803818131889e-05
9.950205096837599905e-01
2.838996496307968030e-08
9.512059886742272319e-01
9.987968828905777752e-01
5.790922300660632238e-05
9.587195693306059807e-01
9.989260716431156428e-01
7.407019806207551656e-05
1.139815262268276347e-05
9.972845784323531859e-01
5.554691025428823981e-01
5.835058390253889922e-04
9.999993331537674335e-01
2.111159692558036149e-01
8.968612620636314814e-01
2.699829808844300604e-05
8.044326875840733804e-01
9.955454797457774507e-01
1.221090602763804239e-01
9.987148060961473783e-01
5.549192311726084542e-02
9.117529058634255945e-10
4.536643317465620232e-04
1.532468245835134912e-02
9.999934152765956874e-01
3.185828753937490054e-03
9.970236655571351747e-01
3.589806320055694000e-02
2.957825535240345971e-01
3.702331732335056858e-02
6.701910553874704289e-05
9.720121169326146893e-01
9.256209581451474433e-01
2.447066651529184247e-02
2.993489104281724968e-03
3.786354372244364330e-01
1.301983978497010894e-03
9.999694500034954636e-01
9.842847113386751223e-01
8.147494589806575371e-01
7.816181607029697442e-01
