2.303224077260103186e+01
2.808098040645306881e+00
-8.857283726086299103e-01
-4.229315771854786021e+00
-1.155085412775194831e+00
4.354066353387447741e+00
4.848567449247711103e+00
3.940487233516572818e+00
-8.670757061579895009e+00
5.093761617935002484e+00
-1.250562325184558965e+01
-2.311346697525095140e-01
6.389692676892218870e+00
-6.479058566411191933e+00
3.949511765246226602e+00
1.773718376342703351e+00
-5.291091828988331969e+00
-1.471172198247379548e+01
5.182150453448427285e+00
-8.939687636300415186e-01
-1.055285871844350964e+01
1.456285048393938553e+01
2.076075133891857494e+00
-8.794959620956472879e-01
-8.882114424906275119e+00
-5.013455533132281650e-01
5.133561218648083013e+00
-9.654844891868963330e-03
4.678195941591844154e+00
-4.805822742260293268e+00
-2.152651234592996587e+01
-5.528685117063628418e+00
-2.598062907479615102e+00
7.859856953482391440e+00
3.716119531105050444e-01
-4.631882524613168961e-01
-6.104567771347342742e+00
5.375375799897859075e+00
-2.753438172515164872e+00
-6.124924911170342767e+00
-2.760099862682199312e+00
1.406381996147921587e+00
-8.004597197447832713e+00
-6.089789543941739325e+00
-1.161819422787978340e+00
-6.056604528143582300e+00
1.013233567150161107e+01
1.603008860806604430e+00
7.131314856973432370e+00
7.138410592937841415e+00
