9.999999924079275848e-01
9.145213982021487276e-01
7.946358615147807170e-01
2.149357228733539665e-03
8.480806988657457746e-02
9.458946768186550225e-01
9.908754307354296076e-01
7.060304325645997414e-01
2.531717621915301111e-04
9.999253282281204136e-01
3.221268395989421932e-06
6.469173651379032108e-01
9.999117765804568236e-01
1.054643753778068405e-01
8.833964984389905961e-01
9.962230204401650857e-01
8.968676399832153576e-03
1.698430211064050216e-05
9.853509342893058687e-01
3.355199819416979090e-02
3.876434225075659499e-05
9.999977818681281549e-01
9.210551552647496809e-01
1.546930681996394885e-01
2.338736554313453758e-03
1.044903943821484747e-03
9.915692319269125976e-01
1.024444797800686535e-01
9.925871356840952897e-01
1.394468193424390490e-02
6.916221111872012824e-11
8.579022806595162920e-02
7.544855774501156576e-02
9.989465252059892553e-01
6.918234840200893077e-02
6.013326531201708125e-01
6.241142174170139639e-02
9.868025974079230878e-01
2.640234450026712754e-01
7.005689849110420921e-04
1.001948004670089876e-01
7.987941325039010776e-01
2.042900773923617629e-05
8.977534185157117624e-03
9.457919091073633405e-03
3.294273244240194382e-02
9.999386455560089759e-01
1.209780389530483724e-01
9.994030380152054693e-01
9.999242292269149290e-01
