-6.727884967568654062e+00
-5.443387919039435197e-01
-3.317202020116413408e+00
9.920319196073399404e-01
-4.582065861618100477e+00
1.024940123092358935e+00
4.458936936651142879e+00
-1.641798177546727855e+00
-1.868648261448610848e+00
3.967719704118233714e+00
-6.042663569639563192e+00
-2.663426202490341232e+00
-1.421745997580652343e-01
-2.258092900567190586e+00
3.151810675463281086e+00
-1.342636944153273060e+00
2.564651051465262732e+00
1.730839361156530032e+00
-3.277614012413957223e+00
-7.454684833521495690e+00
