-5.714341515214386824e+00
-5.360219049497368715e+00
-3.797955704454842873e+01
4.705023326293471087e+01
-4.791206698874776038e+01
4.397337045082345242e+00
-3.194762667132244438e+00
2.386176129607609298e+01
2.706621154148723463e+01
6.260562615487063276e+00
3.518714557576797741e+00
-7.397679425556746402e+00
1.526556943094791663e+01
-2.368609926277959943e+01
5.797271703091111839e+00
-4.168728861897249516e+01
-1.656760485154731288e+00
-5.453501618477805124e+00
-1.890778293368041574e+01
-1.146963562195213981e+01
-3.288358451273311545e+01
9.604136698894228275e+00
6.741966304511863406e+00
1.510427359981810369e+01
1.640130448742639047e+01
-7.194540438942764737e+00
3.358566264879883789e+01
-1.980284277379843161e+01
-2.138012491477468657e+01
1.319457751171690596e+01
