2.166732116876324277e+00
0.000000000000000000e+00
7.997713883884824959e-01
1.009510657910123399e+01
6.154467125075663070e+00
3.382644306318538518e+00
0.000000000000000000e+00
1.160663752403043425e+00
3.337213764412109374e+00
0.000000000000000000e+00
5.089291889036554828e+00
0.000000000000000000e+00
0.000000000000000000e+00
0.000000000000000000e+00
0.000000000000000000e+00
7.393318165583214530e+00
0.000000000000000000e+00
0.000000000000000000e+00
0.000000000000000000e+00
4.912441186239211888e+00
0.000000000000000000e+00
4.658773000591259539e+00
4.223794464252275560e+00
4.010999507870335989e+00
0.000000000000000000e+00
0.000000000000000000e+00
0.000000000000000000e+00
0.000000000000000000e+00
0.000000000000000000e+00
3.025372102361392757e-01
3.673054569954404158e+00
5.533511525106440843e+00
6.898765401118179597e+00
6.953071604548612505e+00
1.851695927330215152e+00
1.264300559776359023e-01
3.779261918778117568e+00
3.269231524675261458e+00
0.000000000000000000e+00
0.000000000000000000e+00
