2.966931180716636009e-03
3.969353887423163934e-04
2.461889460726589277e-17
1.000000000000000000e+00
5.167540987857744303e-22
9.999631396019917906e-01
9.999948514720105042e-01
9.998813595440415591e-01
9.999998211160068262e-01
9.999999302119935152e-01
2.399410824578821974e-02
3.329863301676603827e-05
9.991120941723720117e-01
6.621655700397868615e-06
9.961645296145841266e-01
3.914041232914245768e-20
9.850939717335592816e-01
3.032958170606160908e-01
3.293363026692010290e-08
8.388552389738538825e-03
3.026608234083953891e-18
9.998830154922846436e-01
1.450736000038663764e-01
9.998826168035054307e-01
9.994180116284312465e-01
2.141205501547721948e-03
9.999999993548187582e-01
1.518710800114291441e-07
1.795782485638228813e-15
9.999997017757850104e-01
