9.999999981054630283e-01
2.255837943157058614e-19
9.129050031796347119e-12
1.000000000000000000e+00
4.310874731329613876e-17
2.142157527834745505e-07
9.999980820151507244e-01
1.000000000000000000e+00
1.000000000000000000e+00
9.999999998749773411e-01
9.636741140774883752e-01
2.916012918979224476e-06
9.999999851766057102e-01
7.378921060647236125e-15
6.003906613490941346e-01
2.191417843585232462e-12
3.909400397234808477e-01
1.125289750664133608e-02
1.525704237387777693e-06
7.627072783451273903e-08
2.118578111537219211e-09
5.846471149117368435e-10
6.506638776697855342e-02
9.951923080169310376e-01
2.749063478994328950e-05
9.999999999992772448e-01
9.889103454202489152e-01
4.737773191256282324e-02
1.317224260995795272e-11
6.893124989267239943e-05
