9.998913475884335655e-01
2.040079005792054206e-15
2.664758692446205567e-05
1.000000000000000000e+00
4.123373661037160792e-10
4.504290849569114047e-03
9.999999999804036754e-01
9.999999999999991118e-01
9.999999999847934973e-01
9.999999999999942268e-01
7.398113027726314905e-02
3.475912764826455395e-10
9.995104275116305503e-01
1.195808319133795698e-11
1.200719178479115780e-02
4.132124049450928356e-14
7.714636189486647755e-01
7.115261276510544716e-05
9.314547695245060224e-07
5.474245702982449812e-07
2.105137219032657889e-13
7.945239210256103968e-03
1.811235351716950596e-05
9.928309758233138105e-01
6.426496917642563031e-05
9.999999880696163190e-01
2.606020136854412449e-05
2.167163513910136396e-03
1.106175081634239190e-05
1.587932445155019307e-04
