4.189611510363739022e+00
4.642636998214646482e+00
1.049770508438901473e+01
4.631554743453472511e+00
2.648164409886057502e+00
1.054596676612308048e+00
0.000000000000000000e+00
6.175859916239401670e+00
0.000000000000000000e+00
0.000000000000000000e+00
4.204813905623520753e+00
1.557669549355159333e+00
0.000000000000000000e+00
0.000000000000000000e+00
0.000000000000000000e+00
7.117077265990719326e+00
8.583716474261245954e-01
0.000000000000000000e+00
0.000000000000000000e+00
2.892108297023064711e+00
5.996108084188284337e+00
0.000000000000000000e+00
1.018054612627127042e+01
5.342656758176317355e-01
4.293900641524083461e+00
1.304266273772410001e+00
0.000000000000000000e+00
0.000000000000000000e+00
0.000000000000000000e+00
0.000000000000000000e+00
0.000000000000000000e+00
0.000000000000000000e+00
0.000000000000000000e+00
5.839677439812349213e+00
4.121562149759795401e-01
0.000000000000000000e+00
2.862496455647417726e+00
1.019419448170283848e+00
0.000000000000000000e+00
0.000000000000000000e+00
