9.150415628284125358e-01
1.951203644434136075e+00
-2.802557482092246843e+01
4.066254517284249204e+01
-4.425750198405307856e+01
8.654787566152517542e-01
3.634293309661854465e+01
1.008370681643665456e+01
9.899023928493713154e-01
1.284015208976879130e+01
1.058716341622421986e+01
-1.885716911858905931e+01
-1.076193841321047273e+01
-1.492923550867289428e+01
-8.014552611802036708e+00
-4.419363566336828342e+01
-2.023322326628979084e+01
1.382088497208979128e+01
-9.385620082639308137e+00
-1.227094579427022047e+01
-3.363696502605417038e+01
3.735576972372545157e+01
-1.071775387592130180e+01
-8.927991642324021981e+00
4.445409386067503021e+00
-7.482672681437563256e-01
-1.071308203740910292e+00
2.911076237297760549e-01
-2.491644562933767304e+01
-7.838576892280318731e+00
