2.760754264665692403e+00
4.166123704441018205e+00
6.724393216668509865e+00
1.205124404505259372e+00
3.748628781288406042e+00
1.253535077629416739e+00
-6.345234154876244759e+00
-7.272455671138180477e-01
-3.207063207883551481e-01
-1.775728358969388854e+00
7.335994515453161391e+00
-3.796329645921469265e+00
-3.079411390102088086e-01
1.937875794131160845e+00
3.398578171627039346e+00
3.296685743726246010e+00
-1.037961419961744403e+00
-7.073054759913287803e+00
1.537116033737034204e+00
5.658333025538998529e-01
-3.962677738023627771e-01
2.815668021014674505e+00
-7.253823017503238102e-01
-1.965292670967714539e+00
-3.538357658598106248e+00
-4.791706277699363525e+00
-4.029522410843991764e+00
3.413436451040102071e+00
-3.583810971039008031e+00
1.729061107051269808e+00
1.144128608812762238e+00
1.124901554046124907e-01
1.655352709884589490e+00
7.491647772273356543e-01
-2.655428544277869563e+00
-7.069714910161754240e+00
-3.353351376788350713e+00
9.897989667931506030e-01
-5.780531191658389467e+00
-6.912050085933677757e+00
