-9.441383633701000422e-01
1.466453594441711417e+00
5.855718748541574037e-01
1.308088852539288194e+00
-2.590567671123240601e+00
-1.038370041884173256e+00
7.374852753433389196e+00
2.801389675123452605e+00
-3.475494736444764143e+00
3.129762157580685766e+00
-8.282627672871473834e+00
-4.281437081998973326e+00
-2.269985878528256507e+00
-4.143590727982529920e+00
2.654358680129816239e+00
-1.604884193752561972e+00
3.535786538603353346e+00
1.718236420798394448e+00
-8.860423156987101700e-01
-2.277368679120001627e+00
