-9.999839884815862057e-01
-6.509049869581605419e-02
-8.966790299031400790e-01
-4.222320122893520322e-01
-9.372575014002383353e-01
9.770897677758392241e-01
9.999692046954715696e-01
-9.910850501480723551e-01
-9.999178207423503606e-01
9.987308068293121455e-01
-9.999917910425115686e-01
-9.457426164800251112e-01
-8.747812550944045196e-01
-9.998093044669345009e-01
9.749514511971683062e-01
-9.985671606625983188e-01
9.931228544728240015e-01
-5.687199797551512059e-01
-8.062208874315346385e-01
-9.999864171423384906e-01
