4.896983546568546508e+00
6.150696020037512923e+00
-6.622184639366226477e+00
-7.870577793281981371e+00
-6.833196105331521331e+00
1.221911954995620775e+01
-4.643858764127195116e+00
-2.324145400675129203e+00
-6.406526253058998366e-01
-4.587830819230443780e+00
-8.866144190256513014e+00
-2.918523329565444469e-01
-2.208027610076578107e+00
-6.470247124203019062e-01
1.296191271241766430e+01
-3.142102404926441217e+00
-1.116518499403449027e+01
-6.024752449643714591e+00
-3.584860712977975705e+00
1.486049911953901592e+01
4.350696627192808918e+00
1.814395592088386167e+01
6.356981240279869994e+00
-1.354476680506449071e+01
1.665075815524247327e+00
4.639206354251300901e+00
-2.228374632765247387e+00
8.345401953927256145e+00
-5.879150575502688270e+00
6.834746151317441232e+00
1.778804917489614468e+01
-1.586952641107506601e+01
7.866808017469683278e+00
-4.279384120532281344e-02
2.702420581944954825e-01
-1.027995023208994940e+00
-7.179823086293264822e+00
1.861308829582607904e+00
7.523971591405706150e+00
-9.156902532112322746e+00
7.506158079374167791e+00
1.021941313490853176e+01
-2.157225217867233624e+01
-5.156908811196283082e+00
-7.216837852447805624e+00
8.405066932038115723e+00
2.447199019515776008e+00
-5.799948402087050425e+00
1.695792962085377997e+00
-1.213762379376392353e+01
