9.925862943011641848e-01
9.978725384018372058e-01
1.328753125544067772e-03
3.816679630169874738e-04
1.076249534827172175e-03
9.999950648351684235e-01
9.528830520470472562e-03
8.914289379699261162e-02
3.450990274548701442e-01
1.007241974148262789e-02
1.410656369182027275e-04
4.275504458901949190e-01
9.903191974943173492e-02
3.436603244471224672e-01
9.999976519258125807e-01
4.140359574303222046e-02
1.415844697554841707e-05
2.412316763158235677e-03
2.699176534679903830e-02
9.999996483042814521e-01
9.872664111194107139e-01
9.999999868119660018e-01
9.982684084681143766e-01
1.310937384438309584e-06
8.409181947532813339e-01
9.904271595409611662e-01
9.723121797823432166e-02
9.997625704029041716e-01
2.789357961456917240e-03
9.989254156179183664e-01
9.999999811744187950e-01
1.282189433552945044e-07
9.996168910711933364e-01
4.893031720853765476e-01
5.671523289339487350e-01
2.634729953351834242e-01
7.612227021159658283e-04
8.654494298642964045e-01
9.994603077182130368e-01
1.054780149682705149e-04
9.994506130936644528e-01
9.999635456436153369e-01
4.278484041072019974e-10
5.726494218971438580e-03
7.335816116367443671e-04
9.997763192258228848e-01
9.203563790928414035e-01
3.018571602572800959e-03
8.449844724944808316e-01
5.354200590763950176e-06
