8.650740676423594733e-02
9.999861900649887891e-01
6.887481588847093050e-01
9.999999999889441771e-01
9.961036622303782741e-16
2.193153848877481618e-02
9.999999999998510081e-01
1.819217668688646525e-02
9.993991143712295244e-01
9.987068118551944984e-01
8.796696038572748844e-03
1.413560019392337601e-05
6.241187945985469108e-07
8.676588852175930455e-01
1.495350933912178148e-05
2.615901026637211543e-13
9.997729125932712790e-01
2.984514767118752188e-01
9.999929199160295656e-01
9.999997869290250252e-01
6.827229521372864015e-14
9.998976857793026030e-01
9.998731053723417528e-01
3.828370249488356469e-01
1.000000000000000000e+00
9.992491813278062684e-01
9.999999596027889792e-01
2.207856852409381589e-03
2.336293331651785412e-11
1.983771914875570030e-01
