9.790701749309815849e-01
2.370269704171889535e-01
4.740566067772896438e-04
7.513176139692456790e-02
4.824488268161133964e-03
9.999922434096708557e-01
3.261994363531694704e-05
3.960558151871939464e-02
9.996670304886295932e-01
8.355235654961311667e-03
4.988584337814114950e-02
3.058299916813698172e-01
3.678127812737220625e-03
9.999943152857657669e-01
9.998983278999930002e-01
2.331867489952758540e-03
5.828996781781909498e-05
3.890323314163127155e-02
6.654358851155590671e-01
9.999951960816853003e-01
9.980890764685289573e-01
9.999159070793187665e-01
9.993943484380224396e-01
7.505370135081535331e-06
8.944348107603333764e-01
3.803068345352063079e-03
6.538431750795906661e-01
7.572903326265209012e-01
1.666534203947057490e-03
9.482031736735524463e-01
9.999999672739450229e-01
7.064951748570332812e-01
9.913109351032283190e-01
2.758170439306225144e-02
3.810885974431876626e-04
9.563051167340902436e-01
9.076575062024403451e-01
9.069602967254325465e-01
9.998682626484266533e-01
1.952150231228537772e-03
9.991341464250724780e-01
9.937419716347678511e-01
2.408058244457414180e-09
9.536392773560207407e-05
5.172526040261067257e-03
9.993006548469222095e-01
4.447159295445941019e-01
5.251014508761082987e-04
9.878992136336444130e-01
9.540579158586693156e-08
