-9.893994472312390709e-01
8.927543616807220861e-01
-9.242577211518503422e-01
-9.607757441328513837e-01
9.996255175191243181e-01
-9.681199838482630327e-01
9.924877502490888626e-01
8.318074027855777430e-01
-9.967343706579195883e-01
9.999999433236854696e-01
-9.995296010315569690e-01
-7.849141774100037994e-01
-8.150758994824680581e-01
-9.998287223619541919e-01
-7.483112574630558234e-01
-9.963152763091119857e-01
9.997041377362415604e-01
9.994594938465583001e-01
-9.983721396761402467e-01
-9.272652633334684813e-01
