-9.995895263145203602e-01
8.326133792318468618e-01
-9.661823614074577238e-01
5.389518306404857961e-01
-3.617601008949757752e-02
-3.110335447894200245e-01
9.998101834306631908e-01
9.568385999707764711e-01
-9.999946429835331330e-01
9.999999892163150550e-01
-9.999901452310021588e-01
-7.895794392675168361e-01
-2.017371603235348573e-02
-9.966318668176888940e-01
4.474376966046827442e-01
-9.999608302044007413e-01
9.990120471814811776e-01
-4.469629885909963685e-01
3.399127738307051172e-01
-9.006058700078937163e-01
