9.060286425919631403e-01
2.406777404561061817e-01
4.820883011195163381e-01
9.998872706117837295e-01
9.985800892153644526e-01
9.919576260989984018e-01
9.999259905957738059e-01
1.917274965149292363e-03
9.653032945721631286e-01
3.931432835023514639e-04
9.791447787596287977e-01
2.890023623039241212e-04
1.551650613686127969e-04
9.725686533734118067e-01
2.978192600220959732e-02
6.659039377126864112e-01
4.587636806733451644e-01
9.999937435524315354e-01
2.346641053912640884e-01
9.887334473454599815e-01
9.999994933322806645e-01
5.364308350424129958e-04
9.977667699124150857e-01
2.622124978316757069e-05
9.999999071990788302e-01
9.188446737834879974e-01
9.994150677919717563e-01
9.966631046396818849e-01
4.612381025111649685e-02
9.994675433397780528e-01
9.999999995265556052e-01
7.785179631473630041e-03
9.599402073407383718e-01
9.731576382486591958e-01
3.596361918297265314e-02
9.999746510277616185e-01
4.875513291074769912e-02
7.410313066542775218e-01
9.409973018018197299e-01
7.959041632538571033e-04
6.874826752386862250e-01
1.772530126809171262e-04
9.291236487021159451e-01
2.744977670440026528e-04
1.733827939021519715e-01
9.999727288872192199e-01
3.041855866383384729e-06
8.460310865674273151e-01
2.076251447582589532e-02
8.378672941671954158e-03
