-6.585099251456080438e+00
3.235593489639280396e+00
-1.020212950713854649e-01
-1.553947841122637064e-01
-6.767620669736057470e-02
8.173391022286344842e-01
2.637585247543564382e+00
3.318671029000177519e-01
-3.369155032262836080e+00
9.167733602029581874e+00
-6.125157853987011514e+00
-4.327981755479396675e+00
-7.600306889994329351e-02
-2.797254968498160022e+00
4.434047341461280212e+00
-2.922414146224381781e+00
6.024438285072218902e-01
-4.979841027480589322e-01
-5.030878778696527220e+00
-2.003752047479330223e+00
