-9.999961868434801282e-01
9.969100055700290675e-01
-1.016688049340357808e-01
-1.541559481408151244e-01
-6.757307506884605020e-02
6.736189968563941477e-01
9.898179340961622552e-01
3.201974528858276270e-01
-9.976335085706200534e-01
9.999999782210087229e-01
-9.999904328319039193e-01
-9.996518894307180325e-01
-7.585706318948781668e-02
-9.925911058030533196e-01
9.997184184074187074e-01
-9.942270482549391275e-01
5.387862582293710956e-01
-4.605302832847489869e-01
-9.999146417162236844e-01
-9.642917087119842190e-01
