-9.999368820825873527e-01
8.203971864891396182e-01
6.000874444482818815e-01
1.252712027662902516e-01
-7.238417521393156751e-01
4.328961238460639072e-01
9.990552077535764797e-01
9.899408870081753964e-01
-9.868041166792476115e-01
9.999961144831382986e-01
-9.999990491001388149e-01
-9.902250178633978939e-01
-5.089998044585581916e-01
-9.977919702299195004e-01
9.971188489768928465e-01
-9.995882952347575623e-01
9.943141088974638553e-01
8.947689888531579205e-01
-9.999747138251663392e-01
-6.452179097744878966e-01
