1.590158106088929048e-09
9.481519612439445188e-01
2.386098291672464344e-01
7.318015150592435125e-01
3.530033636739278169e-01
4.066927770989780533e-01
7.711498011504530625e-01
9.293094530407724693e-03
9.990361060582310104e-01
3.671587882785194258e-07
9.999930066190654276e-01
6.669004955672212451e-03
7.324208241200889924e-02
9.868705501510365297e-01
5.381627038063312440e-01
2.937806031933849391e-04
9.981745370126966499e-01
9.999981445668092439e-01
9.808046879623789627e-01
9.959518810409080380e-01
9.919665871985837713e-01
1.367053113175338539e-07
3.047618887886889283e-01
8.272950876529249209e-01
8.954765556066145438e-01
3.237830780485083659e-01
3.113522353226429173e-02
8.836951966564237093e-01
8.084864282267183455e-01
9.999801068796156933e-01
9.999999556191265793e-01
8.647014089478962662e-01
5.802894114237355794e-02
4.294081805620628307e-03
9.382133160727932353e-01
9.854857162167566242e-01
4.335499600508979645e-01
2.637241385455221798e-02
3.492685531697506951e-01
4.016490775591263218e-01
9.983016746920123641e-01
3.913842399121911925e-02
9.999408488690426644e-01
9.850130496861844165e-01
1.636312704370740945e-01
9.999998216456552624e-01
1.682528123917783345e-04
1.698920206542496592e-02
9.118935637151159845e-03
5.377768018145479001e-01
