9.390548055770472429e-13
9.734859869917488195e-01
3.954839807870916633e-06
9.999999999970625719e-01
7.155453633557472106e-22
1.380623374229892285e-04
9.999999999998385736e-01
9.998748396621973678e-01
9.999999295818285949e-01
9.998472264745786875e-01
1.666533426617774483e-01
2.192919012278143039e-17
5.289482256738134089e-04
4.154780398144763639e-04
3.952527709718230691e-15
1.346887773979168305e-11
9.999972157046307375e-01
1.937925697959639315e-01
9.999918530203022460e-01
1.686471007964318700e-04
9.070022694883721780e-19
3.963250040762174257e-09
9.999980107347247182e-01
1.179509007516589145e-06
9.999999999970610176e-01
9.999999876903359342e-01
9.999107970739260498e-01
9.969900652779145611e-01
7.382294371708356710e-11
9.999985642047779510e-01
