6.201174711331148573e-13
3.410737572976136334e-01
5.922736001276027520e-03
9.999999999973736564e-01
5.350694933988096818e-18
9.310512712914619654e-04
9.999999999999997780e-01
9.999982748676052857e-01
9.999999151046193857e-01
9.999962980494375708e-01
9.844129344431101769e-01
6.588231140324838677e-19
7.176187799668980165e-06
2.024892200198515069e-02
4.290749299657022886e-15
3.018217073812555387e-14
9.999998674361143536e-01
1.124477960625374522e-04
9.984268740067647752e-01
2.252355001372926536e-06
7.652893082231264163e-17
1.692878101678048828e-13
9.998543201529973556e-01
2.162712580324595211e-08
9.999999999994113598e-01
9.999999972004516291e-01
9.992869440625889998e-01
9.999139610824735458e-01
6.723561037845382867e-10
9.999962240130610969e-01
