-5.174331008397410336e+00
-2.432504887892984691e+00
-4.068031003496956899e+00
3.710915887446456196e+01
-3.562772918041446246e+01
-1.607943733724074775e+01
2.035591364604833586e+01
1.394959871724485012e+01
3.788664817775847382e+01
2.278252861294888021e+00
-1.730480247430405516e+00
-1.637180976098409246e+01
-2.228704355873179210e+01
6.429380091249261575e-01
-1.033689310814684248e+01
-1.895444513416952148e+01
1.643951252059080304e+01
-5.304552080305742656e+00
1.226030762846143674e+01
7.112887778660380356e+00
-3.725788704114491168e+01
-1.744888929395243693e+01
1.565307940780082419e+01
6.778880145161603199e-01
4.125964544672041967e+01
2.052954084002398361e+01
1.374475150470136242e+01
-5.921834173011049529e+00
-3.517412759855639592e+01
6.952135313611181644e+00
