5.901239097673261790e-07
5.052418171501107391e-01
9.043169885733730708e-04
9.522294148207565145e-01
3.032112776734544601e-01
2.934484284757840622e-01
3.461522485577536723e-01
1.550390566227645081e-02
9.987711966054928503e-01
4.409261095619620886e-07
9.997949769281172516e-01
3.399485807364944264e-03
4.492957418423102378e-04
9.987588758246755960e-01
3.303420458286505153e-03
9.889866716022407411e-01
9.999926215167198595e-01
9.999997748374948037e-01
8.652407031454418585e-05
2.788839589468348201e-01
9.157238215469408749e-01
5.018482917861304264e-09
2.467807781715292692e-01
7.209089685337979198e-03
9.999947431549061072e-01
9.896315014414449381e-04
1.200478326617157631e-03
5.012667793659769666e-02
3.621340541519862174e-03
9.946037134761427367e-01
9.999999996268549296e-01
9.999480298238130338e-01
9.936619829786995650e-01
6.606681180876481860e-03
9.999192685007316506e-01
7.015096460305151327e-01
9.158120280134326441e-01
1.780583965103031130e-01
5.582050043107397025e-02
8.467446753095809742e-01
9.432334068578874797e-01
3.379552599098264195e-06
9.999871068758783288e-01
2.044975168340812388e-01
2.182675897143843691e-01
9.999962782493837521e-01
3.688338174412352389e-03
9.819964918762121853e-01
1.118992408549081051e-06
5.407200549366809605e-01
