3.047822041616084451e-12
9.918303254807143698e-01
1.775539064287690039e-01
3.927159455779365149e-02
8.044877946590864859e-01
2.670071377081651751e-06
4.930243431424043837e-02
2.977537525795792006e-01
9.999497392958479614e-01
2.428748482714442394e-02
9.999987413456160601e-01
9.289789735909286250e-01
4.770956104606915993e-01
9.999979460370743700e-01
2.273744842060601654e-03
3.259658535114553710e-03
9.999269496517375622e-01
9.999998967411656281e-01
2.653941396392350133e-02
1.223339706859782666e-03
9.999301226744716775e-01
1.488315833215319789e-05
3.699789320012231153e-02
1.076776360789902520e-01
9.999917892635130645e-01
6.552749154104747786e-02
9.146750627488421195e-06
9.983066386898230560e-01
3.787611264259285217e-03
9.982849723739125603e-01
9.999996480525104037e-01
9.998895026031402455e-01
9.744264054915205975e-01
1.431446831074046321e-02
9.984004942494633106e-01
7.661019161644362363e-01
5.627828863370897272e-01
9.529505934431116154e-01
9.679135696250696919e-01
9.999998264773090062e-01
1.003240745412506537e-03
2.141429368243968553e-02
9.832393007790576345e-01
9.976006276461309996e-01
9.996417721482929730e-01
9.999461192832768131e-01
1.048595483706706195e-02
9.403726017019387040e-01
2.242033104929842813e-01
3.907446045126436451e-01
