-1.480329776969950828e+00
1.926809127120781229e+00
-2.425711266019945356e-01
4.019222500183201041e-01
2.260714026771065477e+00
3.811439882013473168e-01
6.002439411427495486e+00
1.591773402456856834e+00
-1.967315465683609821e+00
8.978363640555825143e+00
-3.665498344818437726e+00
-1.203404546931811980e+00
-1.183325424575503382e+00
-5.831020051753839084e+00
2.946283120426670621e+00
-6.423886325916750017e+00
2.840789955421347823e+00
3.181900065439187575e+00
-4.298670375903953733e+00
-1.711706795805457981e-01
