8.486294338923126013e-01
0.000000000000000000e+00
9.353171097740204942e-01
7.905053921690304186e+00
5.786446329571021785e+00
0.000000000000000000e+00
5.962704619087606517e-01
3.098959355051371656e+00
0.000000000000000000e+00
0.000000000000000000e+00
2.069135629017413880e+00
0.000000000000000000e+00
0.000000000000000000e+00
0.000000000000000000e+00
0.000000000000000000e+00
7.864482375113333035e+00
0.000000000000000000e+00
0.000000000000000000e+00
0.000000000000000000e+00
2.209818617585560752e+00
3.751745121167978425e+00
2.529178456836129740e+00
4.656515171361338190e+00
0.000000000000000000e+00
0.000000000000000000e+00
3.860614894221624294e+00
0.000000000000000000e+00
1.644024448699355823e+00
0.000000000000000000e+00
0.000000000000000000e+00
0.000000000000000000e+00
3.654753885516718537e+00
1.739537040287533198e+00
1.107929248304278858e+01
0.000000000000000000e+00
0.000000000000000000e+00
0.000000000000000000e+00
0.000000000000000000e+00
0.000000000000000000e+00
2.976615641799713163e+00
