2.267277943509028226e+00
0.000000000000000000e+00
1.657207436440924386e+00
8.791384943910140137e+00
7.610293808678465943e+00
0.000000000000000000e+00
0.000000000000000000e+00
1.201760562911541541e+00
0.000000000000000000e+00
0.000000000000000000e+00
3.769182215509741862e+00
2.405293543625902641e-02
0.000000000000000000e+00
0.000000000000000000e+00
0.000000000000000000e+00
8.371804797148186594e+00
0.000000000000000000e+00
0.000000000000000000e+00
0.000000000000000000e+00
0.000000000000000000e+00
1.694952165699108448e+00
3.994164353016011582e+00
1.986005013469016589e+00
0.000000000000000000e+00
0.000000000000000000e+00
5.000977672506120797e+00
0.000000000000000000e+00
1.794072952721097458e+00
0.000000000000000000e+00
0.000000000000000000e+00
0.000000000000000000e+00
5.052751113839336838e+00
3.678898514028816180e+00
1.117039809806441752e+01
0.000000000000000000e+00
1.034127454326212447e+00
0.000000000000000000e+00
0.000000000000000000e+00
0.000000000000000000e+00
7.175003157651683727e-01
