-9.993100627792202983e-01
9.827276510638897067e-01
-7.167280416495337425e-01
-9.935549097222344805e-01
7.591673560210857596e-01
-9.935757679580304869e-01
9.998722711690902765e-01
9.970768237758178554e-01
-9.989236211473897509e-01
9.999999919271914672e-01
-9.998590509632084844e-01
4.724710586851256777e-01
-4.417184554120019979e-01
-9.994566012125400967e-01
7.425273050609093595e-01
-9.874903076339759389e-01
9.218179856630489555e-01
9.870245749964029480e-01
-9.497454336846271605e-01
4.301192044767743194e-02
