4.293500536359346142e+00
0.000000000000000000e+00
0.000000000000000000e+00
9.385657391861512266e+00
7.924324544657667779e+00
0.000000000000000000e+00
0.000000000000000000e+00
0.000000000000000000e+00
1.842139218728984229e+00
0.000000000000000000e+00
3.250475649985846704e+00
0.000000000000000000e+00
0.000000000000000000e+00
0.000000000000000000e+00
0.000000000000000000e+00
5.973083632277012889e+00
0.000000000000000000e+00
0.000000000000000000e+00
0.000000000000000000e+00
6.552062859368324332e+00
0.000000000000000000e+00
5.865538896936842050e+00
1.909971756348944893e+00
0.000000000000000000e+00
0.000000000000000000e+00
0.000000000000000000e+00
0.000000000000000000e+00
0.000000000000000000e+00
2.743000763425993416e-01
0.000000000000000000e+00
4.949596215614783246e-01
3.470352043805734699e+00
9.574456294092098529e-01
5.275651760688532477e+00
3.922736699487625156e+00
0.000000000000000000e+00
2.439035190021919153e+00
3.448734199270524936e+00
0.000000000000000000e+00
0.000000000000000000e+00
