-1.566933995121216672e+00
2.337166853512585796e+00
-2.117705722205829311e+00
-2.043092701021346880e+00
-2.768033156758461510e-01
1.930603344873565996e-01
6.317058382982708054e+00
4.111143400528638026e+00
-3.076453474809833999e+00
7.325890729761450615e+00
-7.013646251221438810e+00
-3.869333098729239140e+00
-1.040224462796832006e+00
-3.003257299951994863e+00
4.008990161538467767e+00
-7.032718563839304160e+00
4.468740786913988572e+00
3.092668545360773624e+00
-6.296653614652812259e+00
3.192560521782505933e-02
