2.593839207648617749e-12
9.678849892702511282e-01
7.327192860229574389e-01
8.660110501349597631e-03
3.103042700300237544e-01
3.116920565521287823e-01
5.170377021975342859e-03
2.222223063710806329e-02
9.987714880965041786e-01
2.322444548339804097e-05
9.999843382764522781e-01
3.468421886746705929e-01
3.086187581656574686e-03
9.999804504423173146e-01
2.843846913016481997e-03
6.287979005443389627e-03
9.996166717822864145e-01
9.999998892273306295e-01
7.083767307911532137e-04
4.346158752242808010e-01
9.981712080096067918e-01
4.377815740396677984e-06
8.351168914650206609e-01
1.939215692612002162e-02
9.988154156367222702e-01
1.970905872224157085e-01
3.634821617055974263e-05
9.783723212627352117e-01
7.020469380602125872e-03
9.991946277689959244e-01
9.999999999716593369e-01
9.990715221188979367e-01
9.995864774389732199e-01
2.946687085437676220e-05
9.629099203866287038e-01
6.144369674106539038e-03
9.981410136059605254e-01
1.042994246748166765e-01
6.972878490076941937e-02
9.803849075075823372e-01
1.331121447110923672e-01
1.278985798932292042e-02
9.966495900439600319e-01
9.057869586663016559e-01
1.537379557875324654e-01
9.999919951343528846e-01
1.102733823677881381e-03
2.025099130108076462e-01
1.109766097555441684e-04
3.831879792737959145e-02
