2.280280046627926422e-12
8.251765514174896898e-01
3.975032490971009969e-01
9.043701271983398127e-02
2.503425091596544680e-02
2.317903449623630041e-01
3.050800107315870813e-02
1.702363943080842032e-02
9.990891522384982570e-01
1.789299820600825138e-04
9.999829173889209777e-01
4.856009030067205967e-01
1.899397007765935286e-01
9.999995897475648654e-01
5.811517113069175622e-01
1.599659048910674576e-03
9.999530551590086747e-01
9.999965167680782141e-01
2.071775750904360919e-03
8.805281837585822169e-01
9.995076926034062170e-01
3.702242221267027715e-04
1.125086287163190590e-01
2.284521882572479456e-01
9.969416771997260396e-01
4.416965800293604638e-01
3.847562071734777415e-05
8.403532749776886357e-01
1.249525710856791427e-02
9.999426805478575098e-01
9.999999996723825113e-01
9.990964638776528295e-01
9.877910921997645755e-01
6.015459130625493839e-04
9.741532435684234770e-01
3.165889956500116814e-03
8.823268784910347495e-01
7.801958262837254028e-03
9.866174894105214088e-01
9.839786511284498438e-01
5.966773623412491290e-02
1.737850565277727077e-01
9.986522572482148252e-01
9.996053623766756324e-01
9.881971351919911495e-01
9.995376269921827372e-01
2.068901228250305101e-03
1.516902006577799666e-01
7.035339772877108322e-02
8.649388334753962222e-04
