-2.934194137959180892e+01
-2.648622651033917030e+00
-3.092945974867813419e-01
2.426597998245135202e+01
-2.974389443606219885e+01
-4.983451740564989407e+00
3.804612475389011195e+01
1.621759478728383996e+01
1.532255059131348141e+01
1.553198667892177909e+01
1.067831042619933868e+01
-3.426125504244651410e+01
-2.228575860556883370e+01
7.824141766586671487e+00
-2.684236827140088977e+01
-4.347250374945626561e+01
1.714314622461431981e+01
-1.613018414388935895e+01
-2.093665066925349372e+00
-2.828578769736393106e+00
-4.405689220577299636e+01
-2.509368091374495080e+01
1.333928822907494904e+01
-1.334346521540611619e+01
2.405103082103624956e+01
1.261695997849351869e+01
4.856524553562381996e+00
2.999913559697828358e+00
-2.111596260000862557e+01
2.073003425071173211e+01
