-2.212144838926165846e+01
-1.675633627987020757e+00
7.299627879152806864e-01
1.469394010953074314e+00
-3.047395077695748355e+00
-5.007356573290899782e+00
-3.121220387580684985e+00
-1.083510107570429870e+00
3.179169626305641927e+00
-1.169997062556185163e+01
9.165353214006850990e+00
-3.477358523714384475e+00
-7.184072730318385780e+00
1.008306440089030609e+01
-1.960332228627760465e+00
3.436792884239574519e-01
1.053027967047525593e+01
1.471003063059541383e+01
-6.211759002206503233e+00
4.705785194639725000e-01
4.806112975201207504e+00
-1.497511549827721566e+01
-6.547840622860294779e-01
-4.059790487211900611e+00
1.005751293294011006e+01
-1.394148591322913688e+00
-8.521343575937876835e+00
-2.479909157507733219e+00
-2.616875430972952721e+00
8.949054963729484058e+00
1.743233463049329401e+01
8.318636176325416187e+00
1.490432057293717527e+00
-8.892220903184366421e+00
9.679877867653583934e+00
-6.142518437009686139e+00
7.117644993709114409e+00
-3.688787700181836104e+00
-3.935812776989303430e+00
-2.211916479172724603e+00
-5.441902246059700410e+00
-9.979726193082449015e+00
7.700518545674751358e+00
4.669253871032745806e+00
1.415852220374148374e+00
1.133194232811071878e+01
-6.356230066925722788e+00
-1.251693445023124740e+00
-1.395332424616052513e+01
4.512021111488738967e+00
