-2.309730797090427945e+00
4.815554442750419106e+00
2.702440743647989141e-01
-8.302947235399740222e-01
2.099360938258794995e+00
-1.133198376742851954e+00
5.083778745532985255e+00
-8.095078143388101388e-02
-6.584140572392018775e+00
9.688892549206100213e+00
-6.920689602811471275e+00
-3.867357293580170108e+00
-2.463335824878931213e+00
-5.249667793261199478e+00
3.236010671154196494e+00
-5.690918589790190829e+00
1.964933456267462519e+00
-1.056580338063342506e+00
-6.770754227077856457e-01
-8.238051719539991602e-01
