-2.375672081328646712e+01
8.174557854435826609e-01
3.927221215700940515e+00
3.668265058636805076e+00
5.940046332030497922e+00
-6.204731457373520165e+00
3.608778718126569585e-01
-7.598741103399007102e+00
8.136730886147077513e+00
-9.686665749727293218e+00
1.477461570444234340e+01
-4.560785874030188758e+00
-5.361309847343118662e+00
7.706123892760615490e+00
-6.884804062276597136e+00
-5.148954020952168698e+00
8.854968969358109732e+00
1.855611784724171542e+01
1.785054371419312114e+00
2.898177450480388107e+00
7.608694238804059928e+00
-1.821914694140230395e+01
1.079758976375341906e+00
4.582730353169430226e-01
1.092847922381964665e+01
4.750023781807111156e+00
-9.138197963087687725e+00
8.837274215182395309e+00
-1.860978019383892290e+00
6.328810964441260012e+00
2.537096457561093032e+01
-2.019439009717700184e+00
7.228165946492254301e-01
-6.838186087214450204e+00
6.968641055810947949e-01
3.736662163741705900e+00
6.344355538275572748e+00
-4.082180120379374166e+00
-1.504622064867145781e+00
9.654292118084018881e+00
2.306361451947850361e-01
-2.448660023144366704e+00
5.156106101291270782e+00
4.138331219284280493e+00
-4.404973767945206120e-01
1.389357413532069074e+01
-1.671829529191713704e+01
3.259335955482053571e+00
-1.736180861361352523e+00
2.205286649070123950e+00
