3.740709155398076469e-01
-3.318887300536371043e+00
-3.459637664676357138e-02
1.106033740654978281e+01
8.403305467993284594e+00
1.717817442102432812e-01
-1.692442156985199953e+00
-1.787458581880573272e-01
2.832262707518141465e+00
-1.067504478192923711e+00
3.331094675328093668e+00
4.782680041337474264e-01
-4.240354176790350316e+00
-5.070786707947434024e+00
-7.361867150308592400e+00
9.548792059487057671e+00
-5.010662403252628572e+00
-7.686940769870751478e-01
-7.736525877112065075e+00
4.997092863509124072e+00
-2.888827551183742237e+00
3.410259132485852440e+00
2.014946181303483907e+00
5.997509258018058897e-01
-3.713112650883747534e+00
-7.817576500518843563e-01
-1.403322445754711101e+00
-1.056648693354950819e+00
-1.529895984199133085e+00
8.570625386910117882e-01
-2.019089528905138931e+00
5.335403510695970297e+00
5.112724946904094736e-01
7.836154488901827087e+00
1.847713597429358590e+00
-5.132888203699050855e+00
4.408574335467615235e+00
-2.205284219758445463e+00
-1.176140730602520179e+01
-2.249686987825501028e+00
