3.979748694838347589e+00
-1.657696401717841717e+00
-1.795186514638979602e+00
9.962402164059902532e+00
6.772471486823810949e+00
-6.058759570835536845e-01
-3.557756543493527879e+00
-1.341905405569208565e+00
1.616269915336937091e+00
-3.295194286242811188e+00
5.000732555879300101e+00
-4.265234529069945602e+00
-4.103320979411329894e+00
-2.249476386497863967e+00
-8.254600028111820365e+00
5.547253463596184098e+00
-5.992412324010076397e+00
-3.301723244506570953e+00
-6.639711795100886604e+00
3.414689195720054471e+00
-4.250124243506384403e+00
4.211930997245007191e+00
2.567101978355626812e+00
-1.339514752497424466e+00
-5.997748626345935641e+00
-3.089425500100370758e+00
-3.654105953538030249e+00
1.901777232150128061e+00
-2.170886501764032417e+00
-5.654637652899964229e-01
-1.793156165990008155e+00
5.705962799916335371e+00
1.854603310668976324e-01
7.408489460847664354e+00
1.988395098787568482e+00
-3.418346571392986810e+00
1.769956635817404811e+00
-2.907875875306359603e+00
-1.239193785703967166e+01
-1.771776616439193042e+00
