-1.593560754060510121e+00
4.207022567644324695e+00
-1.580056159974603913e+00
-1.376367240787667034e+00
2.017635080636091871e+00
-2.034209033402147426e+00
5.153416094163262073e+00
1.166895018774001702e+00
-6.210856321792912915e+00
1.139146086248623213e+01
-5.305040742683546640e+00
-1.917388355165845715e+00
-1.292375271365046929e+00
-4.290757678846689238e+00
1.324630318977634946e+00
-4.537924930614136265e+00
3.513783054719657351e+00
8.546655033819642311e-01
7.214760618506640411e-01
6.447732296991596224e-01
