8.599477068487136436e-09
2.343286002143797273e-02
1.680550352127619870e-02
9.524838081876394469e-01
7.536675655423162867e-01
8.253753049960551591e-01
6.162369344216531708e-01
2.202651187874531818e-03
9.945832036727473291e-01
2.675499692323064023e-04
9.992670164749291040e-01
4.604907381311823533e-02
2.131285107511980692e-02
9.999913271908058565e-01
8.776781294299130787e-01
5.107530767034261787e-01
9.939291015322807565e-01
9.999999474118629328e-01
3.307511658148613032e-01
9.981353244834026972e-01
9.999668622307898991e-01
3.768724688092840951e-07
1.353156732177765997e-01
1.893977925334470180e-01
9.999607562433754371e-01
8.630405129052873825e-01
1.463767580422830201e-05
2.135648257204285638e-01
8.978145138347026766e-01
9.880601603928478305e-01
9.999999996102619804e-01
2.319316103277522384e-02
3.413397663766159496e-01
7.118666588951544361e-01
7.568118643049076555e-01
9.599630000550263276e-01
9.963228200234911514e-01
4.249965846439573425e-01
3.370823368378018658e-01
9.736448399836679091e-01
3.733491356409493478e-01
1.081492721695415105e-01
9.976275468196472707e-01
9.882761233596274453e-01
9.987613370300992832e-01
9.999934384373728724e-01
8.919682316859051636e-06
5.950259677778859529e-02
2.085633199225905778e-04
1.145597946644625192e-01
