-1.834437375941977777e+01
-7.437440328133726464e-01
1.735013510286998462e-01
2.584139988157862611e+00
8.452770797579878259e-01
2.581077045463249231e-01
8.742882096096249445e-02
-5.879967980456898502e+00
4.235079498701624701e+00
-9.772054853052189571e+00
7.846256063881360987e+00
-5.465773033647817414e+00
-4.463852549703865691e+00
5.043201329929235754e+00
-1.542499298941735209e-02
-3.088420802584527447e+00
3.688195699406938477e+00
1.646388912032333351e+01
-9.384444440286445754e-01
7.777711638838047392e+00
1.124751143633993777e+01
-1.009133460810555327e+01
-1.507265379478757161e+00
-1.821795548980074675e-01
1.096598098545909750e+01
4.294412316842723953e+00
-7.901546633042077161e+00
4.101157504339097315e+00
-8.209841678175460178e-01
7.978861039329562033e+00
2.422382804720972160e+01
-3.882079040238716416e+00
8.839311525365213251e-01
-8.357932841762660825e-01
1.008898416247357988e+00
4.792791452343523773e+00
4.345197832495797385e+00
-4.140284319098040733e+00
-1.142745339773012958e+00
-4.251982258919139390e+00
-2.829353648155312317e+00
-4.830852140090747149e+00
4.668278831836040865e+00
3.771146099478353442e+00
2.587368018050287599e+00
1.205046076733097138e+01
-1.205736012872295504e+01
-3.940288560427125830e+00
-1.037878306087413094e+01
-1.291731702956298911e+00
