-1.330923601253484989e+01
-3.582399768144304719e+00
-2.548916608946942475e+01
3.100197765145986750e+01
-4.311766765436448168e+01
-1.621050046763152785e+00
3.291869561572598712e+01
1.445273973942573065e+01
2.238423908251663264e+01
1.109158183509089923e+01
4.483154623329768995e+00
-4.344919130963966580e+01
-1.612875731249262046e+01
-7.973487744375686859e-01
-3.186543576463654404e+01
-4.055230604608392042e+01
1.559373362942272401e+01
-7.638841025576839527e+00
1.374677233032572587e+01
-7.708047603521619884e+00
-5.081660415449572099e+01
-1.889354610998128692e+01
6.952971033748509555e+00
-1.851134378440203321e+01
2.709813942015767907e+01
1.733829802527760933e+01
3.982288183537392889e+00
1.813575086907984968e+00
-3.285057777598267847e+01
8.931323300698812417e+00
