2.450331546943486316e+00
-9.209639386503210012e-01
7.342717888393901493e-01
1.007508348060820857e+01
7.135006250740663525e+00
3.078703667731169658e-02
-2.884683756879490080e+00
1.905025614645717180e+00
4.005577884057112570e+00
-3.453266778578018670e+00
9.128080084686929219e-02
-3.241095260644982101e+00
-4.104563683810477315e+00
-4.450172770447759163e+00
-7.017809064561357779e+00
1.118788768248327870e+01
-5.235621521622599417e+00
-3.448298912832743035e+00
-7.763685750172972355e+00
5.046383735284747374e+00
-1.658904386534145514e+00
5.874765837080321518e+00
2.504665622516963897e+00
-3.961089090034207061e+00
-3.056053872168897456e+00
3.454535787752206488e+00
-3.541129421875012007e+00
3.953733710129447854e-02
-2.578979569735015964e+00
-2.598746160409074246e+00
1.106201381076947321e+00
2.978355649564301988e+00
4.612038905970308633e+00
9.304007712774673422e+00
1.381704957041459902e+00
3.536601084954305030e-02
-1.757956603388144412e-01
3.046171712371486873e+00
-1.003173187609129435e+01
-2.335697858235302071e+00
