4.246483502150245393e+00
0.000000000000000000e+00
5.998317942458797347e-01
1.107411582124385241e+01
8.720385546013478262e+00
0.000000000000000000e+00
0.000000000000000000e+00
0.000000000000000000e+00
3.974234101575070177e+00
0.000000000000000000e+00
3.771516219753596300e+00
0.000000000000000000e+00
0.000000000000000000e+00
0.000000000000000000e+00
0.000000000000000000e+00
8.794087203763870875e+00
0.000000000000000000e+00
0.000000000000000000e+00
0.000000000000000000e+00
6.345997435055646285e+00
0.000000000000000000e+00
3.769775229466367783e+00
0.000000000000000000e+00
0.000000000000000000e+00
0.000000000000000000e+00
0.000000000000000000e+00
0.000000000000000000e+00
1.858725406756612575e+00
0.000000000000000000e+00
0.000000000000000000e+00
1.324922915022830328e-02
5.054761293008786183e+00
2.818743563272003705e+00
8.927823327218103344e+00
0.000000000000000000e+00
0.000000000000000000e+00
9.605186511373700053e-01
0.000000000000000000e+00
0.000000000000000000e+00
0.000000000000000000e+00
