-1.960792864477925335e+01
3.433640290937577610e+00
-1.460968292648751898e+01
2.400480273603945136e+01
-2.911793826472080582e+01
-1.581292600456375652e+00
2.952675629192285811e+01
9.068176341082313741e+00
1.281951798613164506e+01
5.943582519634341033e+00
5.972088852828091987e+00
-3.574421967860292426e+01
-1.995552233120949737e+01
3.903225097189743753e+00
-2.151336742626304499e+01
-4.073103516833744209e+01
1.272730108932962168e+01
-1.369204918429897155e+01
1.073765522807703121e+01
-1.329104749437970057e+01
-3.706168420122197915e+01
-2.725011341524752240e+01
6.496958369716150372e+00
-1.733144151953660028e+01
2.059493049762527050e+01
2.188673999996843378e+01
3.526042290619325392e+00
9.521550841928066333e+00
-1.402375274842386155e+01
1.451943420954408737e+01
