4.450075445059249013e+00
-2.481055069113268896e+00
-1.975589806825197359e+00
9.688582172215667754e+00
8.021496337926844689e+00
5.412554815505987715e-02
-3.325242173461787853e+00
-2.448191076054451187e+00
4.690179767032761404e+00
-1.353189372933547574e+00
6.278053834803134947e+00
-4.648118326400773270e+00
-1.085151774025226779e+00
-4.225004689799101598e+00
-4.285155801136401266e+00
5.015288191400088635e+00
-6.372100392236975885e+00
-2.252449677281708862e+00
-3.585312070119702987e+00
3.610733045011172315e+00
-5.381842088912836886e+00
4.644370907967329209e+00
2.287797269707305681e+00
-3.758964299739647075e+00
-5.154458803911016851e+00
-4.834115753718747577e+00
4.262922579238745957e-01
2.879958510488902501e+00
-3.112123213388360732e+00
1.405924127898042220e-01
2.181384932931685228e+00
7.449008921661537386e+00
-1.554205935784225501e+00
5.948505347566142909e+00
2.975156715804398111e+00
-3.128170936953986292e+00
1.212835154778133084e+00
-1.030916299730733510e+00
-1.044916357381205785e+01
-1.843195005323727820e+00
