1.618501567459636137e+00
0.000000000000000000e+00
0.000000000000000000e+00
1.041182529418281888e+01
7.111821336281292538e+00
0.000000000000000000e+00
0.000000000000000000e+00
0.000000000000000000e+00
4.860567070912098941e+00
0.000000000000000000e+00
4.725175070357331641e+00
0.000000000000000000e+00
0.000000000000000000e+00
0.000000000000000000e+00
0.000000000000000000e+00
6.836284853945576501e+00
0.000000000000000000e+00
5.650031399095150064e-01
0.000000000000000000e+00
4.486140104278975471e+00
0.000000000000000000e+00
4.583558103520493532e+00
6.510715125011994786e+00
0.000000000000000000e+00
0.000000000000000000e+00
0.000000000000000000e+00
4.812243402820827853e+00
2.144997942035852478e+00
0.000000000000000000e+00
1.474734714077043707e+00
1.782958808590243915e+00
5.662996036327118787e+00
3.056140881648665264e+00
6.754256072173859593e+00
5.719009502784691890e+00
1.147400524328707760e-01
3.343688336428304986e+00
0.000000000000000000e+00
0.000000000000000000e+00
0.000000000000000000e+00
