6.751795870216104056e-02
0.000000000000000000e+00
0.000000000000000000e+00
1.058343423552854468e+01
6.352905598894300176e+00
0.000000000000000000e+00
3.631013005122194492e+00
0.000000000000000000e+00
3.628196748862783316e+00
8.500863991669482811e-02
1.041238603920509931e+00
0.000000000000000000e+00
0.000000000000000000e+00
0.000000000000000000e+00
0.000000000000000000e+00
6.486076992822634502e+00
0.000000000000000000e+00
3.151043218866026230e+00
0.000000000000000000e+00
2.045715362867338349e+00
0.000000000000000000e+00
2.769929465106627742e+00
2.228973626172778832e+00
0.000000000000000000e+00
0.000000000000000000e+00
1.170688431217704828e+00
3.986090808614559666e+00
5.274004668313307498e+00
0.000000000000000000e+00
2.664642474612853196e+00
1.225418164855154757e+00
8.044836144693613633e+00
2.704624811726400679e+00
1.001014095708353580e+01
8.429321316747137027e-01
0.000000000000000000e+00
3.953309803429960745e-01
0.000000000000000000e+00
0.000000000000000000e+00
0.000000000000000000e+00
