-4.304145367608508188e+00
2.740994858632353370e+00
7.222746045108343615e-01
1.994315644831189949e-01
1.774460111296685572e+00
8.380479190164202841e-02
5.434366802269724239e+00
7.869664044429747207e-02
-4.613950081295357109e+00
1.012214628195783561e+01
-4.311819456866714972e+00
-8.016244028885579631e-01
-1.685581304500131550e+00
-6.524002432944179475e+00
2.878146722834695304e+00
-4.789698079807040543e+00
1.298807253622229485e+00
1.121349281528493114e+00
-1.655182011669230846e+00
-1.742046807683026166e-01
