-2.503135138430701190e+01
-8.551964455289946088e+00
-2.040970983823274576e+00
8.449763186401836990e+00
5.666826768597926112e+00
-1.123451998635879789e+01
1.033992634878686312e+00
-4.292062384935430686e+00
5.529568818647256023e+00
-9.988227023158861684e+00
9.542699977332452121e+00
-8.011994108996383090e+00
-8.183328655338998558e+00
8.237274162734447458e+00
1.421374529864304348e-01
-9.408539149075583197e+00
1.328444817071562767e+01
1.112338242416810452e+01
-7.769916412191890664e+00
4.600807594507909215e+00
3.488515995565159677e+00
-1.721748801185105648e+01
-6.378445105318512276e+00
7.683537423866597660e-01
2.041864045558110163e+01
4.574466537307631420e+00
-7.455064370730183576e+00
5.466134350006623954e+00
-2.777752261021138480e+00
5.198265942741004508e+00
2.483842882021125931e+01
6.697701000207947786e+00
6.628536640537787683e+00
-3.139878269541621414e+00
9.744719470282104723e+00
7.477644659893374346e-01
5.325955888775426139e+00
1.604186255616335544e+00
-3.899335291053090735e+00
4.870727117403792938e+00
-2.744886459776614718e+00
-1.196319130232055272e+01
8.614520576379986139e+00
7.436898442937611264e+00
4.460902940414753992e+00
7.519905882948598297e+00
-1.383889767092112777e+01
-1.536711141060594921e+00
-1.036182828072380957e+01
1.113781367540037515e+01
