-3.283465148422152868e+00
3.766249621075940190e+00
3.113290138580815380e-01
-2.941004282708717388e-01
1.450251593428045993e+00
3.381636518493862376e-01
5.618163900107885134e+00
-3.788835943604433876e-01
-5.230919143179764141e+00
9.890791296679589450e+00
-4.674498578438791796e+00
-1.638497836754781112e+00
-1.931263086987100808e+00
-6.503794608199356730e+00
3.203468443862171444e+00
-5.359692331654541952e+00
1.403438709751092528e+00
5.512330849308377800e-01
-1.654088694710135865e+00
2.477649076156553942e-01
