2.652190183958724625e-12
4.951042665068496051e-03
9.092173926481253391e-08
1.000000000000000000e+00
6.762876089320796852e-22
8.679429912490796983e-01
9.999999999994684252e-01
9.999990905578843847e-01
9.999999999999986677e-01
9.996502351188294444e-01
9.999845795087699551e-01
8.000794667485271085e-13
8.176662585176591985e-04
6.856769316562086208e-06
7.496710562519117236e-13
0.000000000000000000e+00
9.819613195509496739e-01
1.912513627474805158e-07
1.411471619257194735e-02
6.378006087451966531e-07
3.252772592062130516e-21
1.293750460636168299e-08
9.999999999762239078e-01
2.436237511509466475e-05
9.999999999999997780e-01
9.859846945427931386e-01
9.999576466766844085e-01
1.793436109740318557e-02
5.791500461161428753e-18
9.999999995754875748e-01
