4.744750490718128155e+00
0.000000000000000000e+00
9.629849631818760969e-01
1.098821463642161156e+01
5.940075748550036394e+00
4.979387944680918610e-02
0.000000000000000000e+00
0.000000000000000000e+00
0.000000000000000000e+00
0.000000000000000000e+00
0.000000000000000000e+00
0.000000000000000000e+00
0.000000000000000000e+00
0.000000000000000000e+00
0.000000000000000000e+00
7.885350963359495147e+00
0.000000000000000000e+00
0.000000000000000000e+00
0.000000000000000000e+00
5.015308118955051242e+00
2.606536173268504619e+00
6.914724655920370111e+00
5.876955087311133141e+00
0.000000000000000000e+00
1.599385410860890033e+00
3.444755653721826238e+00
8.147241498899671086e-01
1.443568151848327208e+00
0.000000000000000000e+00
0.000000000000000000e+00
0.000000000000000000e+00
1.793485019328360242e+00
4.129636520089164264e+00
9.611335731133097582e+00
2.924235516855172357e+00
0.000000000000000000e+00
1.682031233839977324e-01
0.000000000000000000e+00
0.000000000000000000e+00
0.000000000000000000e+00
