2.920780859267621407e-12
8.754719527650863808e-01
8.280075972859118894e-01
4.681586368636578462e-03
7.030166799333735506e-02
3.083874691826422043e-01
3.237545200646876897e-01
6.623287781154254539e-01
9.756888861338924857e-01
8.707234932587476131e-06
9.998709856862384449e-01
4.973969972300248954e-01
5.837440121014848549e-01
9.986659103362147683e-01
3.072401224604288071e-04
4.397118588612461410e-01
9.997137021214983488e-01
9.999998007577159953e-01
2.417842748507999847e-04
6.584554916945966063e-01
9.664412761279689290e-01
4.135205043079244591e-06
8.577013959352937089e-01
9.992525128808188439e-01
4.957034442443122302e-01
9.548234744140645658e-01
5.597368482137289422e-06
4.008807170502938777e-01
4.311829357002693736e-02
9.999520832165151862e-01
9.999999983123970537e-01
9.958838053197197615e-01
9.423775126064921626e-01
3.730689400303442010e-04
8.960368349552040312e-01
9.218006361250386752e-04
5.092997192832890985e-01
1.175588264882706201e-02
2.626743782409951544e-01
9.896687060894241439e-01
8.696657000601569140e-03
2.959180340324155199e-03
9.999998777106927639e-01
9.989572047418922018e-01
9.988184552836526509e-01
9.999232383909155697e-01
1.843909279593693813e-03
9.894992214422139165e-01
1.568922124011318080e-03
6.020969960106638957e-02
