9.788916344475347293e-14
2.710417736668880792e-02
6.882762105511151807e-02
2.685957094653563804e-01
5.894340878982179399e-01
9.166950443362019234e-05
2.502166631796151966e-02
2.568593228625991320e-02
9.981496291344205130e-01
1.534800013679113271e-07
9.999515889518854062e-01
6.404360210248623633e-03
8.268839753459175310e-03
9.999899274068020372e-01
1.739149275098829661e-01
2.280553931584055130e-02
9.999999918179479641e-01
9.999978376668764435e-01
3.232477090015787886e-03
8.699786148246932971e-01
4.718237745687376417e-01
2.119245762159627336e-07
3.696350507468292024e-02
9.771595529593802842e-01
9.937559760874070669e-01
9.047087354339324872e-01
4.188904826945912023e-05
8.612564434140267400e-01
2.146222089383293015e-03
9.988042847673648250e-01
9.999998479084741820e-01
9.979186492484665161e-01
2.670891727222504675e-01
7.125599328950277256e-02
9.953305425363015990e-01
7.341093260357581807e-01
9.974524235329250699e-01
2.158864906169828679e-02
5.290736350518373543e-01
9.988254867809306381e-01
8.558015803070035954e-01
3.956159644522436181e-03
9.999683158307760555e-01
9.985754602019759618e-01
3.130759310110953902e-02
9.999939211650601401e-01
3.030905651827668526e-04
1.476621034273473687e-01
4.122162335061019950e-02
9.747802925033082211e-01
