1.385914231678976419e-13
7.565012399806518850e-01
6.003395114053259450e-11
9.999999999999533706e-01
4.377492213322260699e-21
8.055227219577597575e-01
9.999999999431676834e-01
9.999995959117337074e-01
9.999999997870003821e-01
9.999137586445662196e-01
9.791764239010330995e-01
1.921948741943727269e-16
1.007406179145880283e-05
1.085071785419907120e-01
1.521502235626463588e-12
5.820210833279165804e-18
9.999993097137147569e-01
1.111994557958787675e-06
9.955145405246230705e-01
7.490447672851797112e-06
1.947784725143568656e-21
1.827829275218419637e-10
9.999995887420337626e-01
2.978877026518007514e-07
9.999999998300383997e-01
9.999988692788428502e-01
9.988756804049309102e-01
8.200846492269769916e-01
4.231150309415342177e-10
9.999999521639492128e-01
