-9.992333445566665695e-01
8.860890671845630395e-01
9.187916274195748745e-01
2.125101826779765835e-01
8.665324582449239754e-01
9.223751709903736939e-01
9.984534537952221012e-01
8.706962918001499852e-02
-9.949649435519070106e-01
9.999999964863008906e-01
-9.999747910823545416e-01
-9.626903941178351909e-01
-9.541334969121182397e-01
-9.998430332925400954e-01
9.949265838159406794e-01
-9.996264736717807020e-01
9.998638706481254301e-01
9.263817311481434835e-01
-9.998022590941068044e-01
-2.162253021417895049e-01
