1.644051297606059148e-10
9.669977175721977680e-01
9.592055224391359269e-01
9.781279426988213066e-01
7.429402779917508859e-01
3.528136941854223566e-09
1.647891007451718626e-01
1.277145858552390378e-01
9.382886559934473514e-01
3.308045477979398483e-04
9.999988959498106178e-01
6.086852346488253851e-05
9.919594838916232504e-01
9.999947499977408505e-01
6.015032969294836253e-03
1.596727930209369210e-05
9.999999970414747974e-01
9.969810062573613019e-01
7.362482997888242231e-01
3.714369723236226830e-06
9.960370803354454683e-01
9.565180464166218866e-03
5.530044277092188709e-01
9.952244065709637821e-01
9.999869174995991150e-01
1.528233292802259613e-01
2.684790730562838443e-02
7.635295269484282388e-01
1.112562129968307483e-03
4.070420983392794567e-01
7.794671342752596682e-03
9.969921242114175852e-01
1.240489963386019866e-05
1.415991170634246224e-03
9.329899195323306804e-01
6.606169182222284553e-01
9.218616884841567272e-01
3.845628997994248732e-01
9.346680158026620111e-01
9.999980449572675179e-01
1.332101383794784396e-03
9.600489086183249254e-01
9.668554631558771151e-01
9.942323215156260163e-01
9.993711038826911253e-01
9.962212061129347429e-01
7.184000655465097411e-04
9.772265614361455022e-01
9.999970837251334066e-01
9.999935711795115978e-01
