4.353037976675998344e+00
-1.567196704524640083e+01
-1.275191920145580049e+01
2.307654740469603638e+01
-1.882640352290652430e+01
-8.650962878352990160e+00
2.805976749544625548e+01
7.859829691961930820e+00
2.069282778223278996e+01
9.378562895886133788e+00
2.321340684457517067e+00
-2.864907222756912830e+01
5.069949098637910545e+00
-1.045790169914312351e+01
-1.906659463543560662e+01
-2.330426899274894126e+01
1.300832402500911478e+01
-2.505901526193402784e+00
1.619557957718881624e+01
5.385727519804365926e+00
-3.592980204186854110e+01
-1.877565501958442695e+01
2.391671409880194332e+01
-8.676806321898126839e+00
4.584908931452514480e+01
2.035285817983980650e+01
1.749497781864182500e+01
4.654463649214310994e-01
-1.660710111231261621e+01
1.384431589729779510e+01
