3.947800377396461008e-09
9.993179424490991059e-01
9.886869702292349071e-01
7.659782384861144600e-01
9.999857272599984581e-01
2.895975226192883665e-09
8.904306280106731863e-01
9.819815454104479091e-01
5.722241847292007799e-01
2.920269002992614826e-01
9.999975044315945194e-01
2.602559450320264642e-04
9.180984368458932066e-01
9.998672207295268288e-01
1.841373104670029686e-03
2.345576380974701697e-02
9.999997680849612713e-01
9.998931303753383348e-01
4.691315603519577378e-05
2.700893481025309402e-05
7.624785156871705105e-01
2.715175412880369986e-05
1.048096831893459598e-02
2.848417078758145315e-01
9.999998224860859874e-01
8.062808587619366696e-01
5.993483281558175113e-01
9.033901390410691290e-01
1.763811366211003419e-04
9.297093259609863214e-01
9.910502574529103104e-01
9.456869909751444148e-01
1.234606192854927481e-01
5.717151819092087806e-01
9.999966112564356857e-01
2.159029459853320509e-01
1.778253704851581220e-03
9.863999329210589861e-01
9.583059482127831430e-01
9.999999958229888186e-01
1.788062519006627163e-08
7.607596009117989192e-06
9.582660687679778189e-01
2.817680422499910589e-02
8.588677119517637015e-01
6.041075893064407065e-01
1.781049497290065398e-04
9.732220576757730779e-01
9.850809415055211682e-01
9.999999814032566325e-01
