-1.389704673433694992e+01
-9.251031348808799848e+00
-2.186312267223667760e+01
3.049105923962848053e+01
-4.288213856561976201e+01
-3.054752374124848124e+00
2.607966632222355940e+01
1.837360224488472582e+01
2.625913971214546550e+01
9.551390853523894720e+00
2.381976516890045747e+00
-2.965877678598103984e+01
-7.202594839669129279e+00
-1.898248301417970740e+00
-1.838172668500061491e+01
-3.008575054311124575e+01
1.326355316931998551e+01
-6.222118703904714110e+00
1.082021983089613215e+01
-1.594478430851326234e+00
-4.407323222815055885e+01
-3.070805056813341238e+01
1.367392940973446969e+01
-6.999635104584673861e+00
2.530765852161209750e+01
2.092770599468882153e+01
6.975976064565734269e+00
2.496343738444731120e+00
-2.156970667258743291e+01
2.138880776232896963e+01
