0.000000000000000000e+00
0.000000000000000000e+00
0.000000000000000000e+00
1.006049615549593135e+01
7.651317567243999918e+00
0.000000000000000000e+00
0.000000000000000000e+00
2.337298178032634510e+00
1.854766255336104397e+00
1.275485537263838509e+00
3.020879736081250933e+00
0.000000000000000000e+00
0.000000000000000000e+00
0.000000000000000000e+00
0.000000000000000000e+00
8.292148438401694577e+00
0.000000000000000000e+00
1.302042206629164145e+00
0.000000000000000000e+00
3.958890002384761075e+00
4.616379900869924668e-01
2.464190965294077440e+00
7.907731286813071137e+00
5.203655558202547660e+00
0.000000000000000000e+00
2.505744076356749339e+00
2.227733610930907382e+00
1.659992781766573611e+00
0.000000000000000000e+00
3.563259899533334774e-01
1.125776712734323892e+00
8.555867341981123531e+00
4.877099929772546361e+00
9.491015486775554066e+00
4.162057195266307019e+00
0.000000000000000000e+00
3.674061504503325359e+00
0.000000000000000000e+00
0.000000000000000000e+00
0.000000000000000000e+00
