-9.979196401240050252e-01
1.266160926215895710e-01
-9.174215279029374059e-01
-4.220173836292058500e-02
8.972997601922186872e-01
4.328878389682248862e-02
9.999301554713545537e-01
8.908982059434564782e-01
-9.997745142669868246e-01
9.999999990681169848e-01
-9.999412427249407820e-01
-7.345591316898937295e-01
8.211933559477587741e-01
-9.920095820139610554e-01
7.023651262534055251e-01
-9.995625946372470594e-01
9.999853687001993841e-01
8.941750020686919376e-01
-4.101507196417277235e-01
-2.636369650258361674e-01
