7.254596016684516924e-01
1.076024757847273035e-02
2.459642463000205950e-14
1.000000000000000000e+00
5.511609770462713213e-22
1.088400079401282382e-02
2.749067922024586719e-02
9.999999995832271615e-01
1.000000000000000000e+00
9.999563168943630398e-01
9.999999999983637533e-01
8.883461881301957002e-09
9.991047381158227880e-01
2.415123364726586269e-11
7.051554001481214265e-03
3.705289039637153880e-19
9.999999998868362994e-01
3.684623377980609582e-11
2.440671088252175929e-07
8.456010556250989074e-01
0.000000000000000000e+00
5.981180826670127182e-01
9.999999999999038547e-01
2.158006436424970281e-02
9.999999989099739306e-01
6.964591426595881929e-01
9.999999979235190128e-01
1.080717132103723993e-09
5.428782421196441856e-16
5.776137351332115699e-01
