-6.868217410004803902e+00
-4.413642846886798310e-01
-1.678734140484947623e-01
-1.725707262983004059e-02
-3.983606629666211596e+00
1.774555216396413337e+00
3.695161195102341090e+00
-2.366134694240756176e+00
8.619385805565151770e-01
6.019988157841735799e+00
-6.000032166575727466e+00
-2.335327112407211025e+00
7.664419251982576009e-01
-4.817077542494693887e+00
4.471763188694768409e+00
-2.120268215850974247e+00
2.112701593734674255e+00
2.858992447504886680e+00
-6.677108691445984512e+00
-4.547434721398561308e+00
