9.998426808096404494e-01
9.993497513121852860e-01
9.469805048030432992e-01
1.153795461312476928e-02
4.233315014790179354e-01
3.489715735638402114e-05
9.653838667325869149e-01
2.858893061512507994e-01
3.380358620191514230e-01
7.566429894153058333e-01
2.280624109581370212e-02
9.997845929738883308e-01
4.772055550476016483e-01
1.470323686482933267e-04
1.498061400547515675e-05
9.818582444575363333e-01
9.997454945441198726e-01
3.985132922844736672e-04
2.717303508172616089e-04
6.311623910786024945e-06
4.540525762838859126e-06
9.869680113427878876e-01
4.335791132661386271e-01
9.998492570588597417e-01
8.439538831631636373e-02
8.508014769104871311e-01
3.826295072715880420e-05
3.701909078646889537e-03
4.772713196589550844e-01
6.481164191488627234e-03
2.746194510522905105e-11
8.385585528683134893e-01
1.234592731457866133e-04
2.357155117444745263e-01
9.531298798457270571e-01
4.054769462918428368e-04
9.579075602591481386e-01
3.241966859158169808e-05
1.289010890137002024e-03
9.958980673327010313e-01
1.415548418088325919e-02
4.349142803898589475e-03
9.995622847712429815e-01
9.876921998219715393e-01
1.899925185979004227e-01
5.114588321895693207e-02
9.988851252694288529e-01
9.999999265989779618e-01
1.948466155272181657e-02
9.963293588167554393e-01
