1.145854534666359337e+00
2.799441586229973744e+00
3.297916664483875770e+00
6.203853908115229743e+00
3.964632149653363857e+00
0.000000000000000000e+00
0.000000000000000000e+00
2.475886602483845955e+00
0.000000000000000000e+00
6.106457279719171183e+00
6.039945739594698715e+00
5.226265391529477888e+00
0.000000000000000000e+00
0.000000000000000000e+00
0.000000000000000000e+00
6.535557493193535628e+00
3.174691936192935326e+00
6.281959570229534329e+00
0.000000000000000000e+00
2.549365755333361960e+00
0.000000000000000000e+00
4.250828431021693277e+00
5.211466119638918926e+00
7.432397680633513914e+00
2.722454100845184133e+00
3.893585887277879021e+00
7.768259933079765922e+00
1.591905497099886269e+00
0.000000000000000000e+00
2.612818681085230743e+00
0.000000000000000000e+00
0.000000000000000000e+00
0.000000000000000000e+00
7.090647273896929725e+00
0.000000000000000000e+00
0.000000000000000000e+00
4.754479931570698703e+00
0.000000000000000000e+00
0.000000000000000000e+00
1.672233638056132676e+00
