-9.995603749655349590e-01
8.989768664337762782e-01
2.062249471585789196e-01
-2.200255717986124016e-01
7.194494657494638901e-01
8.761222633885549227e-01
9.998322198072524536e-01
7.051798595856026974e-01
-9.987791752695241998e-01
9.999999891148337872e-01
-9.999879230083273951e-01
-9.571007998570948416e-01
1.862605773545905341e-01
-9.993564154860183901e-01
9.970421256692122425e-01
-9.999937700003564967e-01
9.993840450587773150e-01
3.724351948827660519e-01
-9.897743412120049156e-01
2.665771649590743461e-02
