-6.927511675211602826e-01
1.403375340187698583e+01
1.634297145426121034e+00
2.585878252050356352e+01
-1.952921091606945225e+01
-1.146570335790576856e+01
6.032840489861689193e+00
6.455674122160910855e+00
3.872028290855165533e+00
3.278395875356758360e+00
1.461498140903180776e+01
7.356978382378609460e+00
8.956634791352986014e+00
-7.961631928068166886e-01
-5.021313950241885316e+00
-2.703299204469450956e+01
1.270601841742275973e-01
-8.038794598661743507e+00
-1.622004076162649966e+01
6.664551609563012846e+00
-3.470934208840593982e+01
2.444436159786598850e+01
3.009825299623400241e+01
5.037111349955583073e+00
1.881375065395337742e+01
-2.730383483503035613e+00
2.623270908527589640e+01
-9.316295210912619140e+00
-1.239070400033135577e+01
3.678664857818972678e+00
