-4.942620026145903012e+00
-2.572499037612958617e-01
-1.092012824309232855e+00
-2.056189765769782241e-02
-5.191974843651634863e+00
4.561919249186743297e-01
7.992770105632850175e+00
-9.487270467900748017e-01
-2.694208221100471867e+00
8.500873587394643494e+00
-6.506589002228516883e+00
-2.779330560203521205e-01
-1.299028654692124363e+00
-4.919816855754199914e+00
5.184878002011174658e+00
-2.661662809502416405e+00
6.466032789754760923e-01
2.746739149654086276e+00
-2.455048655983159023e+00
-6.681448220776137426e+00
