-9.989083322040922530e-01
9.055124174815212257e-01
-7.951569983678921094e-01
-8.539055128725580035e-01
-9.983265182031065832e-01
5.172302309701291012e-01
9.999559212133358743e-01
4.359766589720801000e-02
-9.999302568496242216e-01
9.999911651915546207e-01
-9.999952801952191050e-01
9.810670002938471912e-01
8.229531963619048929e-01
-9.994057896749323211e-01
-1.620436435453855850e-01
-8.809018086563883410e-01
9.688191501125957839e-01
-5.406313279841201691e-01
9.204449175605722289e-01
-9.723693612389169294e-01
