-3.176688228585772933e+00
2.762758799870637993e+00
3.940037455402446209e+00
1.138598243590863701e+00
3.499618786243858803e+00
-1.869837823222683326e+00
-3.254260875430456390e-01
1.463537250745192031e+00
-6.449237243625025151e+00
1.052262876097938893e+00
-2.980444307365087919e+00
6.284131144872639574e+00
1.705235003902467739e-01
-4.316817202830675271e+00
4.827108375693311970e+00
2.641099350040756022e+00
3.675755836200876647e+00
-6.157626128963527012e-01
1.848392900697133800e+00
2.698450044234236511e+00
-2.949931179377893287e+00
1.258375186085278763e-01
6.009186606978820677e+00
4.218327809215844937e+00
-3.109293895297832400e+00
3.796927057952260043e+00
2.608582078409927618e+00
4.698834235662293857e+00
-5.331832362671178771e+00
5.511800702995160783e+00
5.988552415445146382e-01
3.335524193518493608e+00
3.301577725950864739e+00
5.043603146487050104e+00
-1.428120243495426323e+00
-1.140901204660104185e+01
4.771198246151442390e-01
-4.229789917330838200e+00
-8.989518916506801460e+00
-1.101189154325543207e+00
