9.878104510923083836e+00
-1.673879572910194469e+01
-3.889638350322993432e+01
3.808009957137154089e+01
-4.593386630453653652e+01
-1.981281687974258965e-01
-1.405521863109258751e+00
1.288091907002746872e+01
3.235719214671947697e+01
8.699788618293119669e+00
7.223554901667045058e+00
-8.024910569443061803e+00
3.152093089073436616e+01
-2.518399891453953998e+01
1.778698862888913323e-01
-1.742468781160139457e+01
8.937030289068361721e-01
5.634850396487130375e+00
-3.348458292487928034e+00
6.208539534554633477e+00
-3.158161765766856632e+01
5.329988010397352483e+00
1.387684270670677122e+01
8.198109275026164156e+00
1.062149065286341276e+01
1.720222459854547026e+00
1.602405609968036160e+01
-6.602893418488159583e+00
-2.723255339061081060e+01
4.442204025021018410e+00
