9.999999973270745635e-01
3.427992044300002261e-01
6.323765052863258296e-01
4.442544340385028850e-04
9.387294023789126418e-02
9.982436554995729461e-01
7.604179507323368184e-03
9.972371976476337441e-01
1.009201586093623872e-03
9.999994059219540210e-01
2.914350667060093048e-06
9.996581782508008329e-01
9.998600512800874807e-01
2.767452609208877895e-03
9.947616258364323505e-01
6.000397840070372801e-01
1.137583648951329022e-05
2.298688836771742582e-06
9.971997838667860936e-01
1.306703638120320643e-01
1.121492155988127988e-03
9.999997216602181105e-01
4.056011188050765055e-03
8.177726151387217923e-01
3.592990613734723884e-06
4.903164446698632939e-01
1.898289030878045486e-02
9.752990353465704754e-01
9.994185217989770553e-01
3.374453485280330158e-03
5.855940014436881194e-10
1.286861533859890577e-02
4.065541119640055795e-02
7.576761686019579667e-01
2.426330311598723800e-03
5.577204695632620446e-02
9.173095068095439564e-02
7.132296281204275612e-01
2.971131292186611206e-01
6.172238960113396455e-01
7.498885988475054720e-01
9.998880114534045571e-01
3.463465132971845222e-05
4.241842679147402317e-01
2.405216651568279074e-01
2.082030410113021952e-04
9.999964393069762369e-01
9.811084438988877388e-01
9.993421879361880089e-01
8.720920116882011630e-01
