6.724500296224926288e+00
7.784869905691067515e-01
-3.868860557596234884e+01
4.051282952255045444e+01
-4.480094659699092574e+01
-1.493724138846665772e+00
6.152689898243694167e+00
4.691315074541957841e+00
9.449838175683076713e+00
1.179420555627291556e+01
2.569175154749035794e+00
7.615596443836371243e+00
1.799021416461757639e+01
-2.238271728544579275e+01
1.674919138766576054e+01
-2.646105436653344611e+01
-1.692481026869898653e+00
9.652808431817515356e+00
-1.245831898722629028e+01
7.260186533753893556e+00
-1.522363163473636583e+01
1.580185081839919015e+01
4.613351373584380077e+00
1.879171461893425032e+01
3.553046404110553169e+00
4.308481571863662651e-01
1.152288675135599050e+01
-7.795785204229765952e+00
-1.333571317536533485e+01
1.053055400560135801e+01
