9.999999999590190036e-01
9.967142557027982575e-01
4.103871096417968656e-01
1.291460675701828391e-03
2.140898247142992150e-01
9.997727295791223323e-01
7.962511794631378370e-01
5.043729007394981423e-01
3.391274386922476700e-04
9.999409823872632552e-01
1.852169938670327086e-06
9.989123228252257958e-01
9.985423483062074723e-01
1.546114948413300147e-02
9.664841815355469379e-01
8.977172893460921843e-01
7.809913664807184434e-05
4.131097062579247574e-06
9.210556828866056645e-01
1.947308190973537356e-01
5.789543933834765234e-04
9.999999944822028919e-01
1.345048651085178348e-01
9.595526319723736153e-01
1.562114526738064108e-04
9.880326418285055867e-01
6.757803452440243053e-01
4.629816506986100810e-01
9.967412831991669941e-01
2.587790366990645741e-03
3.226984610674259131e-10
2.425667262502059914e-04
5.622632680805828703e-02
9.999117432630864055e-01
7.042602328146702824e-06
2.769525135853709991e-02
1.010442537568273375e-01
2.198219109286766726e-01
6.094114942496957621e-01
2.925037395926039993e-02
1.800842962542530956e-01
9.992419660483206068e-01
1.076632423928237893e-03
6.480467596703151645e-02
8.170851723242115172e-01
6.344668218666241340e-05
9.999361817901434302e-01
9.892050189363537083e-01
9.988006270778840845e-01
1.615424432074967238e-03
