1.361275817296095925e-01
9.277093448233485473e-01
-8.379672819402450568e-01
-9.215595274066523679e-01
8.971523746298406543e-01
3.549706165578878775e-02
9.999878904843585437e-01
9.806151265590686839e-01
-9.822648544952817806e-01
9.999999554314318306e-01
-9.999968543959214529e-01
-9.993849745694149966e-01
-8.627333720366695546e-01
-9.965185395755361553e-01
9.972419644960592855e-01
-9.999956164140673120e-01
9.999788488748718729e-01
9.988866963883918926e-01
-9.999591734479926775e-01
2.825721893082218661e-01
