0.000000000000000000e+00
8.707511390057970146e+00
7.300901319851520910e+00
2.316895998060457540e-01
0.000000000000000000e+00
6.195099482334753827e-01
0.000000000000000000e+00
8.310288476171576733e+00
0.000000000000000000e+00
9.336845381637050023e-01
6.859587339327589683e-01
3.626688582638537106e+00
0.000000000000000000e+00
0.000000000000000000e+00
2.324585862507656309e+00
4.572300781099789546e+00
3.883387551202573729e+00
1.707953635741356280e+00
6.334253516315574428e-01
0.000000000000000000e+00
3.397575151362823398e+00
5.721981419292149207e-01
5.321360737755286507e+00
2.761032082720927594e+00
1.751647795693100917e+00
3.980045560397974747e+00
0.000000000000000000e+00
2.653794636553072461e+00
0.000000000000000000e+00
3.131459836226337057e+00
1.763868408242347252e-01
0.000000000000000000e+00
3.126494714067464820e+00
6.336356275521148440e+00
0.000000000000000000e+00
0.000000000000000000e+00
5.041516742405155460e-01
0.000000000000000000e+00
0.000000000000000000e+00
0.000000000000000000e+00
