-9.995102240825296525e-01
8.617664667192029837e-01
-9.981973040392557728e-01
-8.387403026783039062e-01
-9.997312764216181868e-01
-4.707792119053652025e-01
9.999874091270585241e-01
-9.308259488372059298e-01
-8.559152086517649582e-01
9.999765842300312180e-01
-9.999607598325477298e-01
7.078163270791866246e-01
3.298320750479131203e-01
-8.358523358057398100e-01
9.997072589842702639e-01
3.828131355696504090e-01
9.987191571693232461e-01
9.909769637345828830e-01
-8.370489636877382900e-01
-9.999996476680924617e-01
