-4.157232422677344275e+00
1.300168252136323366e+00
-3.505358702375018787e+00
-1.216909952869329015e+00
-4.457420053048471331e+00
-5.110709509375287452e-01
5.987839630659074430e+00
-1.664538667007714023e+00
-1.277865636108682423e+00
5.677618152454208200e+00
-5.419468608086834394e+00
8.827941051774643721e-01
3.426398193218021526e-01
-1.207248863340769862e+00
4.414611522259983545e+00
4.033516847559798779e-01
3.676371755131140340e+00
2.698299920787460504e+00
-1.211232987029761343e+00
-7.775919595475784263e+00
