-1.352309406601224007e+00
6.804780455930134586e+00
7.177083885503519056e+00
3.967844719059081537e-01
-3.740518560549868976e+00
1.788482406367131405e+00
-2.255961600288227120e-01
6.341256831499862301e+00
-6.133570484958314140e+00
7.488593551059407050e-01
2.818231209676322457e+00
5.126832818162572636e+00
1.487085543203884086e+00
-6.433433034410185769e+00
6.069369401311917933e+00
2.806288444255760517e+00
5.066833385657278477e+00
1.533858911000477665e+00
7.759837291629868572e-01
1.344397016506289066e-01
8.135400922202749019e-01
-7.952168448079379726e-01
4.372826226560011520e+00
5.269009191007121728e+00
-1.307876799670315560e-01
1.250126257140472097e+00
1.705947355789895870e+00
-1.244387621794668108e-02
-7.846614926685493430e+00
3.913364835854926671e+00
4.480456610512543847e+00
2.104041742150313254e+00
3.832069982294316723e+00
4.343492840598471183e+00
-4.999536619251288450e+00
-9.143305176298824222e+00
1.178286617909917400e+00
-1.867074673882715974e+00
-1.933081115830281860e+00
-5.527124505809572597e+00
