0.000000000000000000e+00
5.761666371004752207e+00
8.770522251542919534e+00
0.000000000000000000e+00
0.000000000000000000e+00
0.000000000000000000e+00
0.000000000000000000e+00
6.481853767048768589e+00
0.000000000000000000e+00
0.000000000000000000e+00
2.850803991455614028e+00
3.882205830027853466e+00
1.915859426815208710e+00
0.000000000000000000e+00
4.597456922630113851e+00
5.188478237129388937e+00
3.423926290154672092e+00
0.000000000000000000e+00
0.000000000000000000e+00
9.329550098643354383e-01
5.528593387556699490e+00
0.000000000000000000e+00
4.650211825479013683e+00
6.364348335119878186e+00
5.106075027766210361e-01
3.865065276306047348e+00
4.598127685651678398e-01
1.024787845886735216e+00
0.000000000000000000e+00
3.892428656850482671e+00
4.629176017963476220e+00
4.877035857968421428e-01
7.494950680009033306e+00
5.694345572076454864e+00
0.000000000000000000e+00
0.000000000000000000e+00
5.657035483705245005e-01
0.000000000000000000e+00
0.000000000000000000e+00
0.000000000000000000e+00
