-4.896464325559157338e+00
-2.874820891578666604e-02
-1.777796479712510314e+00
-1.561149145343873279e+00
-1.846800281813883338e+00
-1.273003256604163802e-01
5.697665212840862026e+00
-4.726196971498492161e+00
-2.383630986385182560e+00
6.934990220402950101e+00
-4.603754017625477424e+00
-1.268993811953728512e+00
-4.606797778851323133e-01
-4.993212802780947257e+00
2.567562168499823994e+00
-8.107470574389202822e-01
1.602885960314960334e-01
1.769629628223299722e+00
-1.544838868608617855e+00
-6.401273432715048450e+00
