9.999996517372227167e-01
4.403020441337386624e-08
7.844104273755559329e-20
1.000000000000000000e+00
1.322089851504410942e-20
8.416559299455109664e-08
9.999959322561965402e-01
9.999999999998296918e-01
9.999999999999988898e-01
9.999999999176567567e-01
9.895117438514707819e-01
9.606691780749881941e-10
9.999969640734660548e-01
1.345427249690037573e-12
9.999654092727711108e-01
2.312524846376881370e-17
2.951637690213173570e-01
9.995966307609754908e-01
1.253837231142462859e-04
1.125735134309207258e-07
3.397417016115515449e-13
9.999699711597466179e-01
1.040626078730960617e-06
9.974701235009862943e-01
3.806183964388576467e-04
9.999994052733787164e-01
9.999999917436309671e-01
2.548797501417143807e-04
6.699522282249691812e-12
1.473654009637515852e-03
