-9.999998988622476048e-01
-9.331037538479536320e-01
-9.999975857944979341e-01
-9.909943557795097835e-01
-9.985135668919620233e-01
9.619583753356764078e-01
7.339748486245699644e-01
-7.738696444923638396e-01
-9.947134864234502549e-01
9.980563922354968032e-01
-9.997502380790467269e-01
-9.840643510903444025e-01
1.744336892879271572e-01
4.742169929757114599e-01
9.653798435897404939e-01
-9.982566277326724302e-01
8.659551746598421751e-01
9.953942337954019282e-01
-9.992535258192384306e-01
-9.999999685066034427e-01
