3.427161832784388906e+01
5.949682000551741012e+00
-3.696832140307932391e-01
-4.935588262876601462e+00
-2.357383036321198944e+00
1.724067242878210848e+01
6.900182245657624946e+00
-4.074293067357809051e+00
-6.661245773570487749e+00
6.090279381400870662e+00
-1.655949500936617724e+01
9.166645942640149869e+00
5.407972055941300482e+00
-7.913576404162942168e+00
-1.169888790544619805e+00
7.007446530745292890e+00
-1.450002087144079965e+01
-1.056989146699754478e+01
5.732707089347704787e+00
-8.546019166424816405e-01
-1.959140413283026128e+00
1.332777760996335914e+01
2.284929945425190123e+00
-3.480058744952166272e+00
-9.536722136068105371e+00
-1.341214310080252492e+00
4.618492682250506576e+00
-2.674705261183931704e+00
8.906786731589992456e+00
-5.322893845869185014e+00
-1.659913894245845256e+01
-2.642236362555049567e+00
7.162290585498761075e+00
7.375197512101420827e+00
-2.304362450326126854e+00
3.300988432795052052e+00
-1.812734168137377422e+00
-2.409257361669141784e-01
-4.035871011944911935e+00
-1.102707323450469801e+01
4.826202120317124589e+00
1.276221165971636040e+00
-3.426522771431960379e+00
-9.422339126747113269e+00
-2.461027139830719523e+00
-3.208072178343885028e+00
1.110333532735242912e+01
4.815794846129364259e+00
-8.446533791519293288e+00
-7.181329307952253771e+00
