9.906972393614453809e-01
1.337063795683398555e-07
2.934612301124097122e-13
1.000000000000000000e+00
8.951310449557216815e-20
9.106340061200141056e-02
9.999999994725223829e-01
9.999999999648905291e-01
9.999999987152927705e-01
9.999999999622786184e-01
3.013108832050423805e-02
2.461139497405163815e-04
9.999992123158123469e-01
1.829323122350916665e-06
9.999977851151303776e-01
1.715537407858357854e-16
5.393806882948333596e-08
9.999845913537335207e-01
1.844515505662271084e-09
6.682963538210239386e-05
5.490919065421952412e-14
9.999999981871212640e-01
7.182268998514680369e-01
9.999999984477943027e-01
9.981373761317469118e-01
9.884484469081402658e-01
9.999999999994340083e-01
2.106709145663547365e-08
2.111651060149624780e-14
9.988704050504538801e-01
