-9.999970983074033537e-01
-2.484507690221092746e-01
-9.999133901435111049e-01
-5.973042886918868977e-01
-9.740331683855341094e-01
3.464713701656573219e-01
9.997109740797939237e-01
-8.443678984586182601e-01
-9.975790381021177877e-01
9.995428068828163815e-01
-9.999889725936254026e-01
-9.966120366938422404e-01
-7.790259940748175405e-01
-7.276609488575491724e-01
9.878905003004175844e-01
-9.852373007252333004e-01
9.906711923109163820e-01
9.601363574915804389e-01
-9.469548307818401733e-01
-9.999998901603955881e-01
