6.811764160149150982e+00
-2.177566910086412566e+00
-1.243459295238997697e+01
3.433726721520292813e+01
-4.413166421835104103e+01
-5.825351564174049201e+00
2.561268535302772520e+01
3.419174351275961588e+00
2.674510244168532580e+01
5.694350217992329100e+00
-4.283848547977585852e+00
-6.716543288545426371e+00
1.571150409611407284e+01
-1.628620592790219135e+01
1.282173337377192901e+01
-4.086118176589481266e+01
-9.560089206847084853e+00
-2.341200619471940580e+00
-1.060628964694558185e+01
-2.023908532168765539e+00
-1.831884432080987324e+01
1.210138310931123584e+01
-1.106475394585925009e+01
7.258083860272308563e+00
2.084552167773723852e+01
-3.246222592172459898e+00
1.364358586009908869e+01
-9.940760599932749741e+00
-2.118386291111329456e+01
5.398840771923048898e+00
