-5.254599406003513939e-01
6.338676332328123664e+00
-1.348416485144323396e+01
2.776050664318137251e+01
-4.441952757012943209e+01
5.458981451955888797e-01
2.781615353695704229e+01
3.534560817792612220e+00
2.178309743421011291e+01
1.228626963078503564e+01
5.087075743205917711e-01
-7.028168738501016755e+00
1.253745606638206311e+01
-1.708475720547538756e+01
1.111327685645382957e+01
-3.360125592324622090e+01
-3.927957252760736484e+00
-3.484740540940113984e+00
-1.242871113572805086e+01
7.492945760634426300e+00
-2.416512817452075979e+01
2.238096629566184603e+01
-1.159935670551631226e+01
3.703843095293181342e+00
1.347483271519294057e+01
-6.492424416608345794e+00
5.994683857026418039e+00
-8.554037594154545232e+00
-2.217553891262762633e+01
1.638877528234944814e+00
