-1.331955286583865528e+00
6.958624816027039195e+00
8.159623944406073193e+00
2.710722980533524673e+00
-4.724674094467705032e+00
5.870560265367448238e-01
8.762284233702686276e-01
2.889492655903407758e+00
-3.781320434913407524e+00
1.928719550650052739e+00
8.657882735476650771e-01
5.167761047709420907e+00
-1.061733397076086050e+00
-6.804851225450766705e+00
5.005673132852404450e+00
4.699833051720421651e+00
1.141237743822197004e+00
4.818380089473156547e-02
-3.505147961919157229e+00
4.516118066442174950e+00
-1.574572688625084371e+00
-1.225740419693917893e+00
3.219253774652891309e+00
5.935965828038654024e+00
-1.266654134043980751e+00
-1.339606130196877132e+00
3.790721382508059900e-01
1.095615190065774680e+00
-9.222562153972901910e+00
4.480557369414468916e+00
2.573083443486669619e+00
1.973031954221213358e+00
5.530186065552812558e+00
3.925976251697070651e+00
-3.817670350314577021e+00
-1.169983474618814157e+01
2.245018303425831974e+00
1.917510548267298720e+00
-7.507505879615826494e+00
-3.577112827540173789e+00
