-3.511086177207873416e+00
3.611429290416428017e-01
-2.583841477409629661e+00
1.600978297389606286e+00
-3.757687305492404040e+00
9.139408540415612237e-01
5.478179702012766938e+00
-4.528690529312562774e+00
-2.506072181807122767e+00
4.168021111724140582e+00
-6.035412953667877112e+00
-4.113080917865461039e+00
-1.349364340347615654e+00
-3.594848718295224010e+00
3.130898121847300430e+00
-9.874855385894495408e-01
2.213218615500903930e+00
1.473823910229721257e+00
-2.452137274524193611e+00
-6.964213609400895066e+00
