-9.997125276938393368e-01
9.214195108147702484e-01
-9.569210936010780211e-01
9.822129925199100109e-01
-9.337319259397329763e-01
8.857318517511529876e-01
9.999850652656940841e-01
-9.982940185850505133e-01
-9.996734918312315532e-01
9.999964375036287656e-01
-9.997969079940526305e-01
-5.036627899038227385e-01
-7.287623585587233999e-01
-9.999846835748591456e-01
9.988083241429026593e-01
-9.932195270440939971e-01
9.538165094216808360e-01
5.905659436207624235e-01
-9.957098477306114415e-01
-9.999982001693102918e-01
