-5.709771166898847561e+00
3.297932907392202573e-01
-3.374846268638087565e+00
-9.302154045824184703e-01
-1.329586959333847407e+00
2.804475148470328527e+00
3.556037849738538981e+00
-1.881566109896039007e+00
-1.368322420416584917e+00
6.797583398301661362e+00
-4.509506283135685578e+00
-1.773733846266759562e+00
1.210929085717561859e+00
-6.076503076480888055e+00
2.482335954530597633e+00
-3.404888969524142883e+00
2.362983397130248520e+00
5.202071508584264592e+00
-9.914339067779071257e+00
-3.277792044726358878e+00
