4.093044123992284788e+00
9.107774806256344391e+00
-4.477666728677890973e+01
3.715020090652985374e+01
-4.126582478643418739e+01
-1.626583730305849684e+01
1.286683447177693340e+00
8.298087658720774584e+00
3.754542521605998928e+01
7.172821211220505866e+00
2.976373044569383453e+01
-3.721996767922829186e+00
1.873496109934067988e+01
-1.064668888550275128e+01
8.414876854091188463e+00
-4.001783306001416207e+01
1.761308448280985317e+01
-3.311359265133552388e+00
-6.618138870635599247e+00
7.798249218422729889e+00
-3.571875881343322590e+01
5.077369682015117291e+00
1.425498454026050332e+01
4.416975926384879791e+00
1.875049931159377081e+01
1.724137697181439499e+00
1.876758540092410854e+01
-2.458808623200654075e+00
-2.168002390740466012e+01
4.194322853321478028e+00
