9.999990006388428387e-01
6.141006894889423640e-01
2.404116097109661615e-11
9.999999999999975575e-01
2.571736077891606894e-15
1.092274877122899202e-12
9.999986640688772743e-01
9.999999999732123168e-01
9.999999999999995559e-01
9.999474624896976804e-01
9.999999999494215697e-01
6.152698720326472970e-02
9.999781146135935384e-01
9.758812852955788264e-01
9.411382871180742349e-01
1.486425100315739380e-16
9.817006576257497619e-01
6.566292010499167331e-01
3.563251872624667756e-03
2.298459003057993708e-02
4.307150600220331096e-17
9.947279556404395873e-01
9.999999902433788224e-01
9.247025137132223183e-01
9.999999999843083298e-01
9.974405884909890441e-01
9.999999455988860531e-01
6.710602012659437870e-05
2.717802691694497427e-10
3.286888304528851612e-01
