-6.746808374271177300e+00
-1.802884146106909835e+00
-3.984253343964679672e+00
-3.241787767777276064e-01
-4.120287888130657272e+00
4.949282996497867959e-01
6.815241715391251454e+00
-1.254922061258745281e-02
-2.622765940573250187e+00
6.617215105350446436e+00
-5.977052561074403414e+00
-1.815208320905999262e+00
-1.708656013712667621e+00
-2.066963566926743212e+00
3.789958047700197508e+00
-2.101781432201683675e+00
3.151353255527621577e+00
4.436597892786975805e+00
-1.895088733364066247e+00
-7.450052450371400070e+00
