-1.404427341024956366e+00
2.398723841207985430e+00
3.877435202455866481e+00
2.619243026883995018e+00
4.136950154897041543e+00
8.147836437392552700e-01
5.400093174902278470e-01
4.863858934778071408e+00
-9.058885983036010003e+00
3.679898707102238653e+00
6.364253553533662178e+00
3.041825601615839592e+00
-5.620056952549281171e+00
-1.024631281345992306e+01
3.309935977367465476e+00
3.043021624615725784e+00
2.208716164463104370e+00
4.055915836043238798e+00
1.162396542945432376e+00
1.016172810760660461e-01
2.083283037038387020e-01
7.662641695841020395e-01
6.567214179246075645e+00
7.456631404775704297e+00
2.022673345763261743e+00
2.982638716151968516e+00
4.536990318083552687e+00
1.192846691477479570e+00
-4.255014096623737530e+00
1.689896132897253933e+00
1.406076796949241814e+00
4.124177589856010684e-01
2.293474728123418238e+00
5.880530460429392647e+00
-1.262866178209587353e+00
-2.889082618202324149e+00
3.530419586154569522e+00
-3.607028009370520927e+00
-3.380099064891125771e+00
-4.991654077699730907e-01
