9.999982582826851818e-01
9.995351226266964151e-01
8.742061949502216711e-01
6.177343750295171548e-03
7.681124901001125382e-03
4.896253758058592420e-01
9.927802846181301710e-01
9.132448408009308238e-01
3.442181038481110546e-03
9.966105906016338167e-01
1.324305022887205382e-03
9.944393075734662135e-01
9.997950463648219710e-01
8.574635257557569612e-03
9.373310286661786783e-01
1.362513370920821754e-02
1.458159479693636740e-01
1.413424144437750820e-07
7.301592795546288372e-02
2.755702145222103179e-04
8.465806392099218527e-05
9.999995450245459105e-01
3.074056020527798916e-01
9.978211018180502823e-01
5.371621883938155128e-04
5.508988912946727323e-01
8.187529374973594454e-01
2.515881148653432747e-04
9.733637058855378887e-01
9.822694874960128525e-03
4.788127430260503819e-13
7.130027704336548977e-01
1.377885332521537403e-04
9.974633407699264875e-01
6.380728356511562449e-01
3.756599290269992120e-02
5.736830524471452780e-02
3.293631571515829859e-01
4.454015609529762137e-02
8.759733532576498005e-01
1.578126351626670714e-03
9.649919667063080464e-01
8.457836951261185066e-01
8.679759553113289838e-01
9.615301427672974244e-01
4.529306531080754764e-04
9.999769648974141667e-01
9.724578003286996619e-01
9.727398937531662737e-01
9.996874224004537179e-01
