0.000000000000000000e+00
2.423678361003978488e+00
4.172039333012220297e+00
4.847628179393833614e-01
5.424893977589808625e-01
5.732242359829311518e-01
1.324369232897346205e+00
6.777782153509244623e+00
0.000000000000000000e+00
1.679074191489754675e+00
0.000000000000000000e+00
5.526246591332968805e+00
0.000000000000000000e+00
0.000000000000000000e+00
4.656635617179644804e+00
4.409238726621806492e+00
4.463101669390675319e+00
7.668977084105466080e-03
3.215544496011357722e+00
1.058897266955904026e+00
1.625396714194150327e+00
0.000000000000000000e+00
6.317411414665736302e+00
5.430518343736733478e+00
0.000000000000000000e+00
2.739934626017897390e+00
8.233582534455727853e-01
2.744791232735452891e+00
0.000000000000000000e+00
3.297155296481597109e+00
2.476879673436187090e+00
2.822054921997614318e+00
5.450059725363889385e+00
5.394214911812944990e+00
0.000000000000000000e+00
0.000000000000000000e+00
1.091647832899007353e+00
0.000000000000000000e+00
0.000000000000000000e+00
0.000000000000000000e+00
