-9.992636237063811100e-01
-1.638299284377124909e-01
-9.990455918286156312e-01
-4.121632622394047485e-02
-9.813694980882654573e-01
9.573641319107401015e-02
9.999514113442007357e-01
-9.713841700681317137e-01
-9.991412303606993506e-01
9.999895655016194373e-01
-9.998584917188190202e-01
-4.890658555573816901e-01
-6.175478825788693893e-01
-9.817286214111494713e-01
8.513917082224088384e-01
-9.743993489548943288e-01
9.984794406666969158e-01
9.514757726440435937e-01
-4.226638500272560384e-01
-9.996914532978753432e-01
