-9.999976750744530296e-01
7.469268509977174952e-01
-9.989968630585275289e-01
9.211508562076347051e-01
-9.991270139711103671e-01
9.781979054473963764e-01
9.979205041166591128e-01
-9.938616004164063655e-01
-9.945143395959269439e-01
9.983983876506675736e-01
-9.999362740640665992e-01
-9.984961481267036199e-01
-8.652087868794231529e-01
-9.990934787683803942e-01
9.973480107549526075e-01
-9.978986217703658124e-01
-1.854087112088007583e-01
8.004346757849771787e-01
-9.999785608180943308e-01
-9.999975273918146890e-01
