9.999996197802691889e-01
9.222169263602714162e-01
9.369041056418702107e-01
4.170473979169743071e-04
6.960458419367945293e-01
9.985279409083110957e-01
9.909909433996838546e-01
9.192698027064600819e-01
6.964214376423401927e-05
9.999931084749899002e-01
8.950854784508517181e-05
1.853391159105330713e-02
9.999973121301801715e-01
8.620021936991194983e-03
9.978346786514230571e-01
4.922607850045384592e-01
1.626779457127098454e-04
6.223209800340288834e-05
9.999939193156469619e-01
6.632794117257543309e-01
3.371465818850147007e-04
9.946002830249865978e-01
5.681465346009672863e-04
9.708014859215876591e-01
2.672671812181514580e-06
5.306317814899468299e-01
9.956874879704412651e-01
9.974266781231228007e-01
9.999799334934131867e-01
6.335142260257458080e-01
2.420917996384609244e-08
1.941722843758275096e-05
4.577486729712047508e-01
9.999308465047851424e-01
3.582546731014619318e-02
9.995426685685475654e-01
4.615676220722362243e-03
9.990092173834126399e-01
5.592320561274001511e-02
1.878530601724810456e-01
1.168570586188887907e-02
9.994914633485822986e-01
2.395867690765297875e-02
1.938194350889766576e-02
9.636975577343397797e-03
4.977344603565207228e-03
9.816448734720167879e-01
8.154247158373268967e-01
9.994995320980647469e-01
9.999890128005664014e-01
