1.845887733098546590e+01
1.720631314104168696e+00
1.038359228684067714e+00
-1.089834229133084342e+01
-3.655185910425411966e-01
1.435110962644525578e+01
-2.987420957897881202e+00
8.226240626169895265e+00
-8.903065578147700165e+00
1.786970878460051892e+01
-1.290339561061649931e+01
5.145473430921215119e+00
9.328265231568167337e+00
-4.368401074144751206e+00
8.114822591362628401e+00
-1.416776830049975011e-01
-1.596712030475434219e+01
-1.235363683137927104e+01
1.040958385088436522e+01
-1.881451176788419555e-01
-2.119212470378458057e+00
1.475456739897409442e+01
-2.895298320381729074e+00
-7.050569192940054908e-01
-1.144297406269752315e+01
3.056245286928195082e+00
4.858746604653634282e-01
4.421050118456092193e+00
6.242375604547637735e+00
-9.329800189703578717e-01
-1.851342246093111754e+01
-7.076577884042593247e+00
1.460057819521280553e+00
3.516621510360828928e+00
-1.008478049003805666e+01
1.679093483667003284e+00
-2.721811214446871574e+00
1.877325985960900390e+00
-2.499047231594083485e+00
-5.928649579805460590e+00
-2.257017622622173203e+00
1.002981449156627036e+01
-9.246095190871116642e+00
1.182382658436851086e+00
-2.416095493330099764e+00
-7.366473346750535001e+00
7.841689105663030013e+00
5.659967352609466928e+00
9.085345760882177046e+00
1.447611278152663328e+00
