2.305554276233057109e+01
3.386610433151441946e+00
-3.165193409051223483e+00
-1.011108187858920715e+01
-1.485725403235607311e+00
1.832967664251631490e+01
1.779825071429941952e+00
1.002678158939947828e+00
-9.229381793113905275e+00
1.144608262150178923e+01
-1.773773870223273619e+01
5.234593088645337566e+00
4.751751207698609036e+00
1.574605575217197462e+00
1.039736627076124265e+01
1.034845232646913971e+00
-1.323595148243799891e+01
-9.143874578387851670e+00
7.389281829897700327e+00
7.506665491775279087e+00
-4.168296274130520729e+00
1.949079682346469511e+01
5.654294351738990976e-01
-4.299753324005556543e+00
-7.467372779755081069e+00
3.518469958260363573e+00
-8.694816101658298102e-02
-2.049312208254261414e-02
6.360237528529680162e+00
2.412019757816863397e-01
-8.236011678851175688e+00
-1.203636301941354603e+01
3.523945429130139306e+00
1.077451097696073035e+01
-1.684292493503074084e+01
7.701983743182310604e+00
-6.030429930945709893e-01
5.520123425253469218e-01
-2.953964209014161568e-01
-7.809917739525135794e+00
2.551670646315739699e+00
1.205109255649379918e+01
-1.439527027181608787e+01
-4.546852555246583272e+00
6.875581376916833909e-01
-5.630551050743099140e+00
7.104248849341228578e+00
4.864323160768901033e+00
1.158489134197255943e+01
-1.156201215842104624e+01
