2.486148620823299282e+01
4.154864000454390194e+00
-3.800759488233935723e+00
-6.145412276656232464e+00
-1.764122672350372900e+00
1.834792595735355292e+01
1.134031528537959410e+00
-2.059936791736632689e+00
-9.300515940462190656e+00
1.264728196311802755e+01
-1.629455157265265797e+01
4.680835304097903382e+00
8.964311565743097177e+00
2.242458094185442619e+00
1.189928519871079082e+01
4.681286985313771076e+00
-2.055264077567482417e+01
-9.059147691147012793e+00
1.038325292688629453e+01
1.250851427810985150e+01
3.177537785991476627e-01
1.791524339475011374e+01
2.773719170542961354e+00
-4.006338453657822818e+00
-5.883864472060793993e+00
3.080536269462853305e+00
6.079168229473386198e-02
1.739859058299848105e+00
1.075172108897068135e+01
-3.995177944663141911e+00
-8.022475994483722062e+00
-1.611658072540870279e+01
1.906091916290822308e+00
1.191897571273417000e+01
-1.479905733665508194e+01
6.652901351127175289e+00
1.112759551336846675e+00
4.332601264117939444e+00
5.313005479255499708e+00
-1.085798237958576351e+01
-4.888434357523815388e-01
8.706911304518783368e+00
-1.508564128737765131e+01
-3.308642937246324855e+00
-1.038440724655198988e+00
-4.803254272935701508e+00
4.643583714335873580e+00
-4.561726219370345614e-01
4.064421648487027028e+00
-1.062881082406030231e+01
