0.000000000000000000e+00
8.134412114089549561e+00
5.883829872877267775e+00
1.221528855766758737e+00
0.000000000000000000e+00
4.655708477040424675e+00
0.000000000000000000e+00
2.316118885306456932e+00
0.000000000000000000e+00
0.000000000000000000e+00
2.511420198128451187e+00
1.383918270651404825e+00
3.175765101841871996e+00
0.000000000000000000e+00
5.337699209073201168e+00
2.713304840196831158e+00
2.900425713581471054e+00
0.000000000000000000e+00
1.383321064821779078e+00
0.000000000000000000e+00
0.000000000000000000e+00
3.122733521208973517e+00
2.667376658446089621e+00
3.618323152224039774e+00
0.000000000000000000e+00
2.043689466625276729e+00
0.000000000000000000e+00
1.647087662849012979e+00
0.000000000000000000e+00
2.526401942315990468e+00
3.014422378018393189e+00
6.511541609144133602e-01
3.655335410811392904e+00
6.508847705430821584e+00
0.000000000000000000e+00
0.000000000000000000e+00
0.000000000000000000e+00
0.000000000000000000e+00
0.000000000000000000e+00
0.000000000000000000e+00
