0.000000000000000000e+00
8.484355596795722931e+00
8.240572248035936909e+00
2.175266752622309507e+00
0.000000000000000000e+00
4.728545327892061501e+00
0.000000000000000000e+00
3.326854412020198382e+00
0.000000000000000000e+00
0.000000000000000000e+00
3.417151743074714698e+00
8.063635637300916592e-01
2.302451582315447443e+00
0.000000000000000000e+00
4.781410597696470255e+00
3.391547163083739047e-01
2.093696938969821897e+00
0.000000000000000000e+00
0.000000000000000000e+00
0.000000000000000000e+00
6.523753961249887379e-01
0.000000000000000000e+00
2.510293630136120946e+00
5.830495341228873585e+00
0.000000000000000000e+00
0.000000000000000000e+00
0.000000000000000000e+00
4.339209394578712464e-01
0.000000000000000000e+00
2.278748157191780255e+00
3.711232215234598897e+00
1.050705475112312381e+00
3.382048499701312494e+00
5.891043305132933838e+00
0.000000000000000000e+00
0.000000000000000000e+00
0.000000000000000000e+00
0.000000000000000000e+00
0.000000000000000000e+00
0.000000000000000000e+00
