2.607359912877845431e+01
-4.199916348160098067e+00
6.677546043476676463e-01
3.459840179762304846e+00
-1.314770525432660708e+00
2.345621327113015653e+01
5.348710476423430116e+00
-4.200686944154218949e+00
-5.456804311898953763e+00
1.665987008272546976e+00
-1.503227856214023284e+01
-2.225875006531254030e+00
-8.082045118029095310e-01
-6.706234841278394754e+00
1.706783738486143065e+00
5.092774352696491924e+00
-1.911630765489550399e+01
-6.320169353982737270e+00
7.982824145858032239e+00
1.172108284180434623e+01
3.046216361329223687e+00
3.947231250278160797e+00
8.348418935804323482e+00
-1.045812878558290571e+01
-8.426648677685722788e+00
5.170416196791117969e+00
2.768777039679127583e+00
7.219088488296125483e+00
3.325638357645233967e+00
-6.361933772207364335e-01
1.017373449147252806e+01
-1.401949020392051537e+01
6.069119716571736989e-01
5.166528416553129333e+00
-1.136753772008594865e+01
1.237525117253156637e+01
-1.823323740636664247e+00
2.026839311032889945e+00
-1.541793582090065895e+00
-1.233243856563670704e+01
8.038032942038849882e+00
2.073000136651847569e+00
-1.366081046717319580e+01
-1.358161805758161478e+01
-5.747184310146259634e+00
3.276071521298149936e+00
3.563033927369506415e+00
3.847459199909560201e+00
1.330064918710985866e+00
-1.110509590783893330e+01
