7.013676326638008463e-04
1.657685107703276220e-02
9.555848621691823300e-08
1.000000000000000000e+00
1.519510950260821219e-15
2.785973497883738562e-09
9.999999999997424283e-01
9.997874094637496656e-01
9.999999933321961354e-01
9.998782296777192213e-01
8.231856575213160054e-01
3.476212092749764560e-15
1.053789405380657634e-09
9.999982524131446615e-01
3.176933993219425795e-12
6.003405603230546916e-22
9.999999204012729459e-01
1.054692301037569030e-01
9.974370368939471376e-01
5.646156922012478543e-07
8.437670467143327447e-21
9.999999999955857533e-01
5.814577367632724237e-06
7.011400315219383783e-01
9.999999534052805839e-01
9.996841343800130231e-01
9.711650607279265213e-01
1.096892775052599073e-05
1.878156758386417936e-20
4.384394353040976127e-05
