2.110163031819717006e+01
2.891627695701845191e+00
-7.150449927996509025e+00
3.009014221251528287e+00
-5.066218285206079308e+00
3.423295582015792426e+00
1.263361529701320096e-01
-3.364083926409755509e+00
-3.957292441757510382e+00
-1.382741514025017970e+01
-1.089195010928765228e+01
5.918224630244479201e+00
-8.322793539506267990e+00
-2.504471165492390572e+00
-6.973482548296916939e+00
3.326231431643100755e+00
-2.220665978313765554e-02
-7.661268711947088583e+00
-1.264495366019032829e+01
-1.007902691578788978e+00
-3.081528192660917265e-01
7.843738730589793207e+00
1.243899370791394077e+01
-9.804079738249923182e+00
2.849993701481214892e+00
-5.976575220551791467e+00
1.254834641798202588e+00
-7.382106581927605493e-01
-7.531634166813288900e+00
-5.793444284198757899e+00
2.647845830909763443e+00
6.024678042943169665e+00
4.595146432373683254e+00
2.577515269755886074e+00
8.517312308407079868e+00
-8.230631478520521682e+00
-4.893896961110316468e+00
3.546957271114510313e-01
1.032236897629743799e+00
-8.914870445412732991e+00
7.647015111426953560e+00
-7.119272115514498012e+00
-8.357429535015068467e+00
-1.630568128817777662e+01
-1.363187134790315280e+00
4.632817657942744916e+00
1.356895223731024203e+01
1.037640556361056232e+00
-6.281451842452987933e+00
-1.207827906909647098e+01
