7.208635264828260336e-01
1.399648226314270660e+00
5.772174427330623914e+00
8.497989495356522482e+00
1.963233258770729295e+00
2.378867796473192797e+00
2.518302392743820395e+00
4.324848174207309270e+00
9.155131256207157953e-02
-2.526545972788108330e+00
1.679663278001169768e+00
-5.657956893404236354e+00
-9.194417114862234175e-02
-5.381318079353578199e+00
3.431179918497064385e+00
7.270887559699778180e+00
-8.977285061395070542e+00
2.967632798398745386e+00
-3.009575042870539452e+00
-9.802362624585514439e-02
1.471344650274230226e+00
4.022135972956235150e+00
4.330806171037123953e+00
3.406799589754131663e+00
-1.946945211269128340e+00
2.635155839547210554e+00
3.718281706376354023e+00
2.983679643819931560e+00
-3.354861826070589359e+00
-1.480165444039516887e+00
5.214206417823862516e+00
3.721235372255810692e+00
6.586199623984129836e+00
7.110486284046531935e+00
-2.490375731701800488e-01
-4.241888768727310577e+00
-1.093544874708236359e+00
8.747471654183867074e-01
-1.017395345862863731e+00
-8.458592598570274790e-01
