8.184486606485879889e+00
-5.270496038006264872e-01
-5.439720633367078895e-01
9.642122391406953597e+00
-7.979626085556209780e+00
-5.611196121930963621e+00
7.113553689112973366e+00
-4.779007036370536809e+00
2.856367587776976746e-01
-1.047573259000332868e+01
7.523821255104249373e-01
-1.199385983169337644e-01
-4.858530690923606343e+00
2.015677111228348917e-01
2.269727787201373026e+00
-7.706848010559662399e+00
1.208482744430818545e-01
-2.601678325265096792e+00
-1.126917978998679004e+01
2.516269441834300680e-01
-4.393575574845661968e+00
6.127456045768254755e-01
8.155140497381729858e+00
-6.403538286812604952e+00
6.488620234597769709e+00
-1.031886472730405657e+01
7.036287264281964049e+00
-1.117760665255204700e+01
3.073123272507094050e+00
-1.935929768710515031e+00
-5.733106275161713228e+00
1.087891885058739305e+01
-2.921762887847584977e+00
1.982013863791853181e+00
6.612129592225286956e+00
-6.499708190891201554e+00
-4.161747411405311681e+00
3.274923367683369335e+00
1.242889283013776547e+00
-3.642799834259901726e+00
-2.035861338113841068e+00
-8.936440382185487863e+00
2.463957075180901235e+00
-5.320944657083530593e+00
5.411940450761464128e+00
3.292617728915772091e-01
7.727624324686979129e+00
-3.092499104891904160e+00
-1.133720314427732134e+01
1.603636522825193644e-01
