9.975624163532982314e-01
4.656628161038194880e-01
6.245060911091614153e-02
9.989702667272203351e-01
5.839609630339225310e-01
7.162419195588825465e-04
9.999268398712636285e-01
1.930696323996715646e-01
8.682511572436314440e-01
8.929616223526880858e-06
9.663392137508302060e-01
4.959486169754491469e-02
1.007134477057653171e-03
9.380332309673124203e-02
9.827477253299844451e-01
3.324821527854963238e-02
9.983696975741561674e-01
7.839298945947182906e-01
5.469322240676994813e-04
2.122244506919803986e-01
1.957951248713311193e-02
3.138038658291875671e-01
9.283729308563879457e-01
5.168110890883509390e-02
9.999937025314921124e-01
1.412513669014018453e-03
9.999200380920997278e-01
4.703042991122597328e-06
1.206245259979885631e-01
3.588001346256037838e-01
9.257305768989451070e-05
9.993996514858866087e-01
6.283954875289502514e-05
9.998125404085633772e-01
9.975811339855874538e-01
1.533085551771157630e-04
3.752599752128329795e-03
9.467773348661769894e-01
9.346531961244884945e-01
6.174925723699795088e-02
7.536853618414711686e-01
1.073416161545600936e-05
9.659687643133139101e-01
1.799792749016465641e-04
9.978271192695177261e-01
9.371689862902695678e-01
9.971673594526804241e-01
1.233470420418385401e-03
3.279263008737709484e-03
9.961195608350110753e-01
