-9.890068517222566635e-01
9.041279752575845929e-01
2.671687349892585273e-01
1.260938754412104651e-02
-9.524760139440894280e-01
-4.076460770214056506e-01
9.999973015764567208e-01
-8.852950188288500888e-01
1.300117902585821994e-01
9.999999978057578787e-01
-9.999916426379513723e-01
-9.999672916135143863e-01
-8.548572164396285311e-01
-9.991729729192544429e-01
9.999794471237183346e-01
2.170471683844789890e-01
9.910395599779572295e-01
9.998899641642789993e-01
-9.944544000263355610e-01
-9.990952232203057504e-01
