-5.210038022583117545e+00
-8.294433314533526946e-01
3.177144782284380686e-01
-7.029823335872065204e-01
-1.119914534458585464e+00
2.810135994302510376e+00
4.060247931411842259e+00
-3.643522813721686848e-01
1.665419864228147695e+00
6.261987589792544995e+00
-5.436076842516944119e+00
-1.701262606309259295e+00
-9.933288383930671817e-02
-4.544465593484863675e+00
4.264889948003416364e+00
-2.605758570610000380e+00
5.368121305423009915e+00
5.023974329647427517e+00
-8.159227242342364406e+00
-2.956093025268685892e+00
