0.000000000000000000e+00
0.000000000000000000e+00
0.000000000000000000e+00
6.667031763302516900e+00
5.197515797947356297e+00
0.000000000000000000e+00
1.650242999656400089e+00
1.763150024788473935e+00
0.000000000000000000e+00
0.000000000000000000e+00
1.444794522784310420e+00
2.054493161075976904e+00
0.000000000000000000e+00
0.000000000000000000e+00
0.000000000000000000e+00
9.666913951509618741e+00
0.000000000000000000e+00
0.000000000000000000e+00
0.000000000000000000e+00
8.106717865737854467e+00
0.000000000000000000e+00
2.064720388253309835e+00
5.417289969545997508e-01
3.547984866847367691e+00
0.000000000000000000e+00
3.445279777226393669e+00
4.701461893801581304e+00
4.328189711288111141e+00
0.000000000000000000e+00
2.081026816928875700e+00
3.260220117761300163e+00
2.192202284424669134e-01
6.906004406728905032e-01
5.976438686919175680e+00
3.244279143531300091e-01
0.000000000000000000e+00
3.181786532195221007e+00
1.638006541014789263e+00
0.000000000000000000e+00
3.830300070028953563e+00
