1.205094280390581041e+01
1.446043938872367285e+01
-6.486639900581301355e+00
1.652987891506638363e+01
-2.286990079395937769e+01
-3.753179259491855646e+01
3.069411029313885209e+00
1.278678143833362491e+01
2.660390779076013956e+01
-1.311523480202904679e+01
1.161337136798297642e+01
-9.525134474644470828e+00
-9.241610760207198183e+00
-1.013807134341996452e+01
-1.134932285974958432e+01
-1.913185408344778793e+01
-8.625131384312232363e-01
1.261781359769137190e+01
2.085703484260919183e+01
-1.955389626501990774e+00
-3.188331962485298732e+01
1.387552887798600754e+00
3.368383761134981569e+01
-4.174003023170654636e+00
3.915992380266425243e+01
2.096100686195129015e+01
3.207880638073458357e+01
-9.936808221040189792e+00
-1.141395794958082099e+01
1.743911675891619772e+00
