9.672951552948170217e-01
5.998124164831707406e-01
7.639911375090002205e-17
9.999999999999651390e-01
6.200814689565393078e-16
2.703505358006568285e-02
9.999999780848913833e-01
9.999998851450998538e-01
9.999999989630201647e-01
9.999662763241472518e-01
9.999995814511335457e-01
4.756961950730060271e-13
1.272983861675784204e-06
9.224651635471451717e-06
6.497710197286122106e-09
9.264433034069816035e-20
9.999999999994308997e-01
1.045336346072531744e-06
9.999912130069620320e-01
9.995975544616015895e-01
8.331902902250769185e-22
4.728177849270200246e-03
9.999999998752455710e-01
1.118814122329505356e-05
9.999999999999975575e-01
9.999360380719124475e-01
9.999895029203309527e-01
7.722464248551796613e-04
1.721768050403783397e-09
9.999701817664433667e-01
