-9.994910530287374195e-01
7.344141562891081110e-01
-1.727454923513987439e-01
1.318078727967363639e-01
9.340486792643407643e-01
2.162080263043671402e-01
9.984407869713629591e-01
1.574777256041529072e-01
-9.670400202663119726e-01
9.999999991443284664e-01
-9.999927669083674697e-01
-9.991615089537195793e-01
-1.171212410366681139e-01
-9.973491509231304786e-01
9.991187282882879606e-01
-9.999836276685373226e-01
9.927535834488269151e-01
9.833334159250551876e-01
-9.999822067504423595e-01
-4.848857517688300311e-01
