0.000000000000000000e+00
4.399771093111586318e+00
0.000000000000000000e+00
2.598777368703874213e+00
3.999208933144374978e+00
0.000000000000000000e+00
0.000000000000000000e+00
5.037541064539681201e-01
0.000000000000000000e+00
1.945587551965171969e+00
2.606803618635418651e+00
3.156766862557088160e+00
0.000000000000000000e+00
0.000000000000000000e+00
9.299796284227669352e-01
3.074178289698982880e+00
0.000000000000000000e+00
2.248061212254036434e+00
1.551547065761652355e+00
4.879017511854030431e+00
2.568401835992646376e-01
5.302366111757001121e+00
1.198446956877534664e+00
5.318079388905950111e+00
6.476094837377974756e-01
7.872237658223459000e+00
5.062929498552079188e+00
5.870040014079875412e+00
0.000000000000000000e+00
3.520257380419665960e+00
5.668162271424081133e+00
2.297457200535594435e+00
6.111856017276585895e+00
9.598084838346721881e+00
2.418257518861329780e-01
0.000000000000000000e+00
1.074140909380724151e+00
0.000000000000000000e+00
0.000000000000000000e+00
0.000000000000000000e+00
