-1.249652524237043849e+01
2.080016111591065098e+01
-1.478732127201179480e+01
2.639831942540946486e+01
-3.269642703110167048e+01
-6.866118372082080867e+00
9.009310959767685034e+00
-1.052727169067143898e+01
4.421460663261796320e+00
-5.184676209786953649e-01
2.477549505567984145e+00
2.034497396014468329e+00
1.552724071525588201e+01
-9.548338877420521342e+00
-3.999412315583842581e+00
-2.855659243621584054e+01
-3.079719348259715606e+00
4.676047145740784394e+00
2.282729521128152861e+00
1.249815088739957503e+01
-3.392571895460484654e+01
1.980062880272287273e+01
2.646185991008295346e+01
5.599676467737835672e+00
3.762103652684967869e+01
-6.781956874139988045e+00
2.565079045075524178e+01
-4.690654917476363650e+00
-1.379992221220485593e+00
2.240729757419491719e+01
