1.033815830822728578e-02
9.998015103722758257e-01
9.559374614332460940e-01
3.006939543316830034e-04
9.911027475652602892e-01
3.632037140145861782e-03
9.152183290634045010e-01
9.755522735845777449e-01
3.152046183453135336e-02
9.999054293642254398e-01
4.440653992859872057e-01
1.255184647714993051e-01
9.999024406246709296e-01
9.628718314395989797e-01
9.798861176669242390e-01
5.234382629593499481e-02
7.260057419988338312e-01
1.726360454988999302e-03
9.996632055822157747e-01
2.612739529870239472e-03
7.588466402955213342e-04
9.911121887760914184e-01
9.954125032168725868e-06
9.999845401959783775e-01
2.662285102472119677e-03
5.771477743314499254e-01
5.387845073105588245e-01
2.863600213623651580e-01
9.890122024620580099e-01
5.597607250212189856e-01
7.188221839813959580e-11
2.875357163765530260e-04
3.010003283955943839e-07
9.998725925597280462e-01
3.852293865386311605e-02
9.354103803559351560e-01
5.195997343091194320e-01
1.592861539661869219e-01
4.206104244323791153e-01
9.995653036741739550e-01
6.372603770036972025e-04
9.828397085805442579e-01
4.463251994682970736e-01
9.998805329021185351e-01
1.757281217585003608e-01
7.834495660130579020e-03
4.799916544180400368e-01
9.131764121255986355e-01
9.999787840095945013e-01
9.999902313688674438e-01
