9.999982955056242462e-01
7.259057966975813736e-01
2.036417871782058298e-01
3.157466586711197253e-03
9.940872762273662566e-01
9.995874387117192894e-01
8.481859055260674296e-01
8.887665312496665360e-01
1.329607590157157854e-04
9.999993316311808211e-01
6.590246578454086784e-05
6.020986284630321927e-01
9.999769636137401108e-01
3.771231722455208879e-01
9.796378887379597611e-01
3.370742948364121097e-03
7.579934274742732014e-05
5.083100301366965355e-03
9.999981601400831366e-01
9.475535039931116676e-01
4.253270259796199104e-02
9.999747670450999104e-01
3.568139285921749829e-04
8.910848075554628211e-01
7.520823791448071841e-04
9.909635168437038732e-01
7.904331850950602201e-01
9.999977407656608364e-01
9.999124366633589389e-01
1.062697958799758285e-01
1.650229375554783471e-03
1.973970920590533676e-04
9.986913699931824207e-01
9.993093625519309242e-01
5.926555915353997478e-04
9.995855290079129762e-01
1.799366559960683121e-01
9.997769214790837022e-01
2.538880373620822084e-02
8.346761636772506154e-01
6.114710255650549625e-02
9.986191911851594050e-01
1.937905901235098451e-03
8.663144739311361142e-02
5.785993082468049442e-01
8.569561680037355699e-04
9.958199713072191095e-01
9.965358588153603314e-01
9.999200218788572014e-01
7.553208205048481672e-01
