1.267251188210440915e+01
-7.957400841967331218e+00
-4.305474525942609176e+01
4.290982643127521357e+01
-4.175953727659027948e+01
3.006286596273795020e-01
-4.561283241362399821e+00
2.682465216163252464e+01
1.668606639608460895e+01
8.658779207401423150e+00
-3.716646992364696089e-01
-6.481873332611501226e+00
1.279240939226376739e+01
-3.068802952577080845e+01
5.950050513266300634e+00
-3.421610541818934337e+01
1.668295604659189024e-01
-2.262968733642686248e-01
-1.589940221986235258e+01
-3.587377247533052760e+00
-2.990793176480985949e+01
1.269864050090453311e+01
3.658276420910249627e+00
1.188504376589446920e+01
3.474904071578306386e+00
-2.228528581962560651e+00
2.775450953254967246e+01
-2.129316213316651485e+01
-1.769440594941099576e+01
1.141026275140492530e+01
