2.956866893583267952e+01
3.766303443198085077e+00
-1.283507255460507368e+00
-3.904602224940485478e+00
-1.415374329268139775e+00
1.964310611227494618e+01
-7.890312761573663458e-01
-4.463387080394273454e+00
-4.586204878536484841e+00
1.290818390187111042e+01
-1.538813186917892040e+01
8.077664499758563821e+00
1.631099693175964704e+00
-4.205245919449634329e+00
8.545045188210238507e+00
5.012194009015420448e-01
-2.352398255735255006e+01
-1.147745062215149936e+01
7.091432226827026675e+00
7.691872108301707200e+00
4.674946002676130696e+00
1.361749928210768701e+01
-6.043026560341673292e-01
-9.118046249321583474e+00
-9.679958859076451816e+00
6.404186200079627689e+00
2.642272818188200478e-01
5.517490058453947022e+00
1.189014733523502620e+01
-3.124492641911752688e+00
-8.440980744184276574e+00
-1.550923286528137268e+01
9.480895626469493243e-01
1.024493374472054441e+01
-1.837123351006095007e+01
4.100676139213575766e+00
2.093570554906625247e+00
4.395095695545236048e+00
8.032670502177874372e-01
-6.562993253419338480e+00
2.941067590164667234e+00
1.376576278963617384e+01
-1.227669304823244190e+01
-7.172851599127814559e+00
5.632009737287505535e-01
-6.265650687125255303e+00
8.044058935571644753e+00
4.031135344627089445e+00
5.773051353124212248e-01
-1.851084189988320006e+01
