-1.334038495117113854e+01
2.819173064047241439e+00
-2.089634583063471940e+00
1.750427210008392631e+00
8.358105316675224827e+00
-2.163719707734446374e+01
-4.320359578209130191e+00
1.553642665869985340e-01
4.217648854806224534e+00
-4.254703656703976655e+00
1.157391268636754056e+01
6.174094304000028011e+00
-1.783676092510223077e+00
9.930202003797948151e+00
-1.236539362210365312e+01
-4.768113285352867159e+00
2.062229973534937244e+01
2.657580554529578976e+00
-8.863421074516203646e+00
-1.422222393477265001e+01
3.644830995054584299e+00
-6.376970248251738305e+00
-1.101538656705403874e+01
1.036411033890827049e+01
1.278481035409349431e+01
2.024821368711365643e+00
-7.966574270201806307e+00
2.565427545071720772e+00
-1.016750646584452333e+01
-8.069166725426808462e-01
-5.699981590856386227e+00
1.017828670863401541e+01
-3.502844101185233150e+00
1.123836325756523369e+00
1.047962242852995907e+01
-4.160085649337547764e+00
3.171595855668189579e+00
-5.628554804368592457e+00
1.717303411635140220e+00
1.753141402713177754e+01
-1.159102539588294967e+01
-6.309911304612034755e+00
9.803965405876047257e+00
3.109447100661193897e+00
6.841478347823885642e+00
-1.805401267085857242e+00
-3.076389117852682098e+00
1.199973416130452186e+01
3.209256734892817153e+00
2.817138267779530914e-01
