-5.803190673286345636e+00
-9.260536816409228322e+00
-3.685125416944886467e+01
5.262377334137816831e+01
-5.772626584717081499e+01
9.596028070073460370e+00
2.455413870494141548e+01
2.217433732776949640e+01
2.086445013602482845e+01
2.443184213838696905e+01
-4.991562793883066895e+00
-4.677092627108468292e+00
1.779601997447139183e+01
-2.608661428779098657e+01
1.747998819636943679e+01
-4.896471231373193689e+01
-2.179306082881337048e+01
1.214445509179657279e+01
-1.784012993520565260e+01
-1.121839615835670045e+01
-3.594492589271688132e+01
2.797437993918344645e+01
-6.119947775530906853e+00
1.858774212431837469e+01
9.251942650876200602e+00
-7.468982228680593138e+00
1.570225765517515804e+01
-1.301633505443721184e+01
-2.557611745498039113e+01
8.441370453824543318e+00
