-9.998855086810271020e-01
3.388272487187198312e-01
-9.897134863957464113e-01
-9.883848235214526268e-01
-9.599473932561433109e-01
-9.123211776995301392e-01
9.999848389370719071e-01
-9.889023002107666382e-01
-9.976376299136960890e-01
9.988467193741799033e-01
-9.999426800690593975e-01
1.565079211474492693e-01
-8.678271491325567633e-01
-9.958440229645556530e-01
8.065959558970920984e-01
3.844045779288762232e-01
9.379368852201478424e-01
8.807308748938244003e-01
9.734086051876135182e-01
-9.999991649341625211e-01
