-1.804794718949281895e+00
4.672004647526828869e+00
9.756637327397427839e+00
2.737911938744767681e+00
1.531658142131385292e+00
2.968183310661803631e+00
-5.815326760768331660e+00
5.384113121444652705e+00
-5.027998833355805886e+00
-3.646454334377014384e+00
2.977044815045664095e+00
-2.534188266694052505e+00
-1.031339660507276879e+00
1.622921349057079965e+00
5.674887112177333215e+00
2.789479493999096338e+00
-6.986975323347457412e-01
-6.896848047051809871e+00
-1.362390515632910581e+00
-3.733589291404459054e+00
2.429359234494390840e+00
3.452137973471485211e-01
1.565914449542823883e+00
1.449417526888967966e+00
-3.462445059877471198e+00
-2.843638853737417538e+00
-6.471729189509802360e+00
5.674781126273578113e-01
-5.949519539664724022e+00
-1.360664681254115216e+00
1.130276204270651785e+00
2.897662869863322221e-01
4.108367099676427436e+00
1.585164693194051289e+00
-4.126475216090421227e+00
-1.190336126716416842e+01
-2.885164927180822403e+00
-1.776331869168679134e-02
-4.637376130916120331e+00
-7.930173373692982253e+00
