-8.236976622091679578e-01
-1.239543802081329105e+01
-6.304384137399421384e+00
3.500212301231056955e+01
-4.535216855999930630e+01
9.318518010850963762e+00
2.010278686492693367e+01
1.325572710489963590e+01
1.802589167244437363e+01
1.588337657374983891e+01
-1.073794040505571168e+01
-8.549874756368993189e+00
3.838515548949613887e+00
-1.434965459314197034e+01
-5.612608860799072730e+00
-5.012306807878455572e+01
4.867614231185077855e+00
-1.520080056664841361e+00
8.743006201660302068e+00
-7.404169273598309786e+00
-3.536483204274621528e+01
7.979447810049320466e+00
8.004490425772692319e+00
-3.171349731465564759e-01
2.052796675406827376e+01
-2.162047153256938969e+00
6.857189909290435814e+00
8.228117882190391086e-01
-2.618174735350844884e+01
-3.839282102850559042e+00
