0.000000000000000000e+00
4.142392927232114275e+00
9.406837351446746709e+00
3.531010901047439088e+00
3.529513138502457514e-01
4.321257414416715292e+00
0.000000000000000000e+00
4.107327214654770131e+00
0.000000000000000000e+00
0.000000000000000000e+00
1.978630575706068040e+00
0.000000000000000000e+00
1.719213256245517352e+00
9.324191655723435002e-01
6.198921058645580295e+00
3.228971716942997894e+00
0.000000000000000000e+00
0.000000000000000000e+00
0.000000000000000000e+00
0.000000000000000000e+00
1.414882555533340192e+00
0.000000000000000000e+00
2.673104876936939434e+00
0.000000000000000000e+00
0.000000000000000000e+00
0.000000000000000000e+00
0.000000000000000000e+00
1.614804360171750996e-02
0.000000000000000000e+00
1.837576695642258784e+00
3.312636250603212318e+00
2.454208257664566073e+00
3.770260046449086744e+00
4.124633448963572313e+00
0.000000000000000000e+00
0.000000000000000000e+00
0.000000000000000000e+00
8.842895215251958541e-03
0.000000000000000000e+00
0.000000000000000000e+00
