6.040493605338003000e-05
8.815092492566359850e-01
1.713509662809248324e-01
9.953645655800129610e-01
3.264734946408834881e-01
4.708197836805185689e-12
1.860920326490236032e-01
2.520675946462325526e-02
9.981312417525350922e-01
1.554736826809354302e-04
9.976118871675457855e-01
9.951839311052982362e-01
1.890381062821066549e-01
9.999763019864942315e-01
1.147482081268458762e-06
5.579407028972922511e-01
9.999996696069733959e-01
9.491834883208919438e-01
5.989314420418572491e-04
2.652332609006875812e-06
7.498255891327458567e-02
9.320838183020824534e-04
3.483561903947873621e-04
9.999992780780992963e-01
9.926865773583614105e-01
9.643758268640463260e-01
6.469596732424818478e-05
9.996868133133125500e-01
1.615293951370171122e-01
5.339328118829573810e-01
9.588374271941594307e-01
9.948020593098206854e-01
4.322686220805488540e-03
8.119579290474938649e-01
9.999781963370967253e-01
6.439136057415453251e-01
9.993253858652698662e-01
2.263727555293481020e-01
1.748768632641076182e-01
9.999996168843325872e-01
1.266862178251908891e-08
1.203358381259851890e-03
9.993789969766131431e-01
9.999973445198010458e-01
9.999982771273969728e-01
6.971160624149491669e-01
1.106018726090565556e-02
9.999335737778308753e-01
7.066376126898682442e-02
9.818706185701860933e-01
