-9.998796630354050974e-01
-6.821327714751247440e-01
-8.407892937476586503e-01
3.791991508456987736e-01
-9.989152886010461696e-01
5.256780818447510661e-01
9.999844640832132869e-01
9.523368993869076871e-01
-9.998794066754556065e-01
9.999865198724943172e-01
-9.999966110018202459e-01
-6.920190906117725804e-01
-6.237706339841030401e-01
-9.983153777913836846e-01
2.738023229221247384e-02
-9.617521931074847208e-01
9.873787547286305699e-01
3.614067090900777712e-01
-1.460445797598361184e-01
-9.995373652579434554e-01
