-9.862079108027681507e-01
9.957870384000926389e-01
-8.927028792783672229e-01
7.027884154077745915e-01
-9.983886565920467859e-01
-9.142120833852827033e-01
9.999829034737038880e-01
9.998021793328526474e-01
-9.987660419512170984e-01
9.999999907024444967e-01
-9.999913152338422151e-01
-9.737276710943907343e-01
-9.992681910677093660e-01
-9.986709871727793564e-01
9.933591416760564341e-01
-9.542547952304607506e-01
9.976713174845101006e-01
9.996484769106929180e-01
-9.922679326400742905e-01
-9.141348078683377842e-01
