-9.999561485514171233e-01
6.097062229328005234e-01
-3.890503460252666135e-01
-7.044057016936251525e-01
6.415208285705237268e-01
-8.631490186433579126e-01
9.999738739259055320e-01
9.994332448821027226e-01
-9.990642192299142854e-01
9.999999878162402212e-01
-9.999971049410365520e-01
-9.790412285562439809e-01
-9.857040563006285172e-01
-9.996336464283076539e-01
9.946688092684669025e-01
-9.997801416630471838e-01
9.736132137633278782e-01
9.995254172820258187e-01
-9.991964471623153710e-01
-9.552206870126015437e-01
