1.988709500798359064e+00
0.000000000000000000e+00
0.000000000000000000e+00
1.367906320776725160e+01
9.494672811043463057e+00
3.242656220857849991e+00
0.000000000000000000e+00
1.505246337360361064e+00
4.142930788005894982e+00
0.000000000000000000e+00
1.993300792751406814e-02
0.000000000000000000e+00
0.000000000000000000e+00
0.000000000000000000e+00
0.000000000000000000e+00
7.337057293528165935e+00
0.000000000000000000e+00
0.000000000000000000e+00
0.000000000000000000e+00
2.165787457690468099e+00
0.000000000000000000e+00
5.608529800757208861e+00
1.211799654133658422e+00
1.605826562732991736e+00
0.000000000000000000e+00
0.000000000000000000e+00
0.000000000000000000e+00
0.000000000000000000e+00
4.405390835420458506e-01
1.332013907611527603e+00
4.192944348578593328e+00
1.738400279507507751e+00
4.288110587087609282e+00
6.537148309814481806e+00
0.000000000000000000e+00
1.043141453676813102e+00
2.170650169622737380e+00
3.049991070206689248e+00
0.000000000000000000e+00
0.000000000000000000e+00
