-7.653797428880458220e+00
-4.366701645775274088e+00
-2.830886302772019469e+00
2.883173135731832559e+01
-2.690580088138077741e+01
-1.297421180765429760e+01
2.769408157398629555e+01
1.036017531408910841e+01
2.390299899705411590e+01
4.899679777125355074e+00
-1.956850155827121185e-01
-4.069832749105267311e+01
-2.371287701542954807e+01
-4.040318374414964886e+00
-2.133175921516625451e+01
-2.795432547231336429e+01
1.619794480805294157e+01
-7.070171662348442965e+00
1.668016587661189476e+01
-1.059854399163633687e+01
-3.805069379990281675e+01
-2.382761126187845591e+01
5.384092615637526613e+00
-1.844310421046465009e+01
5.117025224727296262e+01
1.224260037746155483e+01
1.359577720621008190e+01
-1.979809138031526361e+00
-1.350681241286850565e+01
1.201725983388403485e+01
