8.629911081062896479e-14
1.348447141206400024e-01
7.138377427326556002e-02
1.274087988637391533e-01
9.963098358991034909e-01
1.977682970873572592e-05
8.327220406846348733e-02
5.682780377536332805e-01
9.995675722703368793e-01
2.518048348937037629e-04
9.999995333797785380e-01
2.426728580727409369e-04
9.502666870253709264e-02
9.998921514967378243e-01
6.895812684855061603e-01
6.599565393128941672e-03
9.999988569239212088e-01
9.998920707132070707e-01
5.298726974050971261e-02
3.331594090648808959e-01
6.344317931114398235e-01
5.430418067039476990e-10
8.906059262425072148e-04
5.985225184190808845e-01
9.968929084953144226e-01
6.246324273745793576e-01
1.349497051411968932e-03
8.473442326926537704e-02
1.688277820621490732e-02
9.994272338110922194e-01
9.999897674085956867e-01
9.999213179219526015e-01
6.817292584676230005e-01
2.476799034085535841e-04
9.999996125827848026e-01
6.240891024884489408e-02
6.689736139879065568e-01
9.124648840305292774e-01
1.177269923113931881e-02
9.999862543569897344e-01
4.088768753120800535e-03
2.660485328637771487e-04
9.999997005309209097e-01
9.999564150533348794e-01
3.791683652577369501e-01
9.999813746078812793e-01
9.212850779968538074e-05
8.320610056759069062e-01
2.768671716800564543e-03
9.999998471587665527e-01
