-1.406871494687094826e+00
3.932304973087250577e-01
-1.468180196896295975e+00
8.528259201329014161e+00
3.829706904053205907e+00
-1.052634377377042463e-01
-4.098553566739996934e-01
5.020676983850427710e+00
-2.595479722614878693e+00
2.038099543963175719e+00
4.048267472839243153e-01
6.214846460639948944e+00
-5.621255569602632285e+00
-1.093897852952560967e+01
-7.313804956076413788e+00
5.130875660768820623e+00
-3.631604185074022606e+00
3.280932556711069648e+00
-6.477959769915579535e+00
3.784628704244519248e+00
4.421702219979715132e-01
5.684711441410556176e+00
7.150428527612074703e+00
2.697037227856930119e+00
8.351275443034638091e-01
7.492363551736592520e+00
1.247888280989002396e+00
4.764725227747806713e+00
-6.390009055637912105e+00
3.482619464253149832e+00
1.220761848214391154e-02
7.156960353053463564e+00
7.838745177090018501e+00
1.083123568500686673e+01
1.673649764883030633e-01
-4.385273543862989953e+00
2.860823740929735237e+00
-6.409641346058433165e+00
-1.298900442408299583e+01
-1.003448509694035984e+00
