5.583448915092319442e-01
0.000000000000000000e+00
0.000000000000000000e+00
1.006758314573099078e+01
9.692884295512547155e+00
0.000000000000000000e+00
4.399225461668039849e-01
0.000000000000000000e+00
8.342189508733609538e-01
0.000000000000000000e+00
8.009153760633948016e-01
0.000000000000000000e+00
0.000000000000000000e+00
0.000000000000000000e+00
0.000000000000000000e+00
5.972775221264491563e+00
0.000000000000000000e+00
7.362898152649657302e-01
0.000000000000000000e+00
3.970493274050266308e+00
0.000000000000000000e+00
4.657147945853788329e+00
3.576411621635402494e+00
2.120584766266305543e+00
0.000000000000000000e+00
0.000000000000000000e+00
6.472355803580276401e-02
2.247159164732789982e+00
0.000000000000000000e+00
8.223909413703128779e-02
0.000000000000000000e+00
4.387802132121910503e+00
4.350311102153579412e+00
6.066251309391562430e+00
2.036178230418986157e+00
9.077616437519597792e-01
2.314398511194277752e+00
0.000000000000000000e+00
0.000000000000000000e+00
0.000000000000000000e+00
