-1.967924688843185876e+01
-5.250611172384513026e+00
-2.645703662635878572e+01
3.570426595534266312e+01
-4.196388461899142897e+01
1.274255659590391776e+00
2.251613026063879275e+01
2.466761209223178852e+01
3.199455998326588002e+01
8.708868149720361274e+00
1.291821385613756412e+01
-4.150082390237110985e+01
-1.403152586237145982e+01
-1.531612144116230745e+01
-2.821591308417001898e+01
-4.802752874328184163e+01
1.527496527011981087e+01
-1.607977563493064110e+01
7.027348150807876337e+00
-1.379953926736007475e+01
-5.239557558256124992e+01
-3.080852380654518541e+01
1.361325703510937579e+01
-2.538006500980354119e+01
2.552794116041633288e+01
2.111296596109350077e+01
8.251456511297140750e+00
3.909049416472650140e+00
-1.908147729921447322e+01
1.191364253184144317e+01
