4.710424482963315035e-02
1.308088321056887111e-02
8.307629943136317366e-15
9.999999999999413802e-01
6.727076652972092288e-17
8.570799953750266736e-03
9.999999953254519180e-01
9.999999645163814010e-01
9.999999998272441903e-01
9.102416944349509542e-01
9.999924685526697665e-01
1.957446995419208053e-12
4.940251406300052172e-06
7.591482244993252474e-06
9.850550760010232706e-13
6.775593084750752018e-14
9.999144073869503657e-01
7.472453402644615994e-02
9.999999993298278600e-01
9.988903448309063293e-01
1.412477225040549500e-20
1.046729299584988378e-08
9.999999881407847235e-01
8.808806518767204094e-07
9.999999995869390812e-01
9.999999999975244247e-01
2.969779174522223231e-02
9.961341481211667404e-01
2.922739041262052254e-09
9.997564957512564687e-01
