-3.592197680136104854e+00
3.980007293977703142e-01
-1.085612719740411736e+00
-7.613924489371832749e-01
1.647530899640357038e+00
3.938269681537446276e-01
5.111133858910414496e+00
1.511645679804399123e+00
-1.182472578487410608e+00
3.157287139479410865e+00
-6.704659668729081368e+00
-3.143450161910774199e+00
-1.329575993287450020e+00
-1.371952243303678154e+00
4.311682052377472374e+00
-5.078614025209716054e+00
4.379253938720337302e+00
2.831022809310826283e+00
-5.403591118089888568e+00
-2.813049733949706699e+00
