1.801417314200793757e-07
8.342614557880340120e-01
6.180095097294870618e-06
9.999999999962656538e-01
8.800900642417777518e-11
1.353548915993759150e-01
9.999979822888185321e-01
9.999996672947811804e-01
9.999999994065960074e-01
2.408311788035207620e-03
9.999766418782171096e-01
1.297666144015993195e-15
3.191955970044441194e-08
5.298246280123642543e-04
3.041135888011748043e-10
1.872606035944515928e-16
9.999998356229710117e-01
1.465992984168584140e-04
9.981477926194677330e-01
2.032777534593027197e-05
8.916812153325423608e-20
1.345787027866294607e-08
2.182768060042756531e-01
5.626235580626380144e-07
9.999999699506632034e-01
9.999999989813492807e-01
9.662518522341091431e-01
1.431329698781068083e-01
1.692786348252836505e-04
9.823648415493917430e-01
