-1.256867010905104998e-02
4.294841040689381106e-01
8.724780020243687595e-01
6.835615205490059409e+00
6.567385978002829638e+00
-6.920552287089906329e+00
-2.662335795260724058e+00
1.219279910644775589e+00
2.880890258411508698e-02
-1.965667463235090118e-01
5.950246815085172836e-01
-2.507317905436083905e+00
-2.363716802302664011e+00
-2.222300644192472419e+00
-4.231526521891450621e+00
5.577198876099134672e+00
-2.488626436106852857e+00
-2.415812315033606661e-01
-2.418000909586983660e+00
2.541684820887865293e+00
1.388535031359732219e+00
7.731526673332107524e-01
2.437360427345133473e+00
-2.295852650039657661e+00
-1.095107393773979476e+00
1.526163755790408638e+00
2.976925980130288529e+00
2.590923400834432400e+00
-5.502276725031306270e+00
-2.140256172962051284e+00
4.937986437712497123e-01
3.739700467595938438e+00
-9.152750494523835822e-01
6.710178326706012442e+00
1.932520386266391554e+00
-1.273618193002077792e+00
-1.739064868857638002e+00
-4.530263643512594918e+00
-9.573141032918060844e+00
-2.649316496910677277e+00
