-6.227966121548846878e+00
-1.002382732902309392e-01
1.523236767372633471e+00
-3.459833600409822907e+00
1.912215580865737952e+00
-3.240093674725276429e+00
5.449384804939196414e+00
-2.091655692134273270e-01
4.979177764662339745e-01
1.194625028977978687e+01
-7.335158685585994931e+00
-4.983127425080171591e+00
-1.580818463918463701e+00
-4.077572933755103435e+00
6.070169151697689003e+00
4.512507374401437121e-01
1.420422785918573405e+00
6.375479743149325529e+00
-5.489702020020433615e+00
-6.088953245178224449e+00
