-2.788150720751214173e+00
-4.972170084890578323e+00
1.916326566633741679e+00
1.006477947389586092e+01
4.241141256781839175e+00
8.598720272299293921e-01
1.333311800834265370e-01
3.849151542363726364e+00
3.392061805843848532e+00
-1.272526504380043999e+00
3.846834359150574034e+00
-2.988634717223769055e+00
1.499078243116554132e+00
-5.993787965499327797e+00
-6.397290845666704362e-01
1.087831308850771705e+01
-3.866660144786282505e+00
-1.622320815092168078e-01
-3.879546399659021372e+00
2.442033173478272090e+00
-1.648273681382450562e+00
9.620901309311561400e-01
5.921231334277990754e+00
6.164611132420328765e+00
-3.833186153653019179e+00
-4.088237006809079865e+00
1.828189339257990653e-02
7.634005907873445684e-01
-2.937238622169866975e+00
6.328834696722800413e-01
2.001744866655690291e+00
8.130962830861172108e+00
1.799428368907755482e+00
6.552769342779775741e+00
2.978734645765492406e+00
-7.980757330568439833e+00
5.547457594067719988e+00
-2.125171967181086252e+00
-6.932114879972306909e+00
-3.884988712242484432e+00
