9.999999999323625488e-01
6.038837082175288300e-04
2.023005048671756463e-06
9.999999999999908962e-01
6.946122835732952443e-20
1.565746462602572986e-10
9.999999568727034882e-01
9.999999894411769619e-01
9.999999999861985955e-01
9.973169863448729799e-01
9.998840704744843544e-01
4.315333920161837931e-20
2.671462507830961106e-02
4.302949718693915500e-07
1.736173008498414589e-08
6.100458810562887857e-20
9.999994590607308442e-01
3.473470184291079562e-03
9.999999422629894941e-01
3.924707515521698241e-09
0.000000000000000000e+00
2.476595358704224582e-03
9.999097950437759730e-01
1.983492506893320533e-05
9.999999999996764810e-01
9.999999792517073605e-01
9.999999965202048813e-01
4.675133633910483720e-03
6.715836861780799317e-16
4.382683093043605004e-03
