9.311857836778020925e+00
-3.171683481622359935e+01
-2.704884638218554294e+00
5.283097870746298241e+01
-4.249292611721885038e+01
-2.623927955196485584e+01
4.477313006192974143e+01
2.439997478786537854e+01
4.581156946685738518e+01
3.466524984648606278e+01
1.696477467289277996e+01
-3.690962157647477682e+01
-5.585854118283019254e+00
6.105857500066051102e+00
-1.408968569602786758e+01
-7.038307763260692695e+01
1.618755932184458501e+01
-1.762203823347369536e+01
-1.126584364207046107e+01
-1.792454881256301036e+01
-5.933707956192071009e+01
-6.676279508275548835e+00
1.284856928242708385e+01
-1.049617370967814267e+00
4.292607459531599545e+01
1.802586387254088152e+01
2.922056851347767292e+01
-1.602498833718863480e+01
-6.372149783592013250e+01
6.181162891964293138e+00
