9.999096616217240108e-01
1.680945589039673546e-14
6.268573928171182474e-02
1.000000000000000000e+00
3.512017468363200628e-19
4.021848263296576222e-12
1.000000000000000000e+00
9.999999999746937984e-01
1.000000000000000000e+00
9.999999999999991118e-01
9.999999571163292744e-01
9.340175147033731074e-17
3.736530964787861640e-03
9.977751922828234088e-01
7.601983459318503496e-07
0.000000000000000000e+00
9.999999067106062345e-01
2.222521780267855850e-08
1.280267473973108705e-05
1.642356194890824122e-08
0.000000000000000000e+00
1.258872029871133200e-03
9.999973701188746844e-01
2.592985828632163869e-01
1.000000000000000000e+00
9.999999851588763367e-01
9.999999999997959410e-01
1.097579393875458030e-07
0.000000000000000000e+00
9.979362463170108333e-01
