9.999999401217878336e-01
3.741270006155560102e-02
3.335656775017997733e-01
9.999999319369106132e-01
1.416052949444976915e-02
2.789804273030791122e-04
8.249225099358286073e-01
8.808740288508584660e-04
9.930155387823627056e-01
3.398650813473756693e-02
6.884891609708118088e-01
9.999786066686654484e-01
4.565053018924609962e-02
1.600032283572241411e-04
5.462660905220542155e-06
4.353146749978598073e-01
9.059417174161217279e-01
5.197044783421393699e-02
2.115412250834573446e-02
2.767255545594932663e-03
6.496247624345713456e-02
7.603383166663619865e-06
2.064055633078223581e-02
9.362916171442642321e-01
1.864225267115018347e-01
2.358722764185196594e-05
6.751209433035672280e-02
2.041317451956340366e-03
9.987329726303645350e-01
3.831306732980465203e-04
4.147130440667587595e-07
9.999741824477801355e-01
1.060006350540909940e-04
1.681100199107672388e-01
9.980880660903254098e-01
9.295865019991889078e-01
9.807790806689774543e-01
2.094521396176377559e-01
6.687733156141086044e-02
8.856012414702041369e-01
9.611006959105535818e-01
4.019475180937347354e-04
9.999899848270619174e-01
5.814129379285336990e-03
9.077030821555687190e-01
7.181833869609045573e-01
9.999149701515906985e-01
9.999294793777673274e-01
1.007799263401138272e-07
8.843690909159368507e-01
