1.585008017686857329e+01
2.204833028165056774e+00
3.578922938888852823e+00
1.381184988278257819e+01
-2.021805265121966677e+00
-7.749715104164143220e+00
1.095432552730107290e+01
3.026880048775260068e+00
-4.042084831561198577e+00
-6.472280728646107484e+00
-9.573089028687548074e-01
8.614842544889433906e-02
-1.285141108397465759e+00
-1.831569436924569061e+01
-9.789763394170970301e+00
-5.506872848223631323e+00
9.348826854487091609e+00
-6.766263786326250695e+00
-7.622453925251511997e+00
-5.825021321890387682e+00
-4.151182636689121352e+00
-2.719279549776167482e+00
-4.185789435634669431e+00
8.359450933893613822e+00
-2.002844128465386397e-02
4.221746116930822801e+00
-9.965651815082717802e-01
-2.798856412780202696e+00
-4.453649549547831210e-01
2.610236258264287290e+00
-1.107174945202771177e+01
1.105090309553735928e+01
-8.462660810446559267e+00
-4.813400296715037108e+00
6.765174553405060465e+00
-7.886046640038191669e+00
-2.285405158289683492e+00
-6.338954133616137909e+00
-1.134205058550041834e+01
1.075764939234012285e+00
-1.104994188284013745e+00
-1.380429803839697556e+01
1.742988702555758707e+01
-8.731694338089029728e+00
9.094778586876900661e+00
-5.134400725898867535e+00
8.645096837898137210e+00
1.389410229180787404e+01
-6.917360682136955319e+00
9.066683757228217289e+00
