9.999998692632801056e-01
9.006826796275708702e-01
9.728518508831666134e-01
9.999989963336236576e-01
1.169324515987377883e-01
4.306797098826749422e-04
9.999825180739763120e-01
9.537738109903290962e-01
1.725776235920448501e-02
1.543310905574791147e-03
2.774173207438681010e-01
5.215237963454230075e-01
2.166763640472597618e-01
1.110695464364495936e-08
5.601901256543071785e-05
4.042372877248328472e-03
9.999129400780368826e-01
1.150665148283734618e-03
4.891002177968298498e-04
2.944048181336968335e-03
1.550169754739116890e-02
6.184525389420463676e-02
1.498230989608896613e-02
9.997658819492312166e-01
4.949930570508330185e-01
9.855391822509529387e-01
2.696172834035397425e-01
5.738600448955558792e-02
3.904633529921514579e-01
9.315174693586462107e-01
1.554510131026177927e-05
9.999841274438481253e-01
2.111647343720858875e-04
8.054795046940890421e-03
9.988480822710504858e-01
3.758116306943468294e-04
9.233893421600643248e-02
1.763034645635128171e-03
1.186328230043428326e-05
7.456917010882974095e-01
2.488053039843882985e-01
1.011274592788306998e-06
9.999999730662868513e-01
1.613627351516284470e-04
9.998877622120933006e-01
5.856084781093551066e-03
9.998240433341574196e-01
9.999990755835989065e-01
9.894605794673798447e-04
9.998845645662343129e-01
