-9.572814556218917303e+00
7.917033814924703705e+00
1.333857393154973714e+01
1.220299639943479519e+01
-1.551966954231201257e+01
-7.872025242844031823e+00
1.914955599970746292e+01
1.289333403413221824e+01
-4.099428584155315747e+00
8.867078222413349309e+00
4.596144792800441081e+00
3.112695230055731788e+00
-3.468746594723520982e+00
6.511547346436052486e+00
-1.634595692830456670e+01
-2.697435989979666360e+01
8.315330971669284921e+00
-1.831514124100433349e+00
-5.471748120934656789e+00
7.752376152026976719e+00
-3.015310871138323989e+01
5.572882469191519306e+00
3.482836466733385095e+01
-7.414794230398218389e-01
1.725292755835837966e+01
9.237569566470448024e+00
2.223240403097956985e+01
-5.967424316853753297e+00
-6.712849949989678322e+00
1.466960276208185832e+01
