-1.507863653195951059e+01
4.418158566968306999e+00
2.663412364479605277e+00
-9.258722474538826575e+00
-5.882687910388833430e+00
-6.604375396224422268e+00
4.249027234385267526e+00
-3.418996414034049636e+00
-2.328557272560153990e+00
3.355606977109431011e+00
-1.854307146028105535e+00
-9.212664771293830768e+00
1.553760768063419384e+01
3.804233707989623792e+00
5.968937607751657382e+00
-1.192932224294737109e+00
3.397069337768960029e+00
-2.910326953273346451e+00
3.239352580047069607e-01
-2.826450477799089089e+00
-8.575477339668918120e+00
-2.266669490257195996e+00
-2.610367339402400511e+00
7.957952950762133604e+00
-7.524185487929104355e+00
-6.592875813733054535e+00
1.902462922342981644e+00
-5.472777803679152342e+00
4.820913168924254144e+00
-2.115580669733137409e+00
-2.647227627401979078e+01
-9.251134391783316646e-01
-7.947856181537579445e+00
4.470293202597562576e+00
-4.781664689062551155e+00
-1.532706710238082248e+00
-9.400133208863086232e-01
8.957045859709619862e+00
1.778323972244580498e+00
8.319221762932258457e+00
-4.556119290142619960e+00
4.828487050883213172e+00
4.683023601462467767e+00
7.020240264531066643e+00
-4.335839469607730479e+00
-2.466272597881480344e+00
7.064652797080545277e+00
1.914051883560818901e-02
2.036954313529570015e+00
1.038122918550761753e+01
