1.013330242345377386e+00
4.858750958021964550e+00
-3.451822948582848660e+00
5.308932891623918238e+00
-2.766704824725917611e+00
4.246446149850554797e+00
2.699952950533701213e+00
-1.354275713627510980e+00
-2.983676367841233024e+00
2.556996259892892365e+00
-4.194474676764538223e+00
1.353651602747167670e+00
-2.063962698539285157e+00
-4.147849662853698938e+00
2.427589093603558901e+00
-7.290719481402443414e+00
4.660406456100227857e+00
5.443431210588358660e-01
-5.903454392535251394e+00
-3.022325476157188273e+00
