0.000000000000000000e+00
0.000000000000000000e+00
0.000000000000000000e+00
2.101853092244701848e+00
1.545673914420035766e+00
0.000000000000000000e+00
1.680346121286005467e-01
5.067596070841831057e-01
0.000000000000000000e+00
1.262864844640579243e+00
0.000000000000000000e+00
5.158755443018778308e+00
2.226782181091865542e+00
0.000000000000000000e+00
5.758575177961428260e+00
2.751171690417801408e+00
2.103538384441438591e+00
0.000000000000000000e+00
2.008456720082599123e+00
5.839971681909985612e+00
0.000000000000000000e+00
2.428896378936580280e+00
3.872315757233735223e+00
1.040203096871087585e+00
1.556423995664140136e+00
5.592406207618138225e+00
7.019515827829729382e+00
4.638047306936117664e+00
0.000000000000000000e+00
4.152647017199097235e+00
3.168794371041845803e+00
2.211771799216764922e+00
4.064499619114571694e+00
4.770029260856324171e+00
0.000000000000000000e+00
0.000000000000000000e+00
2.148286513394730424e-01
1.881786957622241796e-01
0.000000000000000000e+00
0.000000000000000000e+00
