3.911772819749954611e-01
-1.654009841394465941e-01
-3.862473709464442906e-01
5.619232841613825080e+00
2.610674075727102417e-01
-3.584701136056339887e+00
-1.444983703867523284e+00
-2.562762465253841881e+00
-3.685151782149944211e+00
1.745572604397977123e+00
-2.167560361075993480e+00
3.533291986656453609e+00
3.820471814048411296e+00
-7.057428813528105138e+00
4.226210571330936361e+00
2.667914134021057038e+00
2.692478764156788440e+00
-4.065768923828367298e-01
2.003729079561967108e+00
6.303392881973022277e+00
-3.490948372749776318e+00
3.321955725111892299e+00
1.991296692200101415e+00
5.717287621591027325e-01
-1.004291755934985098e+00
1.804223532719742895e+00
7.921039519115436356e+00
4.747832762510205029e+00
-3.801633852178436968e+00
6.873724389247255928e+00
4.898912626687347505e+00
2.921544568098538353e+00
3.161241097845768344e+00
3.541222356763965351e+00
-3.071748065203099287e+00
-1.927528264631354737e+00
5.193984746002964226e-01
-1.803940078559730154e+00
-7.454160142078923634e+00
-5.173058028736484459e+00
