4.496994175505202745e-04
9.969157668269239547e-01
9.998027758957577227e-01
6.925713448987341455e-04
9.966130146706562165e-01
2.016889193953689055e-03
5.209984858848654837e-02
9.931173406432053374e-01
2.723548283909622923e-03
9.997911020917709113e-01
2.509664207587107843e-01
2.127049117550434444e-03
9.999203694484528615e-01
3.920352256233309851e-01
5.236935714659046726e-01
8.668555943864073576e-01
8.631100281644504824e-01
1.588785550986812601e-05
7.925009889105147920e-01
1.250192678433632691e-04
1.894863388946643398e-02
8.048410233709820671e-01
9.928396227475175338e-04
9.962928626017755196e-01
3.570123385425085644e-04
6.659440286773915529e-01
9.892341433279406848e-01
1.931273318963683261e-01
8.727689118266253043e-01
8.820378334895496719e-01
8.248098682230246639e-11
3.837949046622440852e-02
1.205958172055906255e-04
9.388879285252024198e-01
9.185395617720226724e-01
4.611687296746990183e-01
1.197660329427644235e-02
2.023894299961022381e-01
2.012262745708087996e-01
9.551571632778312892e-01
7.180457734167328121e-05
6.647683666939973035e-01
9.852141322303069604e-01
9.988156374825170047e-01
1.654563545306659590e-03
4.593587890788897177e-03
1.686719696962478421e-01
9.991942568063585384e-01
9.982962656912771626e-01
9.999999821457911109e-01
