-9.978887038892216843e-01
8.731706629727008506e-01
-8.595101390365977867e-01
-2.589397734361836845e-01
-9.952701615535891611e-01
9.627022189457854484e-01
9.999952159100206073e-01
8.467170951386084887e-01
-9.999989024760939094e-01
9.999987810742108074e-01
-9.999997606782511372e-01
-9.976069623418220012e-01
-9.852566283922409296e-01
-9.988942077083334814e-01
9.904881729448691274e-01
-9.997897668613990874e-01
9.999757591144066149e-01
5.606908056079438207e-01
-6.184545789627999834e-01
-9.745472690797047921e-01
