-6.549115593082305509e+00
-1.208940462757401857e+00
-2.033362729109583711e+00
5.854394463014742644e-01
-4.150690435280843360e+00
2.237690119568721769e+00
5.343443479525910256e+00
-5.438115639399767609e-01
-4.236250615992910973e+00
6.815397948157682961e+00
-7.029995637342284276e+00
-2.324377682199179063e+00
-5.433175603881162941e-02
-3.705902473773510675e+00
3.073532129374834554e+00
-5.554690746208359009e+00
2.105336888995160471e+00
7.309110852750516640e-03
-3.558569432845559266e+00
-4.403052659513361888e+00
