0.000000000000000000e+00
2.138963719467163571e+00
3.469237287171111017e+00
4.193878526654395422e+00
6.223862976342077857e+00
0.000000000000000000e+00
0.000000000000000000e+00
5.569459957372080439e+00
0.000000000000000000e+00
9.847578352290006221e-01
0.000000000000000000e+00
4.118832540824790556e+00
1.715757356660113642e+00
0.000000000000000000e+00
0.000000000000000000e+00
1.103772489612326879e+01
3.360906658280381709e+00
0.000000000000000000e+00
0.000000000000000000e+00
3.369459213393461994e+00
0.000000000000000000e+00
0.000000000000000000e+00
4.279448202986538163e+00
4.236615949148454519e+00
0.000000000000000000e+00
4.795801037328454086e+00
7.371100295601737962e-01
3.989741868116467138e+00
0.000000000000000000e+00
2.193472518285588091e+00
1.012476936091247781e-01
1.650796515223891259e-01
0.000000000000000000e+00
5.739087330552563593e+00
0.000000000000000000e+00
0.000000000000000000e+00
4.945068971955985049e+00
0.000000000000000000e+00
0.000000000000000000e+00
3.041296357512415227e+00
