8.123422986289609682e+00
3.686061999486533569e+00
-2.535874352468499637e+01
3.146431061320616962e+01
-3.186456627509763706e+01
-1.781785840933711995e+01
-8.565124916163609825e+00
2.514924693768163522e+01
2.902431754415843912e+01
-9.634405914421824146e-01
7.292853955295770518e+00
-2.481030956829075151e+01
2.988028831475402214e+00
-2.853690276307627727e+01
-1.499078710002904913e+01
-2.572270852921522177e+01
8.913374408864820353e+00
2.366720833300880233e+00
-3.163906147800787494e+00
-1.563169511765076436e+01
-3.473279959558525576e+01
1.808654501830149641e+01
1.165191340215031346e+01
1.669779274171538042e+00
1.089104562383764652e+01
8.316371391414490333e+00
2.675682794191262559e+01
-2.354877323248839005e+01
-1.898986192211977198e+01
1.064437632363000930e+00
