-4.435260436838253995e+00
5.454788486368742362e-01
-3.356130119524673994e+00
-1.707580819428590413e+00
-4.733483742476345846e+00
-4.584949236810308415e-01
6.058372296815373481e+00
-1.070984229551131151e+00
-6.566282441086852550e-01
6.174573042239378751e+00
-6.467733928938329768e+00
2.315069171945609572e-01
4.046488615806443923e-01
-4.677269607703233301e-01
5.072245180134851594e+00
-2.897745956396081124e-01
4.304793838311685050e+00
3.318909465715214502e+00
-1.557950544402931570e+00
-8.011959915310574942e+00
