-9.984475760931501576e-01
8.416094359528464297e-01
-9.971766280284470874e-01
-8.661193327380263263e-01
-9.976823037238404801e-01
-6.073812209183125921e-01
9.999892699356607295e-01
-9.919448335728510147e-01
-8.635283738173007428e-01
9.999921246185952128e-01
-9.998547627138445471e-01
8.291713483038510857e-01
3.458665853792194378e-01
-9.363824866710799277e-01
9.992356719716780633e-01
7.335107620214876833e-01
9.988920544026357318e-01
9.941379756050326977e-01
-6.129067464350039796e-01
-9.999993578842873987e-01
