4.595601918914422046e-01
2.418785761171138716e-04
3.232223985911915426e-22
1.000000000000000000e+00
0.000000000000000000e+00
9.632452103151102341e-01
9.999369581057641065e-01
9.999999963844357076e-01
9.999999999988533617e-01
9.999940260653477075e-01
6.113802578185792980e-01
6.528914622880566121e-01
9.999999930850811403e-01
2.281687405677824030e-10
9.999999995307735645e-01
4.295082419505048276e-13
3.666508608395682184e-07
9.999979117211026391e-01
1.112246069943024243e-09
1.266144590406278851e-03
3.878833312392610869e-11
9.999999354810072960e-01
6.419608337351431662e-05
9.999995540192039289e-01
7.383148814871772769e-01
2.179850760652597697e-02
9.999999976631059884e-01
2.359368179983316812e-08
8.702662307982357749e-14
9.995666061627702659e-01
