-1.621133399866991065e-01
-8.326832801475751111e+00
-4.948370160503971249e+01
5.167894901921403772e+01
-6.111586713158018114e+01
3.266039462344473510e+00
9.671648020826832948e+00
1.943801792046874866e+01
2.749409198634386797e+01
1.202809880294979550e+01
4.531177798101482246e-01
6.317733816735213725e-01
1.878958462094510651e+01
-2.220093567026807690e+01
2.147993586630459717e+01
-2.847613546402977391e+01
-1.481885540790743327e+01
1.307916823705981990e+01
-2.061688437856590639e+01
-6.670511804521461308e+00
-2.397290160715995810e+01
1.655630613345122271e+01
-9.653504157628388427e+00
1.462298949791028413e+01
1.037228459047452311e+00
-3.803874164721376516e+00
1.987444309671302989e+01
-1.756228685751070628e+01
-3.007256231065649743e+01
7.743430200773461891e+00
