3.047626065996575720e-02
2.361881970697162977e-03
3.780534808714168964e-19
1.000000000000000000e+00
0.000000000000000000e+00
9.835210814404987678e-01
9.999563086342776463e-01
9.999998150526989704e-01
9.999999999905939685e-01
9.999996043875942764e-01
1.852587487568942703e-01
7.473225315300391358e-01
9.999999448549371506e-01
2.133367663388437758e-10
9.999999971004025490e-01
1.263868878854382637e-17
2.045520981542800758e-04
9.999570690183694488e-01
1.176877565308175093e-06
2.307379899557703365e-04
1.067461481709239513e-11
9.999994155675792085e-01
2.113308848207936554e-03
9.999947182084802932e-01
9.999304339580264989e-01
2.790572233785570608e-03
9.999999963304166961e-01
4.553375636752923801e-06
4.392318692676352868e-11
9.985136820198654561e-01
