-4.530487821951354910e+00
1.346428168254685254e+00
-3.248209020780830514e+00
1.172964980831352033e+00
-1.189363620988667325e+00
-8.724206466314210484e-02
4.278251359760046668e+00
-1.847667985591147977e+00
-4.110300609102516489e+00
7.075012217357842914e+00
-4.824105418839883086e+00
8.155874381087435676e-02
3.866536759535854073e-01
-4.159302516116827775e+00
1.202232965635082085e+00
-1.257187175778916588e+00
2.340260551621188512e+00
1.809594292536111038e+00
-2.058614023461177389e+00
-5.806116732269821945e+00
