2.378100026371184939e+01
7.285101413178612262e+00
1.735747763048817838e+00
-5.633462442439752138e+00
-1.476751028776914998e+00
5.976754615195761566e+00
4.736396959636528514e+00
1.410312907966432494e+00
-6.772547516933914657e+00
6.257312575376907660e+00
-1.016271846108864274e+01
2.755500956465935847e+00
6.728959828422496514e+00
-7.534737809556819599e+00
6.647862014341201942e+00
-6.102384856765600496e+00
-1.281538880864230734e+01
-1.697519850695294963e+01
1.096343830391515173e+00
-2.857695947776445200e-02
-6.036555787640701887e+00
1.579877088384302830e+01
-2.671182079349661009e-01
-5.326287818126671070e+00
-6.988810723151580362e+00
-5.308121388204421365e+00
8.653916907696801886e+00
-2.869931676212540417e+00
4.957311950901257980e+00
-1.992881551605945045e+00
-2.272855915984365538e+01
-1.097652148299474995e+00
-1.869152115519771673e+00
7.678542837629144024e+00
1.683670103068553914e+00
-2.036172067142913100e+00
-9.861161431353988149e+00
6.828407452800616007e+00
2.561601447587836589e+00
-3.319974770066083547e+00
2.103404761941972900e+00
3.853773514889753393e+00
-8.848068206129548585e+00
-6.531163098448623749e+00
-1.097303080480820814e+00
-4.645559072354941144e+00
1.358643254430772274e+01
2.749295888539632138e+00
5.869553638615602864e+00
1.933808660542609914e+00
