9.999999999514994631e-01
9.684871788420871264e-01
3.669894627382003782e-01
2.831180934874724109e-01
1.045751780795431927e-02
8.060839757032409736e-01
7.770371258966399797e-01
9.714538346030113791e-01
1.592346973368151180e-03
9.974960199519861126e-01
1.095892087420472609e-06
7.478647577364933019e-01
9.668709311813399321e-01
1.429277962932277990e-02
9.889586749262316845e-01
3.755587032560467331e-01
4.822305817164453004e-04
6.360634022924660491e-08
5.405595961412286155e-01
1.389604229201964192e-01
1.755636165592112173e-05
9.999969024442399990e-01
8.226114862715401266e-01
3.503551392810151377e-01
1.046913767121705405e-02
6.823080698515218701e-02
9.990363387223470948e-01
6.019849148696165830e-01
5.100718082354191996e-01
1.800999481295814386e-01
1.182512675541407194e-09
2.102709663228376213e-01
2.721798283264512813e-02
9.961556663509153475e-01
3.175552124103035896e-03
8.912833551236882812e-01
4.977230632760251336e-03
9.403439752480761138e-01
7.539914517740565758e-01
2.541535219009560202e-03
3.103987084757652282e-01
5.645327526692750508e-01
4.104694008791322033e-06
1.686318899911090326e-03
4.281352295754088655e-02
2.960346969533575261e-04
9.999911877686178396e-01
9.313076460450766536e-01
9.990824245918941138e-01
8.276518365741255545e-01
