-3.393889759175626519e+00
1.352738219613719206e+00
-3.276658266420616528e+00
-5.686165285989628337e-01
-3.017170096394981460e+00
-1.639535691752040059e+00
5.793373884222297932e+00
-2.170485883719607934e+00
-2.483633706544472020e+00
5.451839698424347347e+00
-5.462979832459123664e+00
3.716407552743634657e-01
-4.298453012259217387e-01
-1.868434187920593459e+00
2.799008370889351838e+00
5.380656680968890632e-02
2.308767988617207223e+00
1.706398468576230565e+00
3.791300758210625066e-01
-7.880718056862178855e+00
