9.999999999857365207e-01
8.614133657469317251e-01
9.307968268550476099e-01
9.702945669761010583e-01
1.304173998628930520e-01
2.887876769823810585e-01
9.527543430673595104e-01
9.162926862949616336e-01
3.521525809404578260e-03
9.999874404512090198e-01
8.872710406273410328e-05
9.952070488165590811e-01
9.994932333141274272e-01
1.082755773271592723e-03
4.127428250290805511e-01
9.923586559406039065e-01
3.968090421859016975e-03
3.734267830861356231e-06
9.983157547479136751e-01
1.109454400665720562e-02
1.993268044004880277e-04
9.998977703458417077e-01
5.994894274977839999e-01
8.363861019338700853e-01
1.967757024650055534e-03
4.025867642615453545e-02
9.411300336961861968e-01
7.581444147348497253e-01
9.972149446659033245e-01
9.295630824023464953e-03
2.066411407765606767e-11
9.284667840102966280e-03
8.959226944706961515e-05
9.956414563783357874e-01
1.042457877701765366e-02
9.215085129338901337e-01
1.494915285736495292e-01
2.478492947949518521e-01
1.568900401441229997e-01
3.856973657979312353e-02
6.375077111844876798e-01
7.765681082150391878e-01
4.901646058372872029e-04
3.209942810522256607e-02
2.508520147292803149e-02
3.083715961452277495e-03
9.996669900286856425e-01
9.968057001319153843e-01
9.942432815215982433e-01
9.911452176898961630e-01
