2.579651660291511206e+01
6.309338705917836521e+00
3.352384253249331092e+00
-1.039408766179076959e+00
-2.416976983071099649e-01
-8.707625061987755988e-01
8.726984528543763275e+00
1.283740378910585456e+00
-8.807535646467776758e+00
2.701383306328395850e+00
-9.731609824045593271e+00
9.653055300433155406e-02
8.542975074700137839e+00
-8.176786411317850778e+00
-1.728064753205178938e+00
2.433525568594416377e+00
-4.156074248897418499e+00
-1.277172491226412276e+01
3.080350737867009747e-01
-6.344417332561128831e+00
-1.047022002989963596e+01
1.053953700777895186e+01
2.029049030917988716e-01
1.981610063494804730e-01
-4.715029357464112003e+00
-1.131449212339378008e+00
5.415078645919671807e+00
-2.331933434349654277e+00
4.539775188663316641e+00
-3.612975575483532875e+00
-2.228637344894372063e+01
-2.437119253677787700e+00
-5.629574847924408765e+00
6.570695064776266747e+00
-8.617087594416238394e-01
2.591419385455650204e+00
-2.305873659176312707e+00
2.621953819372606631e+00
-3.121603267283701300e+00
-1.081023459379291562e+00
-1.062343145364004426e+00
2.492967181632455009e+00
-2.259518707014943839e+00
-6.782201460094399614e+00
-1.783481826080243193e-01
-3.814531897240222236e+00
8.596224026987357547e+00
7.576828097794008343e+00
4.969461122861662083e+00
7.801822926554217830e+00
