1.640557092968310116e+01
-9.776327671781288586e+00
-4.901150736651435835e+01
4.745656582786964606e+01
-5.398676680933563432e+01
-1.956482027193909801e+01
1.099813411921990358e+01
1.834645854634684881e+01
4.002729826229521848e+01
1.476158433681658089e+01
1.383757239820612739e+01
-6.878876454790455064e+00
1.831287385015874847e+01
-2.051596550659600560e+00
8.803549058105282654e+00
-3.330639948144475682e+01
5.638920295238971647e-01
1.133660262520022322e+01
-4.517965510882568481e+00
3.968441813983343280e+00
-4.020886324581178428e+01
8.332904543593164348e+00
5.294294531659074821e+00
6.313302086685156134e+00
1.214249025755500533e+01
4.439631115725746646e+00
1.714367196120004877e+01
-1.259072921386917265e+01
-3.801219447030449317e+01
-3.183925190171519315e-01
