9.999879956808797044e-01
1.425702274498960360e-11
1.261319173251400442e-19
1.000000000000000000e+00
0.000000000000000000e+00
7.810565589307556789e-02
9.997241366847001709e-01
9.999999978037021897e-01
1.000000000000000000e+00
9.999999849705163424e-01
9.998092081210908644e-01
3.379405519806825904e-05
9.999999999929496397e-01
2.778458452279653707e-08
9.992007237293343280e-01
1.544075584861252898e-13
2.190354136252084039e-04
9.999995424350329731e-01
8.472642440753535079e-03
1.541525963901663684e-05
8.247581858534688546e-12
8.108871975571836366e-01
9.999990431670817692e-01
9.996763174338039182e-01
9.999999265280176131e-01
8.541409666979888904e-01
9.999999999549462615e-01
1.471393542391804306e-04
1.788509078698381591e-15
2.849794365559993325e-01
