1.133023204186067545e+01
-2.497377150638780208e+01
-4.351695863070896308e+01
4.235678133010105739e+01
-5.728394794096077192e+01
-2.468368149917194554e+00
8.195329147965079386e+00
1.993649266867874204e+01
3.899685790032042831e+01
1.801325197846503201e+01
8.564136553143166353e+00
-1.029519185803203030e+01
2.567794282871374989e+01
-1.739878445583321209e+01
7.131004305555330269e+00
-2.949918080459237757e+01
-8.426058075764222721e+00
1.459734650027763614e+01
-4.762404103185589044e+00
-1.108013723811892959e+01
-2.552110106659467448e+01
1.455785278538813454e+00
1.385963609305335353e+01
8.035423521424950977e+00
1.642636162218672169e+01
1.767455616597885415e+00
2.382316471082617326e+01
-8.823983282040472886e+00
-3.395739403905433562e+01
-9.198942771115360406e-01
