-3.403089061425796036e+00
2.125611407611596171e-01
-3.216982237528187127e+00
1.575763062184166063e+00
-3.901450198044923434e-01
-1.810839700766952109e+00
2.000155532740020004e+00
-2.725648794934826924e+00
-5.437666414814922078e+00
5.942828519450110036e+00
-5.175836241539105487e+00
3.475107935137397019e-01
-1.520857925379273667e-01
-1.501858470902808218e+00
1.068133830814531393e+00
-2.323245722600750351e+00
3.132680064725630320e+00
-2.503613228566936577e-01
1.939322833252580258e-01
-9.151422819111282081e+00
