0.000000000000000000e+00
4.793106413062180771e+00
7.209407829607819451e+00
2.160063014891159039e+00
1.441257981209649763e+00
0.000000000000000000e+00
0.000000000000000000e+00
8.434042158724126992e+00
0.000000000000000000e+00
7.806011893037007043e-01
3.410138025032719566e-01
2.766026761257435851e+00
0.000000000000000000e+00
0.000000000000000000e+00
2.794614772844538741e+00
4.839243287028121898e+00
3.858212044784892658e+00
0.000000000000000000e+00
0.000000000000000000e+00
2.039092588580428966e+00
2.390464751811038457e+00
0.000000000000000000e+00
3.944572644396893590e+00
5.530907814521158095e+00
0.000000000000000000e+00
2.796470890519051622e-01
0.000000000000000000e+00
1.921910949951992631e+00
0.000000000000000000e+00
7.160534888236560480e-01
2.591608767656597978e-01
1.559672466831873994e+00
5.605184139196174087e+00
5.621759985594467324e+00
0.000000000000000000e+00
0.000000000000000000e+00
9.606951651876838305e-02
0.000000000000000000e+00
0.000000000000000000e+00
0.000000000000000000e+00
