7.076931416204896852e-01
1.858525715029084530e-03
7.191745193997725577e-19
1.000000000000000000e+00
0.000000000000000000e+00
4.187827486069592431e-01
9.999870394118924866e-01
9.999789613690774903e-01
9.999999999999997780e-01
9.999857470624146094e-01
9.973930508678472417e-01
2.688827275298300425e-08
9.999999999996140865e-01
6.888135063186567724e-18
9.999217284082926316e-01
9.808941534838199319e-17
2.731296965741714043e-05
9.999975772410267805e-01
5.148586435150479803e-04
2.835936409270646262e-07
1.531451564619276630e-11
9.999635004073240685e-01
8.676366328713024378e-01
9.327237426556264088e-01
9.999949298597669012e-01
2.483399757722934698e-01
9.999999977595095402e-01
7.933173468834222490e-04
3.789553289930992058e-13
9.717035610204436402e-01
