-7.544536441475501398e+00
3.587018912853099373e-01
-4.240807569223387752e+00
-3.249321735872550132e+00
-2.357998494370930231e+00
1.184874746938592738e+00
4.645220204633050187e+00
1.716244318812331082e-01
-5.257810340119710268e+00
3.355634363655915386e+00
-5.222509193236060554e+00
-1.384537725934169572e+00
-2.861915945983902532e+00
-2.837510367821254764e+00
7.676020790854802822e-01
-1.231008891053953780e-01
1.972222395478614665e+00
2.115974095092433505e+00
-2.217778503898457210e+00
-7.778043179497469595e+00
