-9.999994403341805338e-01
3.440701126016738609e-01
-9.995855984721461196e-01
-9.969935660569984037e-01
-9.822569417422891691e-01
8.289825475515493203e-01
9.998154122369040664e-01
1.699589885800411038e-01
-9.999457821630676202e-01
9.975687212503427936e-01
-9.999418160083329843e-01
-8.819633250467625585e-01
-9.934869443386702415e-01
-9.931622618499079680e-01
6.455329381936172339e-01
-1.224828186850012851e-01
9.620116032974167508e-01
9.713677224813619393e-01
-9.765805556873580207e-01
-9.999996491613317717e-01
