9.999999999782933635e-01
9.956635812488798809e-01
6.340636234464402943e-01
2.655398885716900163e-05
3.747276860110885371e-02
9.999983271423578124e-01
9.799587842033071761e-01
6.256039127368052651e-04
6.890427825977841862e-03
9.996308856314313207e-01
1.033916261410424281e-06
9.497440449922676109e-01
9.889982062829664189e-01
1.661128382465803036e-02
9.947545595648005223e-01
1.140385517241267665e-03
2.406573468707147516e-05
3.071380694139331620e-07
9.936218793574637109e-01
8.424359835487000847e-01
7.376701931585297745e-01
9.999999796204983582e-01
9.937793427292787030e-01
1.943402339558553040e-03
3.386125888542180617e-04
9.939557184998862871e-01
9.897824003939365012e-01
9.997047854194685002e-01
9.678844785967034570e-01
1.541719446184099396e-01
1.513831190203053273e-04
3.018296452431803224e-06
8.220370081186693101e-01
9.997028365473583644e-01
3.423693501875892684e-05
9.847223485202275528e-01
4.085188111451561188e-02
9.149277366818537871e-01
9.465064452893183766e-01
1.939309413250285205e-02
9.961854626832163939e-01
9.999988456197587139e-01
3.730614326214267673e-07
3.177967731257988915e-03
2.838375822084092670e-01
9.450635103514735957e-02
9.999591243050702793e-01
9.776456455067552564e-01
9.999998818186071059e-01
2.632446294203710097e-03
