0.000000000000000000e+00
7.876366871632652256e+00
3.504030628199937158e+00
1.537514056017636799e+00
0.000000000000000000e+00
0.000000000000000000e+00
0.000000000000000000e+00
4.247348588935994762e+00
0.000000000000000000e+00
2.359847361998825832e+00
3.606435224284470831e+00
7.024616424961441119e+00
0.000000000000000000e+00
0.000000000000000000e+00
1.169017380064359957e-01
4.438068338747594765e+00
3.220255727512729482e+00
1.948371971339492248e+00
0.000000000000000000e+00
1.944126754416593661e+00
0.000000000000000000e+00
1.276758900877829284e+00
4.311441036887087463e+00
5.375847630405152344e+00
9.426751700101523301e-01
4.060590162904968992e+00
2.900333359099105390e+00
3.504580246959605017e+00
0.000000000000000000e+00
5.204725714809264936e+00
5.241034639631036107e+00
1.221520135093317805e+00
2.954792481909435331e+00
8.764023873679162691e+00
0.000000000000000000e+00
0.000000000000000000e+00
2.323953525533285269e+00
0.000000000000000000e+00
0.000000000000000000e+00
1.786188108960228060e+00
