-9.997669786808892622e-01
-9.217003610250743550e-01
-9.634484768378507313e-01
-9.963055198413586222e-01
-6.420789685004218983e-01
-9.906729982071984519e-01
9.999868944372706236e-01
-7.308784258010815327e-01
-9.950034893935908453e-01
9.998577769279595184e-01
-9.999947257462863393e-01
-2.990702600245662146e-01
-8.522539699090936338e-01
-9.963900194137946809e-01
4.219604833612745215e-02
8.143370655370636424e-01
9.914055835592910926e-01
9.985635639884018477e-01
5.338072960407631851e-02
-9.999991762626480041e-01
