1.587913497833703858e+01
-9.624526237863339162e+00
-2.636885246826447649e+00
6.471923404733106011e+00
4.719090524347204330e+00
1.737976715436704467e+01
8.514177710115671260e+00
-2.413296812069130493e+00
-1.872579776227093706e+00
4.921313769066930632e+00
-1.065884702213443269e+01
-4.250656923183141700e+00
-3.467313372855009845e+00
-6.346781025301377888e-01
6.789134655396767748e+00
-1.292057478718028118e+00
-1.238307547597642078e+01
-1.010402206684529181e-01
7.276494369183454047e+00
1.466278928728509179e+01
2.236674805223200835e+00
4.287975669093436082e+00
2.399495629842203659e+00
-8.553304684333802754e+00
3.411260702745043005e+00
2.047210284970982563e+00
8.085433166596686760e+00
4.889049760472447659e+00
5.171433180453983702e+00
5.414437384825044219e+00
1.383319236346673797e+01
-6.825172930375749125e+00
9.117739111559952647e+00
1.248277272347460354e+01
-9.859442317987694437e+00
1.795135352233673842e+01
-2.728474591896794088e+00
5.696242334268784901e+00
-2.532201714906236134e+00
-8.129938067266227364e+00
7.083321332056664588e+00
-1.532515433958507423e+00
-8.917665621042702995e+00
-1.180004980821516547e+01
-4.638251196276558908e+00
2.085259053688778064e+00
-1.253562657754919041e+00
-1.865429290743099822e+00
-1.859737371101742198e+00
-4.999658317212663405e+00
