-8.232547089545028118e-01
5.571111072834788125e+00
8.795484386454011982e+00
6.696050296827031900e+00
3.057749050993483486e+00
3.356638222479279676e+00
-2.939278673411175102e+00
6.700385563987053317e+00
-9.245668827689418334e-01
-5.123883222603226706e+00
1.208140135475217036e+00
-2.198688051068966587e+00
1.131305244181087799e+00
1.842285251191961404e+00
1.229020901131258725e+00
4.096397666419557382e+00
-1.787296287146854068e+00
-7.006017426376683233e+00
-6.494013456379062355e+00
-3.017836541364778746e+00
7.076010353781791995e-01
-1.774463350060516920e+00
4.527737370179988119e+00
1.630917914778995170e+00
-3.530482106253707286e+00
-5.425043640207456441e+00
-8.398617203050370961e+00
-3.770679256303235416e-01
-1.162398728083323718e+01
-4.626585419054952908e+00
-2.632001928758336717e+00
3.738741211142762477e+00
4.117662383462858955e+00
3.634901076914391460e+00
-4.124603951642045629e+00
-1.407901705155716243e+01
-4.335282094516415441e+00
-2.128502931390304553e+00
-8.835000601151678623e+00
-5.948837014148607771e+00
