9.558489555501048507e-01
3.180149941748656677e-10
9.990223016476138599e-14
1.000000000000000000e+00
2.920019818322814868e-22
1.310530825974250829e-02
9.999999999994604316e-01
9.999999999993705035e-01
9.999999999999733546e-01
9.999999999997877254e-01
9.653469142349290211e-01
6.845601972600818837e-14
9.331513036283982654e-01
3.668618997454603294e-11
1.967382019088278339e-02
2.243490185428856592e-19
5.794586044747365022e-02
5.668503094735973802e-01
6.385098436099003827e-05
2.020798873891912102e-09
2.759084391187526019e-17
9.913301162647099041e-01
1.733754421034155654e-02
9.192940761336289290e-03
9.472300334282511836e-01
9.998115824268010154e-01
9.794092817693895725e-01
1.341455393114985434e-02
3.839949512448065469e-13
1.138358915657306609e-03
