-9.134362277848421030e+00
-4.661272356979202058e+00
-2.196227897276580521e+01
2.996949105250150325e+01
-3.965255071473988835e+01
-1.057712737336697018e+01
2.654672477241150119e+01
1.376659892198804869e+01
1.907206855232679388e+01
2.093884175183751140e+01
8.609637622364245679e-01
-2.567656863133583300e+01
4.200343784232045685e+00
-1.530741457215606438e+01
-1.063041978222985229e+01
-3.932505311605494569e+01
1.871203484590715505e-01
-3.949581295699081007e+00
6.945539516653753687e-01
-8.723887481315049541e+00
-3.760962152805343095e+01
-8.704089715491884149e+00
-2.124080599446479312e+00
-5.268504704270072558e+00
1.161241517398718948e+01
2.017853598268515469e+01
1.244001908134836043e+01
1.946150724021156186e-02
-1.596473292366873409e+01
-3.462154600047984587e+00
