5.999783603579485203e-02
-6.509745304556839862e+00
-5.531457817898481899e+00
-1.625478007695705163e+00
-4.526857124625951467e-01
1.489350555892982797e+01
1.092720013782688682e-02
-2.583852619452182253e+00
1.727089653632708277e+00
-8.267419247155833872e+00
-4.799102041236531946e+00
-4.201236259212302038e+00
-2.905350319171516205e+00
2.536488794767764343e+00
8.110926870521348420e+00
-5.891129322881003105e+00
-7.079295944630245252e+00
4.978565672835716605e+00
-7.286613553467469195e-01
1.814356410945887532e+01
6.484021600965480303e+00
2.501811389194231516e+00
2.654810980061689030e+00
-5.735407065476562316e+00
2.749230968528825869e+00
5.635387714210594368e+00
-5.041775724640103817e+00
5.015511578531824277e+00
-2.448917458157007232e-03
5.649752934030324525e+00
2.508402725101137065e+01
-2.964917564322863797e+00
1.319588260316540484e+01
1.104538932567105114e-01
-3.361896528551369556e+00
3.280771162915108174e+00
-1.205234256505248458e-02
2.964153831741595635e+00
-2.812504834909237417e-01
-1.246920759511338161e+01
5.497723442083972678e+00
-1.459745075004665882e+00
-1.267917329224353962e+00
-2.425929956137400367e+00
-1.905270828562847463e+00
6.095977765745146826e+00
-5.390873574453016737e+00
-2.819729357474852094e+00
-6.744174923413315703e+00
-1.165868603728273456e+01
