1.078822540435168899e-04
9.365876362718312392e-03
2.896699417364017583e-10
9.999999999999036326e-01
6.013343755570915707e-18
2.549182193896097178e-05
9.999999999970425879e-01
9.999989498735496474e-01
9.999999947867821426e-01
9.999999991939230171e-01
7.028619725601673585e-01
7.060052477743396813e-12
9.852309715127413048e-01
2.249439004642971267e-07
2.416889815901770950e-05
8.343464667296816676e-18
5.466440667626940586e-01
1.889872380515480663e-02
6.669792091370435605e-01
1.626271953540867348e-04
4.638193937442305641e-17
1.658783934502620081e-04
1.067782515996115872e-01
5.124907570113163002e-03
9.999909470892934804e-01
9.999999982758573935e-01
9.999960429946295193e-01
5.048652232523062056e-01
1.165747614887876975e-07
3.040844321815654172e-02
