-1.457833484694376125e+01
-4.925642712768093290e+00
-9.388692511917888339e+00
2.338968286621639692e+01
-2.949289485384440823e+01
-1.807998484608375378e+01
2.905289242395608085e+01
7.983131160062029608e+00
2.479537719612748248e+01
2.550869943397332662e+01
9.362314467748444002e+00
-2.071708855754428313e+01
8.588893656334033011e+00
-1.344591951438232336e+01
-3.345361020373248007e+00
-4.092070209089381905e+01
-6.288187581295394679e+00
-6.588995408709193313e+00
-4.080465595376377763e+00
-1.040519608513594108e+01
-2.377322602587462441e+01
-2.113646503928550402e+01
4.250401787074854276e+00
-3.448682929237530281e+00
2.356633814490610490e+01
2.086410006759383151e+01
2.180027941946536174e+01
3.928355691621562062e+00
-7.440465264368514298e+00
-5.054520805859965549e+00
