9.999597012778358440e-01
8.728553296835337427e-01
8.377039627640659232e-16
1.000000000000000000e+00
1.378153507625486203e-20
4.517350930389669826e-12
9.995366597854572488e-01
9.986688581273591714e-01
1.000000000000000000e+00
7.174419508908330689e-01
9.999999995266239949e-01
9.995054310017879029e-01
9.999999999400492889e-01
3.649968923037615054e-03
9.999561101090639337e-01
1.222112429262902776e-15
6.437307153067100955e-05
9.999782135546303463e-01
9.487115233423001372e-04
4.994166572614365252e-01
4.856426564281324106e-14
9.997266561175025545e-01
9.999991458211561213e-01
9.999971254599030468e-01
9.999999999995992095e-01
7.773548628781614678e-01
9.999999943889865683e-01
1.139761443698291419e-03
6.157548467069770902e-10
8.634608105185964666e-01
