5.239132860977787409e+00
8.933178541615177437e+00
4.705788078277940656e+00
-9.411335176850929685e+00
-1.210575306661097583e+00
8.692029649863382001e-01
5.786119742702660496e+00
3.844650478063368571e+00
-9.001746006346412088e+00
1.813453778835468100e+00
-2.957344467693067358e+00
4.818444762166950168e-01
8.797242127823865943e+00
-2.493646821785759915e+00
-9.262776904075781248e-01
9.538084820854022539e-01
9.558328216866001092e-01
-6.501673154702704238e+00
8.439833681484087080e+00
-4.593421966391124656e+00
-1.007281421550900191e+01
8.967804884395656373e+00
-1.955588911132029484e+00
1.069624074418130810e+01
-1.056961441912579147e+01
8.823373819294034748e-01
3.724044672579512216e+00
6.099332259815668511e-01
4.610896705580124433e+00
-1.232771942851827340e+00
-2.305928082698868664e+01
-1.750329848343558758e+00
-6.302596029309390779e+00
4.854556900588636204e+00
-3.020560824566347780e+00
-4.051083774991473874e+00
-1.474085158190471478e+00
-2.423447737638488420e+00
9.759921748866173807e-02
1.677080102765001968e+00
-6.463494488239276414e+00
1.911923784810252602e+00
3.165459785625682088e+00
-2.052303314189974248e+00
2.895229716275362630e+00
-6.896727429523053843e+00
9.826467573963139301e+00
4.712994063048602911e+00
7.704656613317805380e+00
1.962347136199759756e+00
