-8.768273822434412779e+00
-5.663221992472765365e+00
-2.069032230862781674e+01
2.884046289395002560e+01
-3.918900113249689099e+01
-8.481002025734293071e+00
2.667601568737020656e+01
7.228774290205199904e+00
2.623287309204750173e+01
2.046560317344294333e+01
1.586317721770510669e+00
-2.216539107782418938e+01
9.429832373730886452e-01
-1.258070769881557638e+01
-3.474116230667881666e+00
-3.109660884581816020e+01
8.130174563190153414e-01
-2.853703826049767134e+00
7.238759225884090043e+00
3.491755319893593779e+00
-3.192363897805109474e+01
-1.592399313102476022e+01
9.767725130491742291e+00
6.643069153983014452e-01
2.436622966631433940e+01
1.792551876512160902e+01
1.200801908500854509e+01
-4.321052272880669953e-01
-1.392523807321830276e+01
-5.625448830602125527e-01
