6.278136068507834011e+00
2.827069273504235092e+00
4.494596919969821691e+00
6.162765149244945562e+00
5.034647801320258687e+00
2.811328712492946469e+00
0.000000000000000000e+00
4.041511905711693942e+00
1.839272317016811709e+00
0.000000000000000000e+00
1.807926614218835937e+00
0.000000000000000000e+00
0.000000000000000000e+00
1.141879145006498231e+00
0.000000000000000000e+00
7.050417387764341015e+00
0.000000000000000000e+00
0.000000000000000000e+00
0.000000000000000000e+00
3.634112062771537310e+00
0.000000000000000000e+00
4.905351063500752673e+00
1.426241705675564742e+00
0.000000000000000000e+00
0.000000000000000000e+00
0.000000000000000000e+00
0.000000000000000000e+00
0.000000000000000000e+00
0.000000000000000000e+00
5.448937439509045078e-01
8.024448134688610956e-02
3.294673684115909662e+00
4.531364466552594727e+00
2.314242387399854994e+00
0.000000000000000000e+00
0.000000000000000000e+00
0.000000000000000000e+00
2.591343161238218951e+00
0.000000000000000000e+00
0.000000000000000000e+00
