2.680456088790083236e+00
0.000000000000000000e+00
1.264878636773854259e+00
1.074081370636831778e+01
6.827672387155267586e+00
8.142421481836057406e-01
0.000000000000000000e+00
2.116921769953653332e+00
4.894566747494983439e+00
0.000000000000000000e+00
2.223933429490656533e+00
0.000000000000000000e+00
0.000000000000000000e+00
0.000000000000000000e+00
0.000000000000000000e+00
9.126054668320248808e+00
0.000000000000000000e+00
0.000000000000000000e+00
0.000000000000000000e+00
3.413397556448001247e+00
0.000000000000000000e+00
5.797906688563685407e+00
1.012969467375679056e+00
0.000000000000000000e+00
0.000000000000000000e+00
0.000000000000000000e+00
0.000000000000000000e+00
0.000000000000000000e+00
0.000000000000000000e+00
0.000000000000000000e+00
7.726900871695574491e-02
3.539267607633566737e+00
2.945750707998864293e+00
8.351920677251195357e+00
1.622203062883574631e+00
0.000000000000000000e+00
1.513657392825372039e+00
1.134678116763545297e-01
0.000000000000000000e+00
0.000000000000000000e+00
