8.749220201856232393e+00
7.694656785416341904e+00
1.365521286836556047e+00
-9.525207707072496532e+00
-4.482332946107302263e+00
6.787995955218135702e-01
3.413858715778673059e+00
-4.080912148965984976e+00
-8.778014614665437421e+00
5.078485253823837198e+00
-8.653497169889735829e+00
-4.867710966172615450e+00
1.381463401627269505e+01
1.742362476893934531e+00
-8.400875480249603289e-02
-9.079183219185833487e-01
-1.643017983343003419e+00
-4.971608363311737833e+00
5.995358299688446913e+00
-1.058680773463166958e+01
-6.978101363045600358e+00
5.431765174756709058e+00
-5.991508984390474524e+00
8.074676949231930578e+00
-7.218864904222701995e+00
-1.428903790765957638e+00
4.724276130175346644e+00
-3.641341758579903498e+00
3.545016730089372459e+00
-4.416088137509305511e+00
-2.333726582866552235e+01
-2.619171631933254307e+00
-6.993958400854002555e+00
6.667262914301864463e+00
-1.393794077605206239e+00
-3.871140132397306477e+00
-2.611312470166586408e+00
1.756286569269637887e+00
-2.835301143489569853e+00
6.358532905652226619e-01
-5.544119935904427088e+00
2.246560441329937596e+00
2.528402139914589064e+00
1.131567999878141162e+00
4.831996716936245440e-01
-3.999083085100263446e-01
8.262869842667981857e+00
7.489087141864886554e+00
7.803922063877697823e+00
8.969878223158037400e+00
