1.416854187895015649e-07
1.062299494158133739e-01
1.597897512695731909e-02
9.960973211972492525e-01
3.616994202617414556e-01
2.166869008403894312e-04
2.802074681068205120e-01
6.299508293021641343e-03
9.995954573750539529e-01
1.481682041444927623e-07
9.999721022719676444e-01
1.597636754032145945e-01
7.663859852372647804e-05
9.999018357418129055e-01
1.519961754719131766e-04
6.194664819910338308e-03
9.999883759752858925e-01
9.999971625699363154e-01
1.313892051525345937e-04
6.226645696615055181e-01
9.987534952922684228e-01
4.122244113990474096e-06
9.973703879135639161e-01
4.894294475058736521e-02
9.999995057665420628e-01
1.371132591372486997e-01
1.318898951717180097e-03
9.948528984173553580e-01
1.498512361398631094e-03
9.946081378408316853e-01
9.999999999941158180e-01
9.984283154695652307e-01
9.984754544524614417e-01
1.691742370565039576e-03
9.987190164792006941e-01
7.149317339346546174e-02
9.578288309502732689e-01
4.767360659843329351e-01
4.246376346147500147e-01
9.959738035792840005e-01
1.033585973297068694e-01
1.312875980174721359e-04
9.336216174117278888e-01
1.709129869352485342e-01
9.641502351868506127e-01
9.999876865289840655e-01
3.634552455230072348e-05
7.055388882711826071e-01
5.035825366169929297e-03
8.734282676240419374e-02
