2.088734205696202828e+00
0.000000000000000000e+00
0.000000000000000000e+00
8.410205444146045650e+00
5.703445800929608289e+00
0.000000000000000000e+00
0.000000000000000000e+00
0.000000000000000000e+00
2.125186887069816510e+00
0.000000000000000000e+00
4.010515126762483895e+00
0.000000000000000000e+00
0.000000000000000000e+00
0.000000000000000000e+00
0.000000000000000000e+00
6.486627046594621859e+00
0.000000000000000000e+00
7.570137035015487292e-01
0.000000000000000000e+00
2.846318081065107641e+00
0.000000000000000000e+00
3.363412882317563746e+00
3.922317020859949377e+00
0.000000000000000000e+00
0.000000000000000000e+00
2.022077933120052684e+00
2.239439905828095601e+00
3.156453094684108951e+00
0.000000000000000000e+00
2.306093446180242368e-01
1.456965308342427656e+00
6.764946856562636057e+00
1.669578895198560398e+00
8.070641372562253224e+00
1.166737187280072696e+00
3.132550895233909838e-01
1.013181173215240705e+00
0.000000000000000000e+00
0.000000000000000000e+00
0.000000000000000000e+00
