1.578274488800591291e+00
0.000000000000000000e+00
0.000000000000000000e+00
7.579427200620404648e+00
7.539548867426971945e+00
0.000000000000000000e+00
1.409347252455659394e+00
4.692743702609453171e-01
1.591274712518046641e+00
0.000000000000000000e+00
4.812605994386772501e+00
0.000000000000000000e+00
0.000000000000000000e+00
0.000000000000000000e+00
0.000000000000000000e+00
8.068806609149314468e+00
0.000000000000000000e+00
2.599420378931141862e+00
0.000000000000000000e+00
3.514269862188318605e+00
0.000000000000000000e+00
2.619677740338174132e+00
5.032445510819366419e+00
0.000000000000000000e+00
0.000000000000000000e+00
2.876769688902606870e+00
2.553634876541986287e+00
1.966413672135070456e+00
0.000000000000000000e+00
0.000000000000000000e+00
1.204550020695524859e+00
6.605004127547720927e+00
3.109221880703109786e+00
8.965191771653739039e+00
0.000000000000000000e+00
2.143195628955886889e+00
1.037439028164834687e+00
1.180228859763569504e+00
0.000000000000000000e+00
0.000000000000000000e+00
