2.561177251792413112e-09
8.323257947124886869e-01
8.576799697660028032e-01
9.998448100978505337e-01
5.450200989994719719e-02
1.516893398422651882e-06
4.988145720182094456e-01
1.473839107695491535e-01
9.968272204802054448e-01
1.078952026012496939e-07
9.999932671999605116e-01
1.058136940190643714e-02
4.321299032654987889e-03
9.944139020964832820e-01
8.918778782950368203e-03
4.002133493684324923e-03
9.999993539684096655e-01
9.999565961782072021e-01
2.111436069428611578e-04
4.261094814142316924e-03
8.751217336046952511e-01
8.503234671373625226e-07
2.022491901520232990e-02
9.702206705891240901e-01
9.999987435849341244e-01
9.438095971621975888e-01
1.680239175520193903e-03
4.763411191733135652e-02
1.523820358356329152e-03
9.982825240844891423e-01
9.999935719542569768e-01
9.999892356663867554e-01
9.153921785731926331e-03
3.140395389247460363e-04
9.999996810684572690e-01
9.321529031486249645e-03
9.442453252224936033e-01
2.136092898453764537e-03
4.055935223636784187e-02
9.997147049704948607e-01
4.688410988274276797e-02
2.418137368233462235e-05
9.999905548771087505e-01
9.995640830812425603e-01
9.809244602122197954e-01
9.999900704327783219e-01
2.698372708239673602e-03
9.810949027894586560e-01
3.212119843790711064e-05
9.991355451273298272e-01
