-2.526406166894407335e+01
-1.998277331434706872e+00
-4.780903154119061083e-01
4.178777488510459825e+00
5.287452371796845796e-01
-1.520655358493513454e+01
-2.225767517945039131e+00
-1.399434959588861549e+00
6.213981744921463601e+00
-1.312712193687916162e+01
1.490367145917302949e+01
-6.175354178833245555e+00
-7.144405907413631240e+00
3.430602988632331041e+00
-5.104724135636943494e+00
-5.635748944458887522e+00
2.047077542149483875e+01
1.295393767992827883e+01
-1.095467940413136354e+01
-4.237120415562677600e+00
-3.025543660222463682e+00
-1.504596546583383621e+01
-3.315062721952779068e+00
2.454875497292132280e+00
1.283401167791895858e+01
4.336102590768231568e-02
-8.977367754106035491e+00
-1.043778549342130768e+00
-6.524483793386171904e+00
5.587186450982825292e+00
1.185723307579386621e+01
8.370274274915367130e+00
-7.741269216230429739e-01
-8.807636987192022815e+00
1.336950526001323603e+01
-3.483574484821007733e+00
2.228945012338964471e+00
-4.909148904723807050e+00
-7.866777831660774822e+00
7.899901363379768782e+00
-2.056913639786226877e+00
-1.080205079916536448e+01
1.196823806169697590e+01
7.901235285285959087e+00
-1.267117279417635967e+00
9.973391928678516649e+00
-9.458732372519417453e+00
2.644263679554053503e+00
-9.951523026317104836e+00
1.440174935886676799e+01
