3.997138693740444274e-15
9.381446535117153873e-01
8.854349640556427037e-01
6.244711683901425087e-03
4.488901365205489880e-01
5.729345441881381590e-09
3.437666514490481662e-01
1.848539945160753003e-03
9.993220389723326269e-01
2.357738302480009312e-04
9.999998156957292661e-01
1.230023897995816649e-02
9.826532713394543483e-01
9.999244890736391778e-01
1.546841383517457997e-03
1.063340769331681673e-01
9.999999995124631003e-01
9.999998739939522929e-01
2.451894286961727853e-03
1.224206553223325930e-05
4.423516051656967846e-02
3.237714822013443334e-08
4.906062282597266865e-03
9.994079304145916387e-01
9.991994266877712860e-01
2.085451500104584799e-01
3.817164016646837954e-06
1.438330501218862967e-01
1.613791367301506408e-01
9.466124500453687585e-01
2.836181898969305504e-01
9.995619175218570795e-01
4.233753960396619692e-02
6.012137275201639769e-04
9.999593870583277644e-01
1.194852572513958270e-03
9.525588437749217263e-01
2.767397107575975818e-02
7.151153076250295337e-02
9.999981172332127466e-01
5.751240260266635628e-04
1.703317863273340381e-03
9.999998363329675177e-01
9.999956237606020260e-01
9.367351168667332750e-01
9.997925245992659304e-01
1.040192721602976270e-03
7.892656683100023329e-01
2.820140830305736986e-03
9.999997109973541853e-01
