-2.674593503706273268e+01
3.749757028972442008e+00
3.571524692581710791e+00
-1.879180445479320394e+00
2.684686105035686055e+00
-2.061251203389688769e+01
-7.800157774970152502e+00
-2.275217685637624498e+00
4.839456018788554914e+00
-1.129695658802027491e+00
1.063518533220498163e+01
6.160909388017524746e-01
4.549782951048976010e+00
4.727631675098901809e+00
-3.104522260162010383e+00
-7.075786148626185046e+00
1.297238968092559297e+01
-3.695221872523875462e+00
-8.624702985178766212e+00
-1.218445155630388754e+01
-2.120280791877626747e+00
-1.083630467946857223e+01
-1.036964523124469828e+01
8.569514055482251536e+00
9.916935542695803907e-01
2.236241891932017278e+00
-7.751123636228675728e+00
6.749906763533299880e-01
-5.287650923789617430e+00
-8.495206622531528140e-01
-9.766374252641691456e+00
4.522893527265520852e+00
-7.185686412695452496e+00
-4.778984171922667556e+00
9.858863990093468033e+00
-8.765461258571626502e+00
3.476322039625006965e+00
-2.956112601928666983e+00
-1.409938498237298887e+00
2.022792124367781952e+01
-7.072426711555403145e+00
1.337158903291383538e+00
9.776361028502856598e+00
1.312064712200871597e+01
9.257844961297546638e-01
-1.087802985628517849e+00
-4.021998813360267988e+00
7.578809390407005964e+00
1.023180295785605320e+00
1.471904912783913133e+01
