-8.214894551379707366e+00
1.769174236299207337e+01
-2.069498273541315214e+01
3.020011589114971073e+01
-2.949785907278852193e+01
-8.394033931893812195e+00
5.213521178763798503e+00
2.776485987103298303e+00
1.303157026726715984e+01
-4.298033248565281461e+00
8.505730435694429659e+00
-1.247256295292542561e+00
-9.301384864978793132e+00
-1.392001596476651315e+01
-5.130470805627335373e+00
-2.735128599035904884e+01
4.903147624858969600e+00
-3.990670681280144461e+00
2.740243215750328254e+00
1.112659953792606871e+01
-3.829914180319063632e+01
9.753187979322959222e+00
2.294324192845258636e+01
-3.016809032725479955e+00
3.725049919934472342e+01
-1.422980484616088503e+00
1.832082547170354658e+01
-1.067618088443628643e+01
-1.207729534189870835e+00
1.923568487754572942e+01
