0.000000000000000000e+00
2.320222079129576898e+00
0.000000000000000000e+00
7.190110101546589583e+00
6.884888185351202949e+00
0.000000000000000000e+00
0.000000000000000000e+00
1.171393207573525164e+00
0.000000000000000000e+00
1.353097855700414520e+00
0.000000000000000000e+00
3.220036893153567892e+00
0.000000000000000000e+00
0.000000000000000000e+00
0.000000000000000000e+00
5.651189769168911248e+00
2.927802881740394492e-01
1.601061217347805599e+00
0.000000000000000000e+00
4.930637982298397226e+00
0.000000000000000000e+00
4.987006511708171885e+00
0.000000000000000000e+00
6.142346585567597828e+00
0.000000000000000000e+00
5.936279820928881179e+00
4.550263480713723219e+00
4.059890433223599437e+00
0.000000000000000000e+00
2.398187832105705297e+00
2.345341812352474076e+00
2.000973080883225563e+00
1.516877505533784865e+00
1.086585217751665056e+01
1.096303730376199326e+00
0.000000000000000000e+00
3.432375419157218666e+00
0.000000000000000000e+00
0.000000000000000000e+00
1.281685280516936754e+00
