0.000000000000000000e+00
3.072267064281389182e+00
0.000000000000000000e+00
5.341442321270796434e+00
6.663552461253149595e+00
0.000000000000000000e+00
0.000000000000000000e+00
3.103596472841519738e+00
0.000000000000000000e+00
2.349835155929433483e+00
0.000000000000000000e+00
7.203520281121978286e+00
0.000000000000000000e+00
0.000000000000000000e+00
0.000000000000000000e+00
6.558970686903450975e+00
1.451309352491825688e+00
0.000000000000000000e+00
0.000000000000000000e+00
5.498547321210603300e+00
0.000000000000000000e+00
3.433557558413608213e+00
2.527347013571059176e+00
4.375829519702591597e+00
0.000000000000000000e+00
5.533032303297136245e+00
2.117376893328759113e+00
3.793254133116325200e+00
0.000000000000000000e+00
2.367691493645037948e+00
0.000000000000000000e+00
4.590195159914507883e+00
0.000000000000000000e+00
9.283196502070941492e+00
2.613581629037989185e+00
0.000000000000000000e+00
3.548553949120800688e+00
0.000000000000000000e+00
0.000000000000000000e+00
1.930700122257551055e+00
