-9.999982280185424344e-01
-9.988576072755953605e-01
-9.789459716468571493e-01
-8.011355283106024183e-01
-9.987898082614997675e-01
9.679946148822646812e-01
9.999635518912228793e-01
2.521818721419902820e-01
-9.735643300263947530e-01
9.999848970324124453e-01
-9.999998815870926316e-01
-9.984024082767717356e-01
-2.352231079607458586e-01
-9.444852202897758842e-01
9.983910926620325199e-01
-9.988980380782360724e-01
9.997047682769532040e-01
9.985329444759429851e-01
-9.999935600594276330e-01
-9.999734018932074919e-01
