9.989134427952078843e-01
9.952141399177421022e-01
9.860050489193149525e-01
1.187132385898867319e-02
4.373434859180974632e-01
9.590272456948671122e-04
7.864061139751923335e-01
6.323072639777665982e-01
2.705029664082372332e-01
9.999972394691800659e-01
9.979051380062350929e-02
9.999491656562138342e-01
9.996269923046404715e-01
1.313107547924569629e-01
1.084017021868894336e-02
1.264217425959509589e-01
7.614482612354532831e-01
2.528346907585772487e-03
9.395651312510471254e-01
6.860360468479975196e-06
6.022560271723959024e-03
9.571291647282407222e-01
3.377007873023140229e-04
9.996779755944571466e-01
3.479947476266838629e-03
7.083348190733684824e-01
2.738735966837019253e-01
9.816351064527006898e-01
9.968369014199801592e-01
7.377058686786160113e-02
3.852481968231331467e-11
1.194677205657488084e-01
6.638069215531190465e-04
9.986540349793592286e-01
2.553854394330928521e-02
9.266782887610232056e-01
9.280559542128254957e-01
2.444880740245123918e-01
3.627811403321034578e-01
9.999632359090764311e-01
1.909547904817892423e-03
9.507041525610238075e-01
9.355247862676965287e-01
9.987677311842664274e-01
8.517156049446718002e-01
1.567433718597038015e-03
9.992980991729449869e-01
9.998025835781474413e-01
9.920670858246443125e-01
9.984513866906812307e-01
