6.823653961195924822e+00
5.337292175739587918e+00
4.254964847721209864e+00
-4.421687196051907520e+00
-2.519504473134885902e-01
-6.948631585551403589e+00
1.303396860243552391e+00
5.421278202437245231e-01
-9.920722369810154317e-01
1.280008481010643173e+01
-2.199554371981367051e+00
9.886887537385796065e+00
7.893538430262714733e+00
-1.889418772833154847e+00
-4.513597227309745996e+00
-1.932974235049743417e+00
1.160636005978796792e+00
-5.977658037435816141e+00
2.743850906353843655e+00
-1.188974371079734205e+01
-5.106202046733534061e+00
3.105746586464295245e+00
-7.993012541388369030e+00
8.040561145414638844e+00
-5.657252061758746287e+00
8.873103864928559847e-01
-9.750574349480234382e-01
3.978778774521012807e+00
5.753035056773471823e+00
-2.530161850087612851e+00
-2.397971841523176550e+01
-1.997480373516169472e+00
-7.316855204227351805e+00
6.609297164088945742e+00
-3.641696127486903745e+00
2.536749697746751853e+00
2.557203351416469150e+00
-1.128229036398796126e+00
-5.633134420783314500e-01
1.021095221453270696e+01
-6.258977390573741140e+00
2.959363076199528209e+00
2.674826773845899730e+00
6.697665214399628475e+00
1.748120656006479479e+00
-6.456746907709815630e+00
7.261016288644853489e+00
8.529997807771545482e+00
4.828770276263343320e+00
6.468845573978260433e+00
