2.096707750340967635e+01
-1.008642392650716424e+01
-2.582769045207130176e+01
4.000558891710040399e+01
-4.220774173711568977e+01
-1.226263528598379970e+01
8.728510294589449714e+00
1.314920404159962963e+01
2.876203011785556640e+01
5.603192870168796524e+00
7.611742808624772039e+00
-5.937791594202513679e+00
2.736060389681485461e+01
-1.851874729333833614e+01
-8.309573777918130233e+00
-1.966844551504096472e+01
-1.603062815554015330e+01
1.397660580658868135e+01
-3.381476536642796127e+00
9.388605805903420531e-01
-3.821475599663202161e+01
8.866558506697522546e+00
2.153169664683203166e+01
1.251498259805690871e+01
1.575581395962037412e+01
2.763714827618203529e+00
-2.092126946564386802e+00
-6.822300600928747016e+00
-2.579468749614453316e+01
-3.007638414275503713e+00
