-6.074306662037175286e+00
4.354982127860429486e-02
-3.975969754730932060e+00
-3.202383972406386725e+00
-3.417774532494831874e+00
-5.413056171910151093e-01
5.739177609950062653e+00
-2.625586386350673429e+00
-1.379534636786417412e+00
6.046205275730025974e+00
-4.206799456393255809e+00
-2.711323839224177856e-01
-4.689977322394639492e-02
-2.492027273649500163e+00
3.098620530177600418e+00
5.954625153707789886e-01
2.179474756670379598e+00
3.509965563580385250e+00
-1.239580801779153862e+00
-7.032989763414780882e+00
