-5.035360531114740468e+00
4.277657614710859590e+00
6.221254444173691667e+00
1.309781862361395044e+00
-2.298291053158026731e+00
1.558943214850101233e+00
8.743621219586900084e-02
8.540439826258390710e+00
-6.845428551448660137e+00
1.541222411949218607e+00
-1.847956791550054989e-01
5.418885616996472976e+00
-8.877052196361171488e-01
-6.668103008490808392e+00
3.571659997037362366e+00
5.393513711857874426e+00
6.650859828445336852e+00
2.008538754202843446e+00
1.507392519610313730e+00
8.227162569274804049e-01
2.184236097994767256e+00
-1.217466597038651344e+00
6.561046017345180559e+00
7.200843891712051636e+00
-9.621639758989700697e-01
1.146874681607164659e+00
1.798728052796006116e+00
9.353743706441034478e-01
-6.499538742093992738e+00
4.171323787243538028e+00
2.478931133082812543e+00
1.810389190064717102e+00
4.821006944944358885e+00
4.607145044669971767e+00
-2.247650248025754305e+00
-1.017013328601746380e+01
2.373932221545257626e+00
-3.564377240457156759e+00
-3.445918054904705929e+00
-4.754895635221165762e+00
