-9.999930592925593276e-01
-4.566468194302970574e-01
-9.991813217586715812e-01
-9.971045547533647913e-01
-9.993475825326131323e-01
-4.932595594376064652e-01
9.999762301799399733e-01
-9.525413929061370411e-01
-6.738040616144953532e-01
9.999917803812696793e-01
-9.999484792823661872e-01
-7.300742393499617400e-01
-6.110888781147710835e-02
-9.400207994861244920e-01
9.988053114952820666e-01
-1.544187288524860036e-01
9.889214314047600762e-01
9.992143492365519464e-01
-9.364158051322356568e-01
-9.999991146460002200e-01
