-9.999993999726811689e-01
-6.089664251970148406e-02
-9.999543225573903626e-01
-9.999215587879008993e-01
-9.965234750348679338e-01
4.245514212065137349e-01
9.999339631177968091e-01
-8.868915541080431009e-01
-9.777712515762410073e-01
9.999321065554716004e-01
-9.999026528796237656e-01
-9.494728233707102616e-01
-4.991594988723456749e-01
-6.544243254858325143e-01
9.940345764284880259e-01
2.281078834929618493e-01
7.087406862536979046e-01
9.986701515446069211e-01
-9.550442750164475081e-01
-9.999995798008465275e-01
