-2.658848505669352047e+00
7.049029302556600207e+00
7.967316388334981347e+00
1.816751005610653280e+00
-2.413006980742204433e-01
2.402680780181352560e+00
-3.618487958367926804e+00
8.965302268976962807e+00
-4.965467113855211778e+00
-2.095538115580169336e+00
3.950246373779736642e-01
3.126210537496910469e+00
1.416988225886854025e+00
-4.031420451731837495e+00
1.611821739092116346e+00
6.102953131369634576e+00
7.151272098928841636e+00
-1.685109464215332364e+00
-8.524019305346286490e-02
-1.269957305538111925e-01
6.935904779106634166e-01
5.004899651897145585e-01
5.424343978356532148e+00
8.936976722870705103e+00
-1.442681270002524663e+00
9.088244480196553399e-01
-3.373713473046068501e+00
-3.152268926257765225e-01
-6.253115629463575686e+00
2.398767335658796629e+00
1.723231293175580436e+00
-1.486813237415645750e+00
3.330833984698966521e+00
3.536455791388079639e+00
-2.417979456416402773e+00
-1.187168536172188027e+01
2.285431466700249103e+00
-2.098422328084274646e+00
-4.454001174813625674e+00
-4.067795633521721577e+00
