0.000000000000000000e+00
7.465682485121116763e+00
6.730751018762170190e+00
1.792828979028096903e+00
0.000000000000000000e+00
1.788111188003074892e+00
0.000000000000000000e+00
8.813583455034111225e+00
0.000000000000000000e+00
0.000000000000000000e+00
1.146814506958384161e+00
3.663888604195302712e+00
1.445363447696322412e+00
0.000000000000000000e+00
2.010822587427393060e+00
5.359475887904049607e+00
7.610660999760701095e+00
0.000000000000000000e+00
9.069288238854419371e-01
0.000000000000000000e+00
2.338707653774552142e-01
0.000000000000000000e+00
4.778527705526295577e+00
8.964166731011905753e+00
0.000000000000000000e+00
1.180818120765458890e+00
0.000000000000000000e+00
2.395362843769720529e-01
0.000000000000000000e+00
2.023220042638443683e+00
3.742513678240068309e+00
0.000000000000000000e+00
2.435487257884034307e+00
3.696839607379813764e+00
0.000000000000000000e+00
0.000000000000000000e+00
2.211495923548530307e+00
0.000000000000000000e+00
0.000000000000000000e+00
0.000000000000000000e+00
