-9.999971951421436911e-01
-8.500311543627193933e-02
-9.999972374180094992e-01
-9.483610214693666274e-01
-6.313744618064963676e-01
7.073782126594998498e-01
9.285481928262878659e-01
-9.949406228267491104e-01
-9.998798720569932463e-01
9.971486757318903660e-01
-9.965032477587724147e-01
-9.679479295618326207e-01
-7.044724082858117020e-01
-7.720285633522729896e-01
2.937705534679025954e-01
-9.876498218138152208e-01
-2.520208581793782418e-02
9.265341748285343959e-01
-9.331466242511420317e-01
-9.999999446625909005e-01
