9.013294721119524677e-02
8.875831917953816083e-03
2.461035686417788386e-14
1.000000000000000000e+00
0.000000000000000000e+00
9.999970484932528825e-01
9.999977733740968988e-01
9.943330976527352538e-01
9.999997925928229003e-01
9.999958434456681644e-01
1.675572090867069597e-01
1.057520468248830713e-03
9.999999964381551809e-01
3.032254052303393917e-12
9.975545540434558323e-01
1.032079384596380020e-15
2.535593148563677034e-03
9.999723843967689429e-01
8.072632528897721784e-04
8.780906239843120353e-01
4.847094700399768540e-12
9.999999656842114559e-01
9.996105092420911609e-01
9.993079256602445115e-01
9.999997211231413941e-01
4.056713999822755823e-02
9.999999999969264586e-01
4.847128605753275692e-03
1.044724578282429116e-10
9.996914239214751419e-01
