-2.313597818188429578e+00
6.527127713541424292e+00
9.167566440312308274e+00
-6.165286603740856020e-01
-1.410944191685088889e+00
3.833516527695413623e-01
-2.793063535793713914e+00
8.194253569752213195e+00
-4.285736792969974118e+00
-1.804197227867910147e+00
1.493320491421030738e+00
1.251688639363478739e+00
7.500130415447516796e-01
-4.885908823327028472e+00
2.774261188109491627e+00
4.361879549263965039e+00
3.898708877734081479e+00
-3.163092275664501685e+00
-1.980988903457748140e+00
4.488779707630228266e-01
3.090549754584606124e+00
5.421756510654857086e-01
5.418630612083203957e+00
6.343774805682022233e+00
-9.600014535529410864e-02
2.017097212240519966e+00
-2.126526566526621309e+00
1.124514533801879601e+00
-8.217902453161187282e+00
2.383621952942695632e+00
3.275871393468937853e+00
-6.250420776856462357e-01
5.967605024214592824e+00
4.958121846258571885e+00
-3.341287995867527449e+00
-9.637516696126436244e+00
2.508382270917249302e-01
-4.454609329005581597e-01
-3.305188954161697890e+00
-2.068569163948815959e+00
