-9.999459164927766430e-01
6.399743008529344968e-01
-9.992761585326707108e-01
-9.797447104927906603e-01
-9.858294451067951547e-01
-8.929654728092945026e-01
9.999669432449568296e-01
-9.907995760618768522e-01
-9.946416512727301873e-01
9.998055061819117739e-01
-9.997370195282376804e-01
-4.826846399359770445e-01
-7.792308688802670469e-01
-9.906310593945728549e-01
9.329548561183070854e-01
3.097798068935350146e-01
5.898331594635649600e-01
9.585420120326152427e-01
4.730833275086769873e-01
-9.999994448428418670e-01
