-1.075112499199300187e+00
7.230452726935733487e+00
9.727172967378773905e+00
8.041006259782935706e-01
-3.082729695755729526e+00
4.078928350957526372e-01
-3.088295780269569413e+00
1.010603586252207187e+01
-5.223703166337332782e+00
-1.366467212834963973e+00
-2.804712889117511043e-02
1.271172523029571622e+00
7.537584354034311540e-02
-4.318821241053681703e+00
1.973559621843910428e+00
5.422765930563182124e+00
4.872069895236851522e+00
-2.150453687705563777e+00
-2.264340096553419279e+00
1.238832003360361922e+00
2.909446816918784151e+00
-7.326796694702555346e-01
7.102892097454191145e+00
5.660966306748390409e+00
-9.843875014982317317e-01
1.676251886427959636e+00
-1.740005192891035612e+00
3.063097537276970872e-02
-7.923789791213380340e+00
1.992567526538910894e+00
2.318691406289166146e+00
-1.323881945261614623e+00
5.356152590801498192e+00
4.996632513381833895e+00
-3.058946031991435444e+00
-9.635242459119314873e+00
8.844342502807568396e-01
-2.003304959138633823e+00
-3.044086134813242861e+00
-1.322079753000646285e+00
