-7.200539205963913503e+00
5.851076857916179819e-01
-5.925868602192334578e+00
-1.205065281663813215e+00
-2.220359759662806187e+00
9.836292359386731299e-01
3.968327624748220650e+00
-1.445447134213721174e+00
-4.153555450743530386e+00
3.019174027728147358e+00
-5.087032472171840958e+00
-3.210693699366947484e+00
-1.201926158161506608e+00
-6.486049990978864921e-01
1.709261884255011577e+00
-1.143006481602623525e+00
9.561554574812791696e-01
1.410660795162360870e+00
-1.763695681870364851e+00
-8.343679032855476407e+00
