-8.424324723541412041e+00
-7.347244103162098305e-01
-5.843436629157250373e+00
-2.850057324867744768e+00
-2.830163081597903751e+00
2.050714575277969409e+00
4.005964149943851638e+00
-7.306478778233647109e-01
-2.869774277175244137e+00
4.499269153988963765e+00
-5.679557984887842359e+00
-3.407026863025916619e+00
-3.657673000090950199e-01
-2.928925630307444017e-02
3.104594811687467537e+00
-1.887833393482246880e+00
2.730422972080970734e+00
3.066425369219280661e+00
-3.360571519614950819e+00
-8.019233176307587030e+00
