-1.700360062540593464e-01
7.700388494233425085e+00
8.323256804046490487e+00
2.071212794389867828e-01
-1.152530916286539919e-01
2.750404039929382538e+00
-4.490901081615967350e+00
5.084731439269810416e+00
-4.273312158610099054e+00
-1.828622544984553677e+00
6.579868542770069162e+00
3.044136805839880999e+00
2.136476260728066290e+00
-5.051419821434805613e+00
3.737960246862331637e+00
3.171975547788589367e+00
4.207746495727500147e+00
-5.618317239099851257e+00
-2.927422055570585435e+00
8.429759292190028841e-01
-1.476645174223089718e+00
1.126909596913313383e+00
1.980302046475371558e+00
8.072778266735969765e+00
-2.394563688789307143e+00
2.955371042122497682e-01
-4.491207843774589925e+00
5.959424075470883819e-01
-7.265087425617695160e+00
4.585384846847108342e+00
5.431728208640365985e+00
2.054382961556093790e+00
5.399466499169100153e+00
4.613638842421685204e+00
-2.900189023579033964e+00
-1.037623833452694910e+01
2.057215236620030474e+00
-1.133275483087505808e+00
-6.000572649678663772e+00
-3.655935471481371657e+00
