9.999268150623465967e-01
1.128765362472204158e-08
4.942655002331069466e-14
1.000000000000000000e+00
6.206976243480807086e-19
5.980066886487131472e-02
9.999999997248130157e-01
9.999999999701811859e-01
9.999999998239044174e-01
9.999999999992372768e-01
1.329627069584337316e-02
7.581348294261886514e-09
9.999998591677526916e-01
5.342817483807568527e-07
9.812956913101059664e-01
3.096606306425729673e-18
2.124079728747426676e-01
9.975215631588721932e-01
7.995434406811495129e-03
1.928356213196694494e-02
2.819342864600283442e-15
9.999795379790779037e-01
2.815794923015470241e-02
9.999999511694278587e-01
9.976360239420837273e-01
9.999962639951011090e-01
9.999999994351527199e-01
1.571780068684409951e-05
3.565954625690907545e-11
9.860356616620601367e-01
