6.788403579738222504e-02
6.681651388091742305e+00
6.062512065608114398e+00
7.473402509937190352e-01
-1.760535322563011373e+00
7.660351436189425378e-01
-1.566222031275511073e+00
9.304661777746030538e+00
-4.577204646688620038e+00
-3.208115495547117391e+00
-1.765284611877219190e-01
1.315893146706595740e+00
-1.089496165228883928e+00
-3.821776291247318103e+00
3.544732147524484844e+00
2.786261967208926826e+00
4.077632506358481734e+00
-2.645737327303609998e+00
1.671085398844474490e+00
1.132057982080936664e+00
2.281231482707835045e+00
1.231125980874465453e+00
6.206925968425997198e+00
5.091607818565155874e+00
-1.659075315218804469e+00
5.042827654469943965e+00
1.158454447469514648e-01
1.588622461050322343e+00
-4.628141713192176709e+00
1.415422219593797104e+00
4.393604704432608976e+00
-1.193925538215780069e+00
7.314609040774524118e+00
3.981047238867248872e+00
-2.608009160594305875e+00
-8.568316938203732747e+00
-1.035678070031944564e-01
8.324985535325890584e-01
-3.319925771773242218e+00
-3.995623325205746035e+00
