4.698537809611333937e-01
7.743765755143004803e+00
7.934478206848958770e+00
4.615613295059829646e+00
-1.869207319600518336e+00
3.293193922883658198e-02
1.411113853270115293e+00
6.649323371217900736e+00
-3.799053389436339856e+00
-5.395966090569729312e-01
6.880933471572697746e-01
-8.096226843782634575e-01
3.511426398930230341e+00
-5.944011525376200922e+00
3.517327798952340601e+00
4.482561506690815989e+00
3.610673333479907487e+00
8.867842948274764492e-01
-1.651160541210813459e+00
1.921113825049423074e-01
-6.145556068530533267e-01
-3.233377489451407794e-01
5.232165046330635505e+00
5.134526998078231763e+00
-1.156226649233671022e+00
-4.711120211559170379e+00
-2.572738305752118038e-01
2.058413350547125820e+00
-1.253532847161819319e+01
2.574747456231642140e+00
-1.017465416527497668e-01
2.261138536977844726e-01
3.702475738649249948e+00
6.215949296074970043e+00
-4.080703937820954863e+00
-1.132711044765898123e+01
-6.269544589685913660e-01
-3.277260653114889344e+00
-2.266805877829600746e+00
-3.081937282212535933e+00
