-8.127300821655870422e+00
-1.122309363953492678e+00
-6.187093431569044455e+00
-2.480582666509706602e+00
-3.989440983445390998e+00
1.824765061594610716e+00
2.413679998820021488e+00
-1.124473725133594337e+00
-2.374926189315377023e+00
3.368844745251152961e+00
-4.896601888582067019e+00
-2.601926707544659934e+00
1.104705715403681010e-02
3.976957962244614952e-01
2.523419975204501231e+00
-1.760174909077014016e+00
1.723236063515303895e+00
3.054237724228607842e+00
-3.513354916285464480e+00
-8.584494057228889474e+00
