-2.551295457757738916e+00
2.981517970381377225e+00
8.893934374342849836e+00
2.149474046693893747e+00
-7.053612286374910667e-01
2.978246736284531515e+00
-2.971690297293839489e+00
8.762730208423157308e+00
-5.618124549637731668e+00
-1.918716116311580677e-02
5.346420556806908975e-01
1.461971182800950064e+00
1.442300749364086032e-01
-8.756051356465185620e+00
2.298484694429148600e+00
5.159228897690298687e+00
3.620044346162353488e+00
-2.548758739324536116e+00
-4.563402640282140155e+00
2.159769233964323298e+00
5.584230927471669492e-01
1.211229739668282512e-01
6.941818483299206477e+00
4.776986699747109100e+00
-1.352012365250748527e+00
-8.945493350995812332e-01
-2.186309296384630230e+00
-8.512111424471832111e-01
-6.289207713433601299e+00
2.739199564785291141e+00
1.765930501509396677e+00
7.880001391497741814e-01
5.675816087780857444e+00
7.604374290774452483e+00
-2.563374821677848026e+00
-1.104257939031700886e+01
1.096898881182250207e+00
6.912983403471919530e-01
-5.765262398702303059e+00
-7.781146018254286867e-01
