1.324966771356333339e+01
3.372862120873825198e+00
-4.451992611986031534e+01
4.376228620444885564e+01
-6.473513329307240838e+01
-5.234458524111568423e+00
3.639342502492677767e+00
1.447666856330629948e+01
4.215899810528082980e+01
-1.389673214546448099e+00
3.463123681788208952e+00
-1.314959498101178070e+01
1.172270489967074525e+01
-2.437158762635806752e+01
1.688463035323975703e+01
-2.566694994338957869e+01
-1.320346270547432788e+01
1.708501656245181977e+01
3.350116521399254310e+00
-2.008620331705057271e+00
-2.018953451262277810e+01
1.758461518682028313e+01
2.313933497950223739e+00
1.077235743306773941e+01
1.152727746197380831e+01
1.109969780290560148e+00
2.424852368093314325e+01
-1.892864102980218277e+01
-3.289347467529648128e+01
1.531402848459576749e+00
