9.999712758200938190e-01
2.433405568637679872e-01
6.164425556311649431e-07
9.999999999999997780e-01
1.099459453565591713e-21
1.137829633206103933e-15
9.999999825379787266e-01
9.999872825751695560e-01
1.000000000000000000e+00
9.999998251432876684e-01
9.999999999989253041e-01
1.860175061560249680e-10
9.999999998887620922e-01
1.182666205382571292e-02
9.763066349931220911e-01
2.365192630925647606e-20
1.856960017272702218e-05
4.923762984051762159e-01
4.350130584326719618e-02
1.445991592022815975e-13
2.480349977873240788e-14
9.999830452913361922e-01
9.999999670165953258e-01
3.259874556013548919e-01
9.999999999825845975e-01
9.999803873659345310e-01
9.999999999999189537e-01
1.054393606268303266e-02
6.894388446251131368e-10
6.222079933716770719e-04
