9.999999838652444684e-01
9.552530616026022072e-05
2.020517565452072950e-01
9.968045087070235288e-01
4.264789418691580236e-01
9.999968475102833931e-01
7.924626580416603838e-01
7.976305067542857966e-03
2.907951445761949166e-02
7.264908480344649949e-03
5.075544037964581297e-05
4.463174900453293813e-06
2.752700407858440883e-03
3.926797525454492344e-02
9.989743560675186096e-01
9.269767063219813003e-03
2.087360843319351273e-04
2.846694693735461051e-02
9.999792173409737250e-01
9.999985716969824745e-01
9.098839843163478713e-01
9.872901948393578708e-01
9.933337559379530335e-01
5.465640749013745791e-06
9.903715847842347042e-01
1.091648867921454769e-01
9.999748266569824517e-01
9.604721180010513670e-01
2.461731990028082073e-01
9.839326034570462509e-01
9.978831039332300978e-01
2.275000759052219195e-03
1.966013468485153237e-01
3.842483451264874783e-01
2.207674363572545515e-04
9.998775783206392820e-01
8.081690181442459098e-01
6.679777671738867939e-01
8.657346306706541483e-01
6.704950157770495113e-09
9.999999814618646399e-01
8.203488159946841218e-01
5.524185045624021952e-08
6.095785295952727530e-08
1.994106291683671282e-05
9.999542840280927214e-01
7.530274179622273856e-01
3.055331403117763495e-02
9.880797837074257739e-01
4.446768576041477683e-01
