8.205007025216464606e-03
1.222479405514084080e-05
2.498846657388459087e-04
9.999999999995143884e-01
5.519128298065931943e-22
9.999920722286833596e-01
9.999999997187822842e-01
9.996633028325305759e-01
9.999999999608280010e-01
9.746355253462180013e-01
3.641650725489278817e-02
2.362188370759359720e-04
9.999773112412718712e-01
1.001394542251014819e-02
1.858952299084427059e-09
2.079000094190031008e-19
9.925899323878961678e-01
9.325960022729695709e-01
9.999686458778642706e-01
9.860303606686302569e-01
6.072967950612652924e-17
9.685265504825301131e-01
9.999999285693654816e-01
4.059217525869046606e-01
9.999999999871878043e-01
2.282271208328796874e-01
9.999938251517764831e-01
7.363341041997697456e-01
2.746060694808658651e-22
9.637054988917050924e-01
