9.956403414562855492e-01
2.012120524110056624e-02
5.070467637352072350e-13
9.999999999998450129e-01
1.447323976807929055e-20
9.999999956781930877e-01
9.886854319689848403e-01
7.939397294716247222e-01
9.957388865277450041e-01
9.977743763750350769e-01
4.834746982165312054e-06
9.999989553679572429e-01
9.999988257933075664e-01
8.487948247074411645e-01
9.999030111659772402e-01
1.406721602094579512e-18
9.962132384080675251e-01
8.916060990261220898e-01
9.999918525065882857e-01
9.999783251694935871e-01
1.152319062450550497e-17
9.947620265235063153e-01
9.999999948905233804e-01
9.999999861275128410e-01
9.999999999987789767e-01
1.700617425195608294e-03
9.999999999990525357e-01
9.781527006233858845e-01
1.446952981521055852e-12
9.999998954232064419e-01
