0.000000000000000000e+00
3.772153774092722678e+00
4.766223430602689604e+00
4.076260789635953508e+00
4.191402583278705407e+00
0.000000000000000000e+00
1.205259050511040320e+00
3.642945197861651163e+00
0.000000000000000000e+00
0.000000000000000000e+00
0.000000000000000000e+00
2.805539964715548784e+00
1.550244542741765486e+00
0.000000000000000000e+00
3.382995369596995872e+00
7.633762918705577327e+00
0.000000000000000000e+00
0.000000000000000000e+00
2.776320988822232660e+00
1.689449881484398786e+00
2.963428524800122865e+00
4.381375267609870505e+00
6.859649054314594707e+00
6.140128104428971056e+00
2.239272506061267265e+00
8.918547108375644683e+00
1.532101715968934963e+00
5.148023052328770888e+00
0.000000000000000000e+00
1.605736736087056027e+00
5.356770583962640053e+00
3.722964230345438441e+00
7.602360575193507053e+00
8.872446619788693312e+00
0.000000000000000000e+00
0.000000000000000000e+00
2.012870102829467100e-01
0.000000000000000000e+00
0.000000000000000000e+00
0.000000000000000000e+00
