-4.985473830069742540e+00
1.080288478756785686e+00
-4.129799651162549878e+00
-4.406063805152249380e+00
-4.962641262804767806e+00
-1.898672936474211648e-01
6.258446056797663637e+00
-2.594728724344796955e-02
-2.458383399608998765e+00
1.047061809192948267e+01
-5.596683075353420023e+00
-1.396684554365979603e+00
1.011012897225268103e+00
-3.766941213729988025e+00
3.199789560822436041e+00
-1.623742372409488821e+00
2.649539258052867829e+00
4.008524810128922589e+00
-2.930336194450376297e+00
-4.302888697044346067e+00
