9.999988046508383466e-01
7.318200874849198900e-01
9.933085925886986356e-01
9.660742385825674683e-01
7.503982814184274597e-01
4.953373131001926412e-05
9.991541035548532346e-01
8.451313651093275148e-01
1.717580625494131768e-03
9.883049982327511973e-01
4.067940963763164142e-04
4.656640952610275330e-01
9.991775752705396307e-01
4.897160777069866364e-04
1.203186332412834320e-01
9.985421894438480939e-01
6.481974315796259489e-01
1.339666458802789045e-04
1.575692973091300519e-01
2.364495885189530494e-02
2.676867054803183396e-07
9.968412684265446355e-01
1.768818753357866451e-03
9.898996422990077315e-01
6.869653718895217531e-02
7.875949118685473538e-01
8.684913502399419505e-01
4.661057034368688567e-01
9.445621354209654541e-01
1.584322328199387342e-01
2.785905146560934372e-08
2.346091341621610576e-03
3.270924627010892132e-03
8.270433369890227704e-01
8.488440414302895753e-01
8.750591539657880391e-01
3.534156542933853951e-01
6.835424616727800995e-01
2.050502542514852367e-02
8.406902272324009440e-01
1.203813844516174198e-03
2.457115903399539805e-03
5.812629741968977637e-02
6.481314124893162720e-01
6.929204536324673480e-03
9.856210066848754194e-04
7.803124452499983210e-01
9.982913488538386337e-01
6.427211536415456949e-01
9.999988884158995672e-01
