-9.007344993518104914e+00
-9.659724404157263855e-01
-6.034483802897468330e+00
-5.355567053056767612e+00
-1.883575003918058322e+00
-1.555608380791895229e-02
1.694638870828040211e+00
1.552044342007562472e+00
-4.307147605682763114e+00
5.167435041318594102e+00
-3.648879772852128944e+00
-1.005330410706037458e+00
8.581463353811968897e-02
-1.262388427983856865e+00
6.780920680533406575e-01
-1.469017331626141454e+00
-5.157021915175366011e-01
4.065689980343567989e+00
-4.026504620900076326e+00
-7.198980797550015964e+00
