-9.999998770609642706e-01
-9.235398295459239237e-02
-9.999831503977346658e-01
-9.997378439512802917e-01
-9.182432009856089650e-01
3.304214329092273750e-01
9.964765812247606824e-01
5.878594722831173014e-01
-9.940526068793705816e-01
9.994823440048710150e-01
-9.999124400915847533e-01
-9.954691321530061421e-01
-5.285578858019469584e-01
7.477708212621342332e-01
9.922394612420434301e-01
-1.664995245546667668e-01
7.755501238901253425e-01
9.992898275705635047e-01
-9.944659856370933193e-01
-9.999996647382886072e-01
