9.190117241717978835e-01
1.253040770412922446e-03
1.425748524348250355e-07
1.000000000000000000e+00
3.067162384293312119e-20
7.888346787654976211e-02
9.999999925196633166e-01
9.999999174853665407e-01
9.999999994170263307e-01
9.999999999683852892e-01
4.934404375101792206e-07
9.751596435348390546e-03
5.275693803006730187e-01
1.282123409506849038e-11
9.999924918811897712e-01
2.321262936417000927e-22
1.864880475721218895e-03
9.998955062571664998e-01
9.947575826709634805e-01
7.153724608393118413e-04
3.966879461173440595e-14
9.999999988085062075e-01
8.249129938556495345e-01
9.999999610025651631e-01
9.999999834847443925e-01
9.955690649469836062e-01
9.999644652193148131e-01
1.094166902978691534e-03
2.638404855069686073e-04
9.990216336716872814e-01
