2.428994478471713681e+00
-6.680928238876576941e+00
-1.576339855232983211e+01
4.559908283067427703e+01
-4.493094903050533873e+01
-2.457614882792476418e+00
1.871098801164359671e+01
1.631029010156212067e+01
2.126287913562664045e+01
2.417739958514283671e+01
-1.452186318591808600e+01
-4.620524815781745787e+00
1.103894838006334034e-01
-2.507991840579034104e+01
1.179951810672478629e+01
-4.981476063916066011e+01
-6.282691694494999979e+00
9.166278866341501796e+00
5.245716357676343478e+00
-7.241991598191600765e+00
-3.085821154623212692e+01
2.054805796708084387e+01
1.549994890440807405e+00
1.705976992732286135e+01
1.791898128715133254e+01
5.414703863541923567e+00
1.024496306808519996e+01
-6.816667258540434204e+00
-8.239901983700352872e+00
6.928647543994984837e+00
