-4.531744276979347674e+00
1.461019354612958843e+00
-2.348055905128608067e+00
-2.070003678849938744e+00
-2.380459946529037918e+00
4.687947440142343769e-01
6.016883437925380385e+00
-2.104687589997009667e+00
-3.895046214233744308e+00
1.208197954649029127e+00
-6.598671804997368717e+00
-3.184614488553818568e-01
-1.922912542776064049e+00
-2.414370391451449382e+00
3.060660903815992651e+00
-6.529222892806071932e-02
1.510312637639428690e+00
8.549593135410223921e-01
-1.183417892547814265e+00
-8.668609485332916975e+00
