3.170765015112348451e+01
4.433309177488262698e+00
8.553732094545979381e-02
5.669463385849526027e+00
-5.947609542160106066e+00
1.468637637123277706e+01
-5.317719602515114108e-01
-6.200066783384922786e+00
-8.518592330178980987e+00
-6.921429772976979145e-01
-1.350608406744476753e+01
4.005257137171297721e+00
-4.589867667882878699e-01
-5.783974775946095548e+00
8.134593285129808393e+00
-5.513801286464630635e+00
-2.002979421316372566e+01
-1.401683883300903766e+01
1.992385704417770076e-01
9.180458510820615814e+00
2.812192824122820678e+00
1.508795577510081820e+01
6.926539952324079152e+00
-1.143637804282756143e+01
1.785710773699443310e+00
3.679968084512540205e+00
9.177282570046088495e+00
4.928892045602215610e+00
1.706247263777843415e+00
1.744961661820989995e+00
2.878462225674821795e+00
-1.148595271033303966e+01
-5.238725841489143553e-01
5.379718368933995798e+00
-1.075698505347296674e+01
7.985379416030671251e+00
-4.545216162365881551e+00
1.513333040705411303e+00
5.280607339558020641e+00
-1.189922500187735288e+01
9.650333421766786657e+00
6.623971768145509920e+00
-2.018058512043534947e+01
-8.309040614817996939e+00
-5.006950258821624367e+00
2.238557914492699918e+00
4.424750540380720132e+00
2.263182507191442205e+00
5.461069222108306143e+00
-1.407755685592603889e+01
