0.000000000000000000e+00
0.000000000000000000e+00
7.889920054268324101e+00
3.941664468206270033e+00
4.422860495924787472e+00
5.237207484881110098e+00
0.000000000000000000e+00
7.486129779789470362e+00
1.266446843582487602e+00
0.000000000000000000e+00
3.870109948662161070e+00
0.000000000000000000e+00
1.441683804326054918e+00
4.185501851432569254e-01
4.026170252562907281e-01
8.302005842362589760e+00
0.000000000000000000e+00
0.000000000000000000e+00
0.000000000000000000e+00
0.000000000000000000e+00
3.742568777006434644e+00
1.894577570459927696e+00
2.662266040867586447e+00
3.508683234242198967e+00
0.000000000000000000e+00
0.000000000000000000e+00
0.000000000000000000e+00
0.000000000000000000e+00
0.000000000000000000e+00
0.000000000000000000e+00
0.000000000000000000e+00
1.004807740642816416e+00
5.443707995203356909e+00
4.175424744202863359e+00
0.000000000000000000e+00
0.000000000000000000e+00
0.000000000000000000e+00
7.648084083819011170e-01
0.000000000000000000e+00
0.000000000000000000e+00
