-9.999882100001593610e-01
-5.021269984033713829e-01
-8.830296716274367297e-01
-9.007023926208704845e-01
-9.959037802170602749e-01
4.269259669806378943e-01
9.999767117127480454e-01
9.786411461048677429e-01
-9.987194184550548526e-01
9.999994328889089124e-01
-9.999786697788516365e-01
-3.668030993665217787e-01
-7.535513031698245490e-01
-9.990845064376391305e-01
7.047168104719101489e-01
-9.582076027791877060e-01
9.143284407666700808e-01
9.874094150397682013e-01
-9.225805730308611619e-01
-9.959662244201280545e-01
