-5.388015468254429230e+00
-2.357333585486716387e+01
-2.014999052162945148e+01
4.202203040236160092e+01
-1.884919269751787851e+01
-1.980793694647200098e+01
2.509203683682589059e+01
2.862606372392680854e+01
3.681848164688151570e+01
3.080681313738217852e+01
1.714359537930738497e+01
-2.927953949226461106e+01
-5.905063742298865215e+00
5.572014441583638344e+00
-1.027117792283831754e+01
-5.272053711066838844e+01
1.753178922132002882e+01
-1.571211117023980108e+01
-1.935934708050498898e+01
-2.019653124730792726e+01
-4.515959016990232300e+01
6.919614163551045527e-01
-8.110305880519728561e+00
3.011829956042546996e+00
7.303931068170447460e+00
1.497082033108072530e+01
9.588564842228553431e+00
-1.099643942190664703e+01
-4.463501009389437968e+01
-1.323405580985733820e+01
