4.550236412835175805e-03
5.784027087420580279e-11
1.774068175518836108e-09
1.000000000000000000e+00
6.514777987808053740e-09
2.497596546315570746e-09
9.999999999873332435e-01
9.999999999996302957e-01
1.000000000000000000e+00
9.999999999999582556e-01
9.999999641382804061e-01
1.923346652089447033e-13
2.718199292831510912e-03
9.962115944262323053e-01
3.461537747930344358e-05
0.000000000000000000e+00
9.999999756756819957e-01
1.500779036027686774e-07
3.911491474452777175e-09
1.693393642512574101e-09
2.440277323401988983e-20
6.664031114551934865e-01
3.003367351258763563e-04
9.531057124483833798e-01
9.993275640752982136e-01
9.999996850401435822e-01
9.999314970225728905e-01
1.676099356006431569e-05
4.123456491924442765e-20
1.788635358360195735e-06
