0.000000000000000000e+00
2.420742230256203165e-01
3.841347831098617327e+00
9.539243373627472877e+00
3.356154830511510756e+00
3.905583295368336483e+00
8.409138760479786256e-01
6.274969836743043317e+00
0.000000000000000000e+00
0.000000000000000000e+00
8.418973500523945219e+00
0.000000000000000000e+00
0.000000000000000000e+00
0.000000000000000000e+00
3.755690852533712487e+00
5.954928104175414738e+00
0.000000000000000000e+00
0.000000000000000000e+00
0.000000000000000000e+00
0.000000000000000000e+00
0.000000000000000000e+00
2.703505954483098606e-03
2.609466948238233996e+00
6.673585975915798940e+00
0.000000000000000000e+00
0.000000000000000000e+00
0.000000000000000000e+00
0.000000000000000000e+00
0.000000000000000000e+00
0.000000000000000000e+00
4.117181263933940016e+00
5.572553341213897227e+00
5.621319933189407259e+00
5.318308516777839223e+00
0.000000000000000000e+00
0.000000000000000000e+00
6.442931688169081239e-01
4.934178442976195900e-01
0.000000000000000000e+00
0.000000000000000000e+00
