-5.764195710960722252e+00
1.740842159267623757e-01
1.665418673306133246e-01
-1.650584532617488609e+00
-1.020090666684639880e-01
-2.619445100808473481e-01
6.089297598033046377e+00
3.025789104926290385e+00
-3.609007512019313246e+00
9.838575174943887447e+00
-6.072752910969113849e+00
-1.571046199869670978e+00
-3.935680692581072226e-01
-2.376573226492026514e+00
2.030268902002081877e+00
-8.706042011213438458e-01
2.656514849452688232e+00
2.155873817312755847e+00
9.868459726633677098e-01
-1.737395666144861295e+00
