-9.282500079720419350e+00
9.711260158547842636e+00
-1.184808876310235703e+01
2.444452733944190115e+01
-3.655547874256001251e+01
-5.698839407943355084e+00
2.693387638554554542e+01
2.049791772786919353e+01
-2.177081961134765820e+00
2.812256386118825802e+01
1.476922476833745002e+01
2.950303577131680566e+00
-1.537625753855191135e+01
1.576777760163106201e+01
-1.244464783489406123e+01
-3.455536509710823623e+01
1.462486436643575693e+01
-1.031573531896316354e+01
-8.105502767552426491e+00
2.754468565710908479e+01
-4.368307580053869543e+01
1.975103611696146189e+01
4.109247333340606900e+01
-4.198400234332976821e-01
1.119644028967724303e+01
-2.469788083428172243e+00
9.111089229441896364e+00
-1.043188066694781924e+01
-1.707114692876108109e+01
4.824822478552332150e+00
