1.517708018275371051e+00
-7.769618800560262883e-03
1.919958797618396273e+00
8.836058960209486557e+00
2.312006860377333606e+00
9.659790986697436299e-01
3.354690562797979947e+00
2.741811028200249911e+00
-3.679289232476488980e+00
-4.415721638018438533e+00
2.937214398480810118e+00
-2.055582760015498778e+00
-5.539065642372798415e+00
-8.387084086393635118e+00
-6.866860854120892199e+00
5.742979435540584099e+00
-4.871763032768357427e+00
2.791856134928751398e+00
-7.942057219841387905e+00
5.433447345553143570e+00
1.955306322527355700e+00
4.738263869284235597e+00
1.546123665857885854e+00
4.531433025071145870e+00
-1.708988783685956525e+00
1.361150710390305774e+00
2.929865321412384205e+00
4.804162259067799923e+00
-3.953622636262932311e+00
4.262904880009152464e+00
2.578843050030015793e-01
-1.127851807030190168e+00
9.859930607437151551e+00
5.699048489212558799e+00
-3.287151103312560441e+00
3.740202492378105426e+00
-2.195458151177361650e+00
7.945476685635846081e-01
-5.504621317458255447e+00
-7.006608998682294365e-01
