1.277986838577505843e-14
4.410507272049524752e-01
1.604845710006677084e-01
9.999999981396636706e-01
1.889155761412343212e-17
1.083629895901198890e-07
9.999999999999962252e-01
7.708629649856874738e-03
4.103745975772287412e-03
9.999999956101417453e-01
9.999999999384041605e-01
7.464648794007037742e-05
9.888202264561510857e-01
9.976173796250178416e-01
4.534458631129260170e-11
5.879210105255037597e-19
3.624588196179654442e-01
3.059358750573288113e-02
6.140887231007584898e-05
1.221070100646383556e-02
2.735151635250826033e-10
6.805942324591995884e-01
9.999999999999995559e-01
8.190495113413889449e-07
9.999999999999800160e-01
8.638703360393742425e-01
9.999999981992115927e-01
9.998659614187102029e-01
7.665301872560637102e-08
9.999840286964707392e-01
