-7.666618317862467613e+00
3.609803731227036572e+00
1.745350224020894236e+00
-1.742422329837048256e+00
-1.576239974150930312e-01
2.891904934355202350e+00
3.621867892666759126e+00
1.048174290696319133e+01
-3.780103149307374011e+00
-1.053415321069405408e+01
5.693864146131929260e+00
-7.483102425308501893e+00
-7.758945626591811973e+00
-4.804265465210356467e+00
6.859402112950495400e+00
1.584264744078471843e+00
1.025407730876331591e+01
9.450376805309961270e-01
-4.118740972270880540e+00
3.538449663817425428e+00
-5.735092195852421249e+00
-1.195689170973205595e+00
-2.415947307537217092e+00
1.662542505441412688e+00
7.190213827849558648e+00
-3.686126797455439252e+00
-3.130710598524435007e+00
-2.024805616136633546e+01
4.471542608959975240e-01
5.629257841166207754e+00
-1.178161129130109330e+01
1.045289934113926833e+01
-1.394225396237266423e+01
6.423103101506211221e-02
7.679792811504551509e+00
-9.876451957013335559e+00
-2.830284943893490279e+00
-9.386570383618757063e+00
-7.382196417630746410e+00
-9.453738677362473197e+00
3.816315469772540991e-01
-8.623140346072592166e+00
1.337454771062738246e+01
1.463587287119579639e+00
4.109000336632334438e+00
5.248297398323441776e+00
1.751551270546696681e+00
-1.036512921106291785e-03
-8.977584217553390644e+00
9.163091825592360351e+00
