7.613301055464040346e+00
3.535478821068907429e+00
1.627003059748806935e-01
1.044825596634938947e+01
4.604198557893023569e+00
-2.159555514255196318e+00
3.124244821071593958e-01
-1.123118917539402961e+00
3.128126724098656553e-02
-4.054617787729266176e+00
2.837560561501392353e+00
2.127445087148249314e+00
-2.397937253453246154e+00
-4.471128515673843395e+00
-4.699798740407745257e+00
4.316221913435817292e+00
-3.563789261508314876e+00
-2.341885329381592218e+00
-8.754994131323959650e+00
8.922375979500628773e+00
-7.445411304643827499e+00
3.817701826411353139e+00
1.539178472760935890e+00
1.419334435817416029e+00
-3.166738618761503421e+00
-4.515446800520317439e-01
-4.062880704850534208e+00
1.673950566747226976e+00
-4.283140438467617273e+00
6.876981292834358772e-01
1.631100631851442273e+00
3.795953715510842930e+00
3.125816011011861129e+00
2.029476965961581669e+00
-4.987413458145589118e+00
-4.761887791932690739e-01
1.226057175263682630e+00
1.917926684594303044e+00
-1.143334907869973982e+01
-3.543432883550040380e+00
