-1.569614789618883677e+00
-7.068992257645234645e-02
-3.251791899971268052e+00
-8.300826768792821664e-01
4.958320357522937316e-01
1.565691794246458768e+00
4.993487011434512901e+00
3.072989879813587066e+00
-2.610132075835305709e+00
8.239049263146807078e+00
-5.686848639773566028e+00
-3.556761571799864186e+00
3.028742092527950125e-01
-2.422686069239018636e+00
2.202095988611152411e+00
-6.760636130122338550e+00
6.820852464033528406e+00
4.236664765659460485e+00
-7.308171984075574557e+00
-1.190741698277562488e+00
