-9.978191803606694110e-01
5.842895340753543332e-01
-4.571198194424593297e-01
6.264853275420697587e-01
6.931131441681114280e-01
9.835560734121341353e-01
9.992350982356865696e-01
9.150773690094518020e-01
-9.512720699196474117e-01
9.999986092101988966e-01
-9.999905783409405169e-01
-9.191801591955064410e-01
5.925981959561198442e-01
-9.993466918072704264e-01
9.843503997946433381e-01
-9.999278083199113487e-01
9.998124504630372389e-01
9.983484965582657411e-01
-9.999930838534641930e-01
7.503590312413596086e-01
