2.424843226894631066e-06
9.999999603158076233e-01
9.062128573333387790e-09
9.999999999999082956e-01
4.552432179224511769e-16
7.139805068780754604e-01
9.999995330793498560e-01
4.111148692453212711e-02
9.999979251148544135e-01
9.997252070466339235e-01
9.993668537846365219e-01
7.451613899401896603e-16
1.215871657031437165e-03
2.214481450429999522e-12
8.725568318340938198e-04
8.010510401356352457e-16
9.999999910782410018e-01
8.902882141444591754e-06
9.898573142994070428e-01
7.436918987821007354e-01
2.690368181775546196e-21
9.732467118376375570e-01
9.999999893430461251e-01
1.378734207910864986e-09
9.999999999995967670e-01
9.999940147344292818e-01
9.999999986280923014e-01
1.240058468674112586e-03
9.999494808442562777e-01
9.999982439098563658e-01
