-3.483723928259734759e+00
2.644384999939197733e-01
-2.714814276169171592e+00
-8.458044653038601091e-01
3.108444419599377673e-01
-5.245855025481500622e-01
4.611196760749119328e+00
3.834575726891464420e+00
-4.930559490339589401e-01
6.813702192763381404e+00
-6.066700077703160332e+00
-2.422216107598125667e+00
1.932338564124823188e+00
6.205808705664627167e-01
2.519467290971927564e+00
-2.370559343749791825e+00
4.927229497097860289e+00
3.524041680853885250e+00
-4.314708999624995656e+00
-1.567183581479831611e+00
