-3.346813552891043653e+00
6.007580456529679758e-01
-4.480839279381411799e+00
-1.755494675800819970e-01
-1.519865312002242952e+00
2.389223073981656675e-01
4.695924316530581066e+00
-2.013266504071393292e+00
-3.933927288464762917e+00
8.136724197031291794e+00
-4.133884734176755060e+00
-5.791084761862580477e-01
-1.157399939683336210e-01
-2.557101965861209969e+00
1.248884751457914888e+00
-3.708297759114672854e+00
3.613941033593329522e+00
1.908805523518083636e+00
-2.103594339407492519e+00
-3.632515668527663166e+00
