9.999376429446410475e-01
1.568973190811397101e-04
1.539312910223337596e-09
9.999999999999968914e-01
4.559879774026123696e-16
9.990907277354996729e-01
1.038128837648969599e-01
9.999999998594832906e-01
9.999999999999975575e-01
8.456939715890178511e-02
9.484444365561250923e-01
9.607355058585865804e-01
9.999999975286364418e-01
8.313941861862475343e-21
2.260928187481405643e-02
3.787877412776450529e-06
1.828381862368329558e-01
6.523421566799334492e-01
1.038083968915984590e-01
9.999994109405182519e-01
3.233630734436086642e-15
9.996036375443649868e-01
9.999999999999922284e-01
9.999999864537882921e-01
9.999999986105021499e-01
9.706106599802802881e-01
9.765505386742850957e-01
7.364731827052338399e-08
2.056019571743815066e-09
9.999752173076016382e-01
