0.000000000000000000e+00
4.224306728980209868e+00
3.772798805654318688e+00
5.074400861539105634e+00
5.189070757345967344e+00
0.000000000000000000e+00
0.000000000000000000e+00
8.031826348502887569e+00
0.000000000000000000e+00
1.405845546468557306e+00
1.902568225778161759e-01
6.958061427222386186e-01
0.000000000000000000e+00
0.000000000000000000e+00
0.000000000000000000e+00
5.028421518696080561e+00
0.000000000000000000e+00
6.781408693554051847e-01
1.355176784107648302e+00
4.894195270688561639e-01
2.868217255144031252e+00
0.000000000000000000e+00
7.446729626148393066e+00
1.484987609587454571e+00
0.000000000000000000e+00
4.928604880075904582e+00
2.390854811632998178e+00
4.076222911408994065e+00
0.000000000000000000e+00
8.475914689024479642e-01
3.504768777173046246e+00
4.772166571243555921e+00
0.000000000000000000e+00
1.560701915996042288e+01
1.467121268198482431e-01
0.000000000000000000e+00
4.665522253889607285e+00
0.000000000000000000e+00
0.000000000000000000e+00
0.000000000000000000e+00
