-5.549108776055806658e+00
-1.048181042391678641e+00
-1.725431125102510732e+00
-3.745203613010773314e+00
-2.891110803944860752e+00
-5.757391395512968524e-01
6.542775277003443968e+00
-1.149953280187409943e+00
-3.300423572150896767e+00
6.888355366507465050e+00
-5.327072473486656357e+00
1.440228411130921593e+00
6.125970981359565859e-02
-3.762337481687702212e+00
1.184225570665600191e+00
-4.724634550724891580e-01
3.185307605248857588e+00
2.076367640332538844e+00
1.368196830313491930e+00
-4.515383551174559251e+00
