1.850391135564536382e+00
4.677660576725918062e+00
8.398798150324472189e+00
3.157290615173526493e+00
0.000000000000000000e+00
0.000000000000000000e+00
0.000000000000000000e+00
7.368604879884424363e+00
0.000000000000000000e+00
1.806863491164257818e-01
4.066887786652483294e-01
1.080666104007269590e+00
1.292034718758015677e+00
0.000000000000000000e+00
2.351181594984901313e+00
7.634167315451991342e+00
3.917107220290499736e+00
0.000000000000000000e+00
0.000000000000000000e+00
4.798758935278851778e-01
5.641045584169239735e-01
0.000000000000000000e+00
3.381441272048101077e+00
0.000000000000000000e+00
1.876631027536753926e+00
0.000000000000000000e+00
0.000000000000000000e+00
4.727099088276132122e-01
0.000000000000000000e+00
0.000000000000000000e+00
0.000000000000000000e+00
5.432469663514001290e-01
0.000000000000000000e+00
4.110211741960904774e+00
0.000000000000000000e+00
0.000000000000000000e+00
2.014698024715785962e+00
0.000000000000000000e+00
0.000000000000000000e+00
3.234863830508852622e+00
