-9.937171402048403657e-01
7.392239264336729621e-01
-9.847697255089201684e-01
-9.735776496587332796e-01
-9.995467460690794503e-01
-4.469158163921286286e-01
9.999988080674681035e-01
-4.506525968663778747e-01
-9.994697368275227145e-01
9.999500313109912497e-01
-9.999917477883007999e-01
9.773089947083799522e-01
-4.026812055547089875e-01
-9.414556588109285196e-01
9.785830777099452371e-01
-6.717304556691753303e-01
9.994582753540836029e-01
6.810973549499033108e-01
9.745926007499755572e-01
-9.998897111302577079e-01
