1.363565450255752598e-01
2.732429790728667207e+00
5.169935924037535102e+00
5.287003547491293531e+00
1.384065323847893492e+00
4.042851769867969125e+00
2.328356614430854288e-02
4.237811439785913237e+00
2.144765929741945520e-01
0.000000000000000000e+00
1.718446958023263083e+00
2.084648274834887793e+00
2.739769314753933926e+00
0.000000000000000000e+00
4.203112726019800682e+00
7.857218197580106533e+00
2.483669280149760628e+00
0.000000000000000000e+00
0.000000000000000000e+00
2.329229992587885434e+00
0.000000000000000000e+00
2.573964581496772652e+00
4.111022550936175080e+00
7.581166607969830551e+00
0.000000000000000000e+00
0.000000000000000000e+00
0.000000000000000000e+00
1.071582569916846861e+00
0.000000000000000000e+00
2.148784506639376701e+00
2.374955952494177236e+00
2.543388821024221702e+00
7.766090308488171168e+00
3.047723795060236718e+00
0.000000000000000000e+00
0.000000000000000000e+00
1.525161291728888813e+00
0.000000000000000000e+00
0.000000000000000000e+00
0.000000000000000000e+00
