-1.433468333092417168e+01
-1.503652806516261720e+01
-2.786432165634347413e+01
5.493404354789745980e+01
-3.895763507679352244e+01
4.492042594908813413e+00
2.041325618624949811e+01
2.160068977950833258e+01
3.169561343917726148e+01
2.631650919335654137e+01
1.992373862090080383e+00
-1.331690038789435349e+01
-7.449889544353305304e+00
-5.363021099835026284e+00
5.365691678496801842e+00
-6.344318783056775857e+01
3.670968561664383678e+00
-9.663472985293276807e+00
-1.257267234104426379e+01
-1.545410824190600607e+01
-4.744301950393040812e+01
5.178688069970834640e+00
-1.389171681511501388e+00
2.962667743935663012e+00
1.935554453243134532e+01
-1.147065089844517161e+00
1.791508923831013078e+01
-1.969130391541226377e+00
-2.597936594574228764e+01
1.076111108196044519e+01
