2.138121456153696442e+01
1.984212344497361835e+00
7.490341577855733846e+00
1.064394628476138571e+01
-2.648343519969698079e+00
9.072314964978621887e+00
8.477830763443275686e+00
-1.410495921504187145e+01
-4.228809255935116695e+00
3.853491714859547557e+00
-9.575274053876372093e+00
3.040035536739379429e-01
3.493058526941801745e+00
-8.194825490766900700e+00
2.750099724669219814e+00
-1.070787511542605941e+01
-1.809086176458051298e+01
-8.286951210440339111e+00
1.038571053874870742e+01
6.502725645720147440e+00
-4.273734528973787583e+00
9.047396716619585888e+00
-2.105483978361078812e+00
-6.027707212306609996e+00
-7.487730918933811708e+00
-5.871091024990592544e+00
1.472693505866221386e+01
8.610134137751710881e+00
1.860729523953500930e+01
2.282984078860164523e+00
-6.679441940360786312e+00
-6.335196694351151736e-01
6.979590634060767407e+00
9.968110798643927239e+00
-1.412639939118601617e+01
1.190201786292861463e+01
1.836230931089042340e+00
4.141845873078252360e+00
-5.023178473680804501e+00
-1.294925132879392216e+01
1.479506500964274984e+01
7.637324413894770458e+00
-5.016821418651092657e+00
-1.151855536891933873e+01
-5.286067143707402494e+00
-4.742512738108239034e+00
5.286478824151968681e+00
-4.586221885549062183e-01
-9.107730865205418525e+00
-1.084233918164559363e+01
