9.210422342919812877e-01
-1.143705074566301683e+01
8.425587034946177667e+00
-2.047334274533803011e+00
-8.722865292811347260e+00
1.025307318556206759e+01
-6.701954632376461163e+00
-2.832317457059647658e+00
-1.094309865029063911e+00
5.802834840110874026e+00
-1.228708173161738593e+01
-2.039327416651845581e+00
-9.024524241269686886e-01
-9.422931883215470705e+00
1.129056270951692298e+01
-1.585204673454802426e+00
-6.547948491563774454e+00
-1.249240856175131498e+01
-1.050818678899547898e+01
9.769738832034605025e+00
-9.656706182418375306e+00
1.603141690940357478e+01
-1.961286602573997229e-02
-9.882133226183894337e+00
-2.560126424872319006e+00
-1.067465330432597614e+00
-3.581035601265132762e+00
6.375985095288017046e-01
7.620497428618475677e-01
7.196226668558686868e+00
3.604096234574742041e+00
-7.346359175419305387e+00
7.651336437439741900e+00
-5.689448932457176866e+00
-9.635008521481179145e+00
-3.863785786183563165e+00
2.348510591685775584e+00
-2.035784163691729098e+00
4.423618807057756452e-01
-1.500640319356314656e+01
3.785152514927613510e+00
1.182805972613728329e+01
-1.624727507098685564e+01
-6.949559896806673187e+00
-1.455982532124176210e+01
-3.802151729395681912e+00
3.580024708279542445e+00
-3.286987863911037255e-01
1.395852735794980148e-01
-1.170143447602612241e+00
