-1.698299157684948879e+00
-2.882378365877722892e+00
7.216644402656729795e+00
3.258749416551493638e+00
1.522666429184199366e+00
5.082549167675264989e+00
-9.674212613052077803e-01
3.217626560487539145e+00
3.796827065573786797e+00
-1.868290949451858030e+00
4.744425585148784874e-01
-2.713501658372317049e+00
8.850265213997524638e-01
-1.183268940430272753e+00
2.336542259733898064e+00
6.196846762029219136e+00
-3.264538862538330033e+00
-4.309213957528121419e+00
-4.116755550053838419e+00
2.924850156778557864e-01
6.092220411756628984e+00
1.017253661600252990e+00
5.906326824777746509e+00
1.528380895909464021e+00
-2.319028472505789917e+00
-4.713831731571715977e+00
-3.070225080245438498e+00
-4.458960892814900490e-01
-3.996658731223131866e+00
-1.376798020366158948e+00
2.633162769425679839e-01
3.203190545039110493e+00
6.510894662347304518e+00
5.610422959085050287e+00
-1.920867450280154820e+00
-6.809153086845546987e+00
-1.969291503872818927e+00
9.480003789875222076e-01
-6.094565504922113242e+00
-6.005618515492020748e+00
