1.079359377395344190e-02
8.215215363625350854e-05
8.077160398521019237e-09
1.000000000000000000e+00
6.983483461781015160e-18
9.450670436033452582e-01
9.999999947192856897e-01
9.994923114406660813e-01
9.999995146913348565e-01
9.999939072923230698e-01
1.317282820828019823e-06
1.094903626459161147e-04
7.701935780276862767e-07
4.921768200818815197e-07
2.299121731705051630e-01
1.244711349384233531e-12
9.999901881638894041e-01
8.479284959135267177e-07
2.088926412108531860e-01
9.999211100652860562e-01
2.763207055485358941e-11
7.483503800536207619e-08
9.555417559558563312e-01
9.998515743322594629e-01
9.999999987644137001e-01
9.844416818332742958e-01
7.752518483553375583e-01
7.387756794901066779e-05
1.447867838975816842e-06
9.999991072863125829e-01
