3.792329351261939596e+00
3.177569028207523516e+00
-3.823207446784729058e+01
4.341762413838276302e+01
-5.058594020408970948e+01
-5.410574489640865181e+00
-9.302077032627906750e-01
3.317281684633054395e-01
3.632956483226152500e+01
4.733867905155372924e+00
9.658860594752606943e+00
-1.065781898262270211e+00
1.330311494369205860e+01
-1.091840108601411252e+01
2.172062018194147726e+01
-3.406243743363030774e+01
1.334485667132059294e+00
2.946474661193541511e+00
-1.007071281633528592e+01
3.472870490746788885e+00
-2.745241669559089459e+01
1.665145617658880184e+01
-2.164661087060913758e+00
1.586218361906782270e+01
6.014791771577643331e+00
2.905973244519404197e+00
2.455697797624742051e+01
-1.529494470325859545e+01
-2.780968505882050223e+01
-2.110646246243977675e+00
