-2.290098988144707448e+01
-3.353511915198428728e+00
-3.305642047898539460e+01
4.495830246629165572e+01
-4.773491291678605108e+01
-6.836897716403738556e+00
2.441299783576767268e+01
-2.649663480610783495e+00
3.850163484430315464e+01
8.841060024419926222e+00
2.307087826967349287e+01
-1.956314253141383475e+01
2.819614654705926426e-01
-2.125734489989709886e+01
-1.008838272163615102e+01
-4.947298109670510513e+01
7.389825390012760842e-01
-5.259477549487751702e+00
-7.517164596956479095e+00
-1.089356000488406018e+01
-4.057405446612119704e+01
-1.326603017376885063e+01
5.784054966529554420e+00
-1.751345485551807712e+01
3.049935882550391142e+01
1.611729401926953642e+01
4.982058616592929035e+00
5.929684489138400849e+00
-3.143775955673061517e+01
-2.939878057910718212e+00
