1.516131279383740926e+00
1.543868366382423973e+00
1.758014041870142874e+00
1.021393699336315564e+01
5.237227314003819245e+00
1.122051723957150360e+00
-2.431276615432770516e+00
4.127113031966793244e+00
-2.389584610077905569e-01
-4.723541725493844545e+00
1.839923559080557380e-01
3.912655759054976201e+00
5.655190654884819645e-01
-3.992256245028073636e+00
-9.287764721859943506e+00
8.116669686773096970e+00
-5.823115635932048839e+00
-3.988192073898633616e+00
-9.133732406091558786e+00
4.278900933649301130e+00
1.736172474748101102e+00
2.617239512397437906e+00
3.248540713174175476e+00
-1.102872031550660825e+00
2.133639891838744695e+00
9.516778911000118857e-01
-5.605426765068052042e+00
-1.839494689339256972e+00
-7.555717203202553023e+00
-3.256576609399674527e-01
-1.644446141724874577e-01
3.578665135030278943e+00
6.418626630329722360e+00
9.333012614681551966e+00
-3.494449613039153135e+00
-5.358598102332838842e+00
-4.859922261466866900e-01
2.759457779675815736e+00
-1.408847931174437917e+01
-4.795407163425270625e+00
