2.211811962634399002e-03
2.479392728054920152e-05
9.978042238960520560e-01
9.154157581134287902e-01
9.591609910615017665e-01
9.931883838289923272e-01
9.999588666881000787e-01
6.543150611871098588e-02
9.912172667132925774e-01
7.930907078639319874e-01
8.877821354695356604e-01
2.853935654607309483e-02
4.023458747612517761e-01
7.581662964452754450e-01
8.569878297647008994e-03
4.522979405062490521e-01
9.950136965485228968e-01
9.999999901289021720e-01
9.999997610696458317e-01
9.998962630553133168e-01
9.997594909110980588e-01
1.999264060619110412e-05
9.960218970113455805e-01
7.128967610692976686e-02
9.999244258906543337e-01
9.983409645283053413e-01
1.068901236837634062e-03
9.999982980439424685e-01
3.106306609865573942e-01
9.999289133799658114e-01
9.999999981021525652e-01
2.820161458178545022e-01
6.015866579620756660e-01
4.697858583789392140e-01
3.083374868012652179e-05
9.999949829741713314e-01
6.494663044904804838e-01
2.166574573243173693e-02
1.075840214991716226e-02
2.902302167573020397e-01
9.980822882830400200e-01
2.560371400174914994e-04
5.544637870681675684e-01
4.521639324636878565e-01
7.792739707082219081e-02
9.999998171975662542e-01
4.567996079951196654e-05
2.119434385568185197e-01
9.901106458860130521e-01
9.999932376953294400e-01
