1.325610517370320917e-04
5.968029486498007827e-06
9.900217269845617007e-01
9.891926036751292894e-01
3.712001983388442394e-02
9.455193413468251373e-01
9.107345657221295188e-01
2.325291865625052357e-02
8.846749071885321447e-01
8.075721377997165940e-01
9.831184122811017501e-01
1.373049216121528435e-04
9.988340410703513417e-01
4.218426472807561278e-03
3.431964929660011876e-01
9.976031625676821113e-01
5.268117431097444348e-01
9.999882866432497908e-01
9.999942645616262116e-01
9.965806977503277597e-01
9.996094406581161884e-01
2.256757284525769559e-03
9.671498706578545157e-01
1.748291845934887567e-01
9.969795512405433824e-01
9.991673223520503022e-01
3.992880550703723809e-03
9.999999160376759066e-01
4.961880351851833404e-01
9.960897600603713098e-01
9.999979453716232314e-01
1.625387318202944735e-03
9.558341492536557293e-01
1.491423684084746126e-01
3.051168061436835277e-01
9.999999235963760169e-01
2.104710751778886280e-01
5.926081197689822000e-01
8.324784834284753021e-01
9.839361322055329984e-01
9.999143468488056463e-01
8.547937030399003211e-01
2.034873801713034391e-02
9.632386776506814963e-01
1.873203118987181934e-02
9.999973648447139096e-01
3.108780029359793032e-03
9.216193946593378428e-01
5.877899921231737324e-01
9.998456905850890974e-01
