5.765436467996679859e+00
-2.408115382794404979e+01
-2.680896557568274474e+01
4.591883806441421711e+01
-3.277218497644530970e+01
-1.733776030502875187e+01
3.776484682092989686e+01
3.226384367393693253e+01
3.600551449177496011e+01
3.577469322430368237e+01
-2.444614418730270078e+00
-3.049886357312910334e+01
-2.334954983661916472e+01
-2.478713868839069967e+00
-7.787977272441936272e+00
-3.169435937149486904e+01
6.373170347837415761e+00
1.207613546820577533e+00
1.254762457968286959e+01
-4.391236659926737396e+00
-4.433883205367231284e+01
2.482848246653180935e-01
-1.271375998731944401e+00
3.947952899236003010e-01
1.795168248210680417e+01
1.582346750859588980e+01
-1.399134400573228554e+01
-1.522205420046985669e+00
-2.700911086419328555e+01
-1.390067984973884663e+01
