2.958451260986840747e+00
-5.904427086695097415e+00
-6.018217186824368348e+00
4.377912268022579489e+00
-9.282942867158073597e+00
1.210203053560584330e+00
-4.950187233816410348e+00
-5.441651814917669583e+00
1.300712586804494642e+00
-3.210177439840777414e+00
2.677159507131164906e-01
-4.326935316736786774e+00
1.048125519917147530e+00
-6.354104180964489146e+00
-1.282437508297156192e+00
2.050213811147870047e+00
-1.347599293914780061e+00
1.328330986441856432e+01
7.078019364241165512e+00
4.756351148282940144e+00
2.212804943931502066e+00
-1.626471393272946031e+01
4.849587311777394660e+00
-2.854859085632574622e+00
8.436368539698599900e-01
1.251839869504818958e+00
-3.052644481357338790e+00
1.835273097878486226e+01
3.618725014545677965e+00
1.348167907391918829e+00
1.556910726147799551e+01
-1.329543317343985898e+01
8.329282953544725032e+00
-2.209677452889727611e+00
2.977669214876616510e-01
5.032816230520028355e+00
-8.165768023875761727e+00
4.213892520241708795e+00
3.548738821413998323e+00
-3.071797564912059464e+00
1.806752390224562799e+00
1.237617868409097710e+00
-3.201240122566895607e+00
-1.065603741633101009e+01
-1.040816788316669594e+01
1.822660563056779282e+01
-5.288811743326292891e+00
2.069377828170901878e+00
-3.855199315855875497e+00
1.011058759947499608e+00
