-9.999704255543797604e-01
9.994337469740804947e-01
-3.731559532986954975e-01
8.763034768848142475e-01
5.605722604551016675e-01
-2.747544664318721797e-01
9.807190746089357036e-01
1.100634975162419205e-01
-9.998043962674626473e-01
9.999998481422234242e-01
-9.999911613645888764e-01
-9.998560119798549639e-01
-7.390167909575431349e-01
-9.944798465214356176e-01
9.973946675607466839e-01
-9.971863900875044262e-01
-7.734880473484252450e-01
-9.526323186570576640e-01
-9.990771122534363169e-01
-9.891385666808119037e-01
