5.512604464740070106e-06
2.450105034859574593e-03
1.405325348903497643e-08
9.999999999984059418e-01
1.018702543757636346e-13
9.934771666960841019e-01
1.000000000000000000e+00
9.995771691259787151e-01
1.538944244492942287e-02
9.999999391350914424e-01
9.993243651979220044e-01
1.039585924076661926e-05
4.394558865016536496e-03
9.998642141285631890e-01
1.043252000502143979e-10
1.475044994508558910e-20
9.999594946412645458e-01
7.665419843367608487e-06
1.489467499580559573e-01
9.997243362416117218e-01
1.935387943380363992e-16
6.143969240988389718e-05
9.999999999466568923e-01
2.982070391323759714e-03
9.999999999999877875e-01
9.948733872838523284e-01
9.760307956466796053e-01
8.728814586208871740e-01
1.812544122571465654e-09
9.999999967148418545e-01
