-3.955308242853866840e+00
1.363932320175413659e+00
-1.000582394789678098e+01
6.938564530584709011e+00
-7.183441658603999080e+00
-7.642451619244000405e+00
-1.239025973192318775e+00
9.371956559952776544e-02
7.277284130686258123e+00
-1.721551946705692870e+01
6.259145080448859311e+00
2.937967621176892363e-01
-6.250275082683144134e+00
2.370777625695509094e+00
6.239367417410005778e+00
-8.601473909540228391e+00
4.609845823462722869e+00
-1.947158802227542784e+00
-1.118058186401507825e+01
5.843900104532544049e+00
1.234521433900277465e+00
4.744793337670412114e+00
3.347695384863229595e+00
-6.566773805859646984e+00
1.321372185287986056e+01
-4.941215324752453952e+00
-5.735260217665357985e+00
-5.027584460949248157e-01
-9.650643540586097302e+00
3.091503608843920503e+00
1.467595388396962797e+01
1.143313327101895993e+01
5.458601627404785495e-01
-1.168009259502091224e+00
1.124321281986381216e+01
1.666829766549954961e+00
-7.109006348377927331e+00
5.204091964352408617e+00
4.437653172064919715e+00
6.177579940620772092e+00
-8.406727481276274894e-01
-3.498839588763351216e+00
-4.506337219159505914e+00
-4.514493821071340562e+00
8.052948941148406092e+00
7.185989532882784303e+00
1.257396404308673166e+00
-8.036374032403442058e+00
-3.839864189003951545e+00
-1.221946273592450449e+00
