-1.127303856587091246e+01
-1.796565811562386017e+01
-1.522808331567940954e+01
3.715922628902761460e+01
-4.099815312977435866e+01
-2.957683795197580512e+00
4.060512462446456539e+01
1.254362767238021803e+01
4.993444750629297602e+01
2.384415515385444806e+01
8.058822432951343373e+00
-3.665365900689825907e+01
1.133028560091275594e+01
-4.897856562979732153e+00
-7.414567466343167546e+00
-3.152844021157698506e+01
1.334284128718161000e+01
-1.534286400597576616e+01
4.949660206359718373e+00
1.482322305127280693e+00
-4.179877460278412116e+01
-3.707168416269684741e+01
1.333217925936764914e+01
-3.850700832737509849e+00
4.080878559915323223e+01
2.590077758598171442e+01
1.237168682929943841e+01
9.945944885643871469e-01
-3.458960625263519262e+01
7.979864630876646991e+00
