3.473339723962818759e+00
-4.213066747541232004e-01
2.381679083105548766e+00
1.053831174030634799e+01
3.380901479868779980e+00
5.538134610915617095e-01
1.036876366373711833e-01
1.597017622570612749e+00
2.374875754352521462e-01
-3.046549019070831754e+00
-4.675118076787605048e+00
-2.683632410284778058e-01
-7.579746372615772110e+00
1.108381005275175246e+00
-5.068155037448874189e+00
3.784892010813710961e+00
-1.293957569974773314e+01
6.490045009189691072e-01
-4.324619143384915709e+00
2.617831253826159443e+00
7.010683367323782278e-01
5.196106877351017062e+00
1.119633114082350644e+01
-6.175102106972805593e+00
-3.026898763796793457e+00
8.230226184313043092e-01
7.597155314085917155e-01
2.333027077323718945e+00
-4.885890075341212224e+00
3.958534501447867004e+00
-1.583388341947554512e+00
5.071459752345417016e+00
9.314713983863814661e+00
6.861755549439468638e+00
-7.374969910109996363e-04
-6.371663523797241879e-01
-1.655016325936151445e+00
-1.322140992470339560e+00
-1.105020697621208114e+01
-2.955373407456956425e+00
