-9.992373514426221570e-01
9.847751492187323263e-01
-9.602825175682574432e-01
-9.641679535145388780e-01
4.844136697781671608e-02
-9.006052326884556036e-01
9.999805373295906907e-01
9.945024421592281172e-01
-9.999977847757299809e-01
9.999999998531645673e-01
-9.999999253107509922e-01
-9.994741031991564162e-01
-7.553312465494325112e-01
-9.383109909735185550e-01
9.965361275884677683e-01
-9.995073255652759947e-01
9.999865649318858685e-01
6.222291261179122568e-01
6.632160680582529499e-01
-9.865420151924521042e-01
