-1.746585497700571210e+01
-6.171756960363479649e+00
6.177305845528411332e+00
1.574819872758214601e+01
-5.391428500854906769e-01
-6.184162844662481007e+00
6.053118673860439003e+00
-1.119396055722559424e+01
1.114133143812572335e+00
-6.682977197795151980e+00
6.692647263399839730e+00
-9.977875036908663731e+00
3.682000582133470701e+00
7.524647033763052661e+00
-5.901210033413415879e+00
6.049388438595489248e+00
6.833032238999157570e+00
1.848479995879266014e+01
-1.529893448626917341e+00
-1.611963795447797665e+00
6.816212737754124840e-01
-2.496551950942827602e+01
6.437979866708802845e-01
3.831990672930267183e-01
5.400920674106953534e+00
-2.374710438223500475e+00
-1.141543831227992190e+00
-2.878891093691977154e+00
7.328461864017601357e+00
5.767785650559082100e+00
1.363242681833095737e+01
3.593488144118325289e-01
-6.396287969789738348e+00
2.628718857645961027e+00
-2.467106112622409864e+00
6.132840571083477244e+00
5.940888629764137008e+00
1.702519391355678202e+00
-5.472827881576896480e+00
-1.875105297037863217e+00
8.007022240398317114e-01
-7.086391228101790674e+00
1.113268962652252014e+01
-2.224904331818260972e-01
5.080236353279721229e+00
1.086036592531594636e+01
-9.745201813829101667e+00
-2.036494106874081389e+00
-9.389820715499157089e+00
9.255408748375170802e+00
