3.365614379348370948e-05
9.082844363378482777e-01
9.980306736129218592e-01
7.562555241311003096e-01
9.924221480235241311e-01
8.501486625594534881e-05
9.959177474296273536e-01
2.960915293758979022e-02
8.480040181986268077e-01
1.366168477005546787e-07
9.999681031286430377e-01
2.642259759622604285e-04
1.659690090437722088e-01
1.997004890233709806e-03
5.996288292042897036e-04
5.648589907514322238e-03
9.999841193775872439e-01
9.925372414130314569e-01
7.664829244097423003e-04
4.254749304688174693e-06
9.894013725065325948e-01
1.601959177280216987e-07
1.477212644087523975e-04
3.089425088375019057e-01
9.999201635125136711e-01
9.878098911485820866e-01
7.003039522953197205e-01
9.969704599185765792e-01
1.569974370722100054e-01
9.999161463979585607e-01
9.999168171537067273e-01
9.999481624480408559e-01
6.927576366833829713e-01
1.357044475095310898e-01
9.999999999511832716e-01
9.565007645785077450e-01
6.010261125422607635e-05
4.157205830214608794e-02
7.048697982826711110e-03
9.998171844744018211e-01
8.948686752457848392e-01
1.999252932272800164e-04
9.999999956774985321e-01
5.126817718371361465e-01
1.726770826429762651e-01
9.999808543223552837e-01
9.243546082494107519e-04
9.999912256702438995e-01
9.992857930600046752e-06
9.999999944064923429e-01
