-9.997436753631360196e-01
2.947019798270892332e-01
-9.637229648090327450e-01
-9.888281564061413009e-01
-9.996320618298772942e-01
3.613597587703589742e-01
9.980053647301359021e-01
1.407707032944661429e-01
-9.906517802136444173e-01
9.999966447646134737e-01
-9.999483436037532869e-01
9.966423359497961210e-01
9.314197674322235443e-01
-9.957616624856344689e-01
8.851197235016520226e-01
-1.092563438997893877e-01
9.990775863091315712e-01
9.924202633907822646e-01
-9.263971382321147807e-01
-9.999754848119578599e-01
