-2.699169137367652382e+01
-5.784178645335215307e+00
-7.235889827651481809e+00
-7.254557269608408188e-02
-3.920271739446683057e+00
-2.506808961824347648e+00
-3.943265123680204098e+00
5.640749625535990575e+00
4.989688407037318640e+00
1.696111937521682655e+00
1.039539695290695853e+01
2.383020375078521269e+00
1.064023027809328559e+00
1.341218870804355490e+01
4.715032552705882729e+00
-5.142359963726310212e+00
1.777771415516311748e+01
1.006658201700504129e+01
-3.121901212634767386e+00
8.968282193247034684e-01
-4.913139136863923895e+00
-5.367369396088017552e+00
-3.204568638803927616e+00
1.057910621642482729e+00
7.194626652946249479e+00
-1.540004872373227141e+00
-1.446386527443380920e+01
-3.667823313656094264e+00
-5.589759839681366138e+00
1.675610933856280571e+00
5.384370416065716647e+00
1.579208480893953492e+01
6.713765496876961336e+00
-1.053890733514122502e+01
-1.863860631298394632e-01
-9.018167232693881985e+00
6.629692433929547768e+00
1.135477187277130318e+00
-2.886974030207842823e+00
1.101869929548732685e+01
-6.928347563983339619e+00
-1.991028797936015948e+00
1.101390109545207174e+01
1.312158773150241231e+01
7.130678640473660401e+00
6.323853250475055532e-01
2.226073082933641700e-01
9.941080248744584846e-01
1.704961467988387325e+00
-4.568784622655538641e+00
