7.030019054979359527e-01
8.021479332881920055e-01
-4.265292270893234594e+00
1.001473508748809138e+01
7.882084948517561251e+00
-3.090635845106889601e+00
-3.750412960355944847e+00
1.842306564823839476e+00
-2.586837679464959017e+00
-2.005442459324069393e+00
1.971487725698557458e+00
-2.894535233742611680e-01
-6.362070845995579482e+00
-1.962383922592058738e+00
-7.766404533837865998e+00
6.416191045981581631e+00
-1.234017113748854477e+00
-1.504733972061825797e+00
-1.273191849235793871e+00
1.332098292176424836e+00
-2.637873315336278335e+00
6.339687183693405004e+00
5.556546913988380965e+00
5.163256355658445429e+00
-4.399102707266031587e+00
3.572853399871793290e+00
-3.210436909403353134e+00
4.071873709321858215e+00
-1.905996965867251536e+00
2.635443780690482352e-01
2.294812657365016051e+00
5.185389551137015829e+00
5.054395959278441985e+00
5.542001445746712385e+00
2.701645843588107887e+00
-1.630693212853419727e+00
2.861961834914054315e+00
-5.786365806510715970e+00
-1.216470452710892580e+01
-2.932668787476711003e+00
