9.187836178783422562e-06
1.339088394221894926e-04
9.324775118688200950e-11
9.999999998092183873e-01
2.899163090985812765e-14
9.126357521418624330e-01
9.999999999820277097e-01
9.985767275472405835e-01
9.999999999422151120e-01
9.995753582444593111e-01
9.999999861077675245e-01
6.918970840376422514e-14
3.783802440138901990e-01
3.563064906617081389e-07
1.076681161390396583e-13
1.537981239625024642e-14
9.983460083604062119e-01
8.880985080216686686e-03
9.999965923519670286e-01
9.779381672135807335e-01
6.759011145158256685e-17
3.658656518602214785e-11
9.999999892029612925e-01
1.163016378292261821e-07
9.999999999989985788e-01
9.999999993153461109e-01
9.684778048272529860e-01
9.998539608000865941e-01
8.360110955453908696e-06
9.999998312612758955e-01
