7.053769042366362374e-01
-2.939486995672564440e+00
3.063302412456103241e+00
6.932133034356104062e+00
8.152405037370469287e+00
-5.088413469239329245e+00
-1.689803726866444533e+00
1.345929729606877512e+00
-5.014466937410858582e-01
-1.742129455196769872e+00
-1.077050139012021068e+00
2.411682829982638498e+00
-4.671163939443879087e+00
-7.777152621706113766e-01
-4.682563336319480740e+00
9.305497324724829156e+00
-3.677398558040069432e+00
-2.103409325273296826e+00
-8.962761284084304947e+00
3.313758682611314121e+00
3.119569736047650199e+00
1.287653502511016956e+00
5.120902384537195928e+00
-1.239674141570084931e+00
-2.835382515393284120e+00
7.371036591734827503e-01
-5.027848578457655648e+00
2.580687020547791199e+00
-6.545845997235056224e+00
-7.525183750788921877e-01
-7.140987835862290467e+00
1.359915164335312454e-01
3.327946251739672068e+00
5.838167533610904236e+00
-3.897586131881322746e+00
-3.093989176302008204e+00
-3.870302927087284628e-01
-2.747551617793787759e+00
-1.027431244682926348e+01
4.805462918476401057e+00
