-9.999955535232758486e-01
9.968468374838200807e-01
-9.708486247337085873e-01
-9.020718323548920781e-01
9.247670191834961306e-01
9.200963480015597051e-01
9.934715374643271479e-01
-2.979382034792639189e-01
-9.924421708623696325e-01
9.999999966335066937e-01
-9.998075252273330715e-01
-9.996752983873510301e-01
-2.403301287444168932e-01
-9.980710058207397095e-01
9.998099366957534651e-01
-9.999619078422888885e-01
4.920929358408239196e-01
9.445023447807343597e-01
-9.999854760700963574e-01
-9.578150575307853298e-01
