2.850854159926925480e+00
3.844452060923893910e+00
6.198392903449613245e-01
-5.511420194513699800e-01
-3.570929185959209384e+00
-8.895118629723301140e+00
-8.427096439371122294e-01
-1.204215649224900631e+01
4.414254718050762527e+00
2.754989573935504588e+00
2.019285305175456458e+00
5.187112234217762463e+00
-6.989988089477294775e-01
4.635112176070935064e+00
-1.524686549175306638e+01
1.058202773277020192e+01
6.913730450115743054e+00
9.821933291314833170e+00
-2.761067579840421060e-01
-1.446424467467942776e+01
2.428175370132667155e+00
5.913019227338819128e+00
5.632541756728921101e+00
-8.731051663924352724e+00
4.614819581599473253e+00
-6.007553103419566165e-01
-1.063772924053353641e+01
1.509260129315323162e+01
1.088011946027452437e+00
-2.896358972565066470e+00
6.263771042710048143e+00
-6.887509973517420114e+00
5.399901435972762620e+00
-1.044341219456220671e+01
8.032782040205276530e+00
-6.877119917418115236e+00
9.388250293332928820e+00
-3.895567307707995752e+00
-5.046938576224356154e+00
2.941836120465241233e+00
5.131304276122324870e-01
4.024137046825903674e+00
-7.333851536337502530e+00
5.764885119388123424e-01
-2.371542738672372863e+00
6.760331034240713244e+00
-4.471378561513499328e+00
8.181041497637407289e+00
-7.661767166506510129e-01
-2.322854018797111397e+00
