0.000000000000000000e+00
5.976361806272909583e+00
7.005182447008207802e+00
3.073755060697492603e+00
0.000000000000000000e+00
6.972278908607776327e-01
8.394810523060847185e-01
6.034557834482919603e+00
0.000000000000000000e+00
1.461140681743503311e+00
5.354286488675173983e-01
4.797475820158482840e+00
9.635190523468778467e-01
0.000000000000000000e+00
5.774653681561598084e+00
6.270457939491658195e+00
4.612348753301433568e+00
1.691623490247144979e+00
0.000000000000000000e+00
3.583306349536006241e-01
0.000000000000000000e+00
0.000000000000000000e+00
6.024805651506889959e+00
8.701498270170903382e+00
0.000000000000000000e+00
9.586175457085230889e-01
4.788456906426317161e-01
1.911225018548326382e+00
0.000000000000000000e+00
3.588917132249490383e+00
3.423039230093519514e+00
3.780005564198410273e+00
4.590689046602982160e+00
2.987264723429656765e+00
0.000000000000000000e+00
0.000000000000000000e+00
2.296828404351078490e+00
0.000000000000000000e+00
0.000000000000000000e+00
0.000000000000000000e+00
