5.073751331444805238e-03
9.999291994253866056e-01
9.976831192100077406e-01
4.082434613813003266e-02
2.978390276292420939e-04
2.687863580040023565e-05
8.460966578831317086e-01
1.226862580516271594e-05
6.276895628276556449e-01
4.845850341597415234e-01
3.040930332759335109e-01
9.999976402834164224e-01
9.854252963633407525e-01
9.976399926865399115e-01
1.211147929914045477e-07
1.191994457558774763e-02
9.999603554979318298e-01
9.994192125963820006e-01
1.864985823163325257e-02
6.915029837168725832e-08
2.419555852708880628e-01
9.998766262767894153e-01
9.322695337289097495e-01
1.447801443292826180e-02
9.020898719412669478e-03
9.966446468701796180e-01
9.539680589262057369e-04
9.999991550360621817e-01
2.701659241914499687e-01
5.265769298308676377e-03
9.842591799773966477e-01
2.702917762787701919e-03
9.999237812199192055e-01
3.758867377121182796e-01
9.244987916084975721e-01
2.272256125886725799e-03
9.222432761079836228e-01
8.033847968333558409e-01
1.552339705395549552e-01
9.976382746276307723e-01
5.068955393349714869e-06
9.968003560398399632e-01
6.468456389758366022e-04
5.339512946699620024e-06
9.999294432695289281e-01
4.191291555241034861e-02
9.999586748246459544e-01
6.163545631475942921e-01
6.033245988044602104e-01
1.118723521529548973e-06
