9.903132184999332566e+00
1.698442771919091498e+01
3.279092873493925975e+00
-6.820547909595836344e+00
-1.167537408951318856e+00
-1.044868739524807211e+01
4.199679792531127553e+00
-6.655435053858251848e+00
3.865090399271905675e+00
-9.620805690833870827e+00
3.050596903426339157e+00
1.500696481462859033e+01
2.119190993774832776e+00
8.490894568506615059e+00
-1.770701527822154731e+01
-3.334833958466049797e+00
4.949340153022829369e+00
1.786642559710545752e+00
-8.533850449625635548e+00
-2.056035338278342905e+01
6.438143744189108730e+00
7.320869468777242872e+00
1.164322817151125200e+01
2.564820105179942633e+00
-1.997531889246651593e+00
-1.537469948132812014e+00
6.928351803383752117e-01
8.081985829576971980e+00
-1.207566911728309433e+00
-5.109115515073977321e+00
-7.490959237324942954e+00
5.381356062811652130e+00
3.200696406549123463e+00
1.668521398149996893e+00
-1.092799713390202543e+00
-8.369678146801300400e+00
2.333747721797542862e+00
-2.850021846137523962e+00
8.041674584127502357e+00
5.637061067189497621e+00
-1.067504375950610118e+01
1.169273002462584365e+00
1.189162708310775196e+00
-7.631867141364520712e+00
1.340463143887124531e+01
-5.499437345354645679e+00
7.406657852446591583e+00
1.510184398236356085e-01
2.021126266487255130e+00
-1.187869585478711087e+01
