9.968679555192138109e-01
9.999999930531235925e-01
9.999999997762722970e-01
9.999999999998019362e-01
4.571919729111051773e-16
1.572531127234346090e-15
9.999999999937685402e-01
1.680538167638828467e-03
1.000000000000000000e+00
4.413135979310356220e-03
9.998337745600059945e-01
9.999875455543055791e-01
8.757262352986836529e-01
6.585746649685954024e-01
2.132555478686183961e-03
4.389297318993999538e-19
9.697853640379869855e-01
1.289378400873574526e-01
9.999988413497633566e-01
9.999994347395297911e-01
2.449767388717791050e-16
9.999761354706513394e-01
1.000000000000000000e+00
9.999997323559212115e-01
1.000000000000000000e+00
9.999994796917401896e-01
1.000000000000000000e+00
2.142297219760886291e-06
7.283303771211374443e-14
9.988193214024014832e-01
