-4.106103652039732488e+00
-1.140762154570676756e+00
3.141348154436378159e+00
-1.173649314556153955e+00
-3.178553057540733029e+00
1.799616510629158617e+00
8.046783181912285698e+00
-1.148496567161171100e+00
-1.468055085139851501e+00
1.286232541398992524e+01
-6.231018286316115429e+00
-8.610120596948617200e-01
-8.364371293337060642e-01
-4.159376454419033031e+00
4.689398985684986698e+00
7.698891824381647320e-01
4.874843714961065722e+00
2.611375540840721321e+00
1.524534201119705390e+00
-2.449185152889182149e+00
