-8.912160908248118574e+00
9.509112028064645727e+00
-1.247293098632889041e+01
3.952662177545094124e+01
-5.110174933702814570e+01
-1.795521483872866142e+01
2.096160435203873362e+01
1.170700373094302549e+01
2.061943849776434945e+01
3.564124742814459523e+01
3.069789157687500492e+01
-1.403569330490021017e+01
5.248456694929920729e+00
-1.396500019192532349e+01
5.653101783079028664e+00
-5.100399214523308444e+01
1.574118613389815557e+01
-1.355255642272318717e+01
-8.621397504856837202e+00
-6.198372549240683149e+00
-4.583499290505655921e+01
2.920238561283596113e+01
1.491735326307079035e+01
-9.333784678890557629e+00
2.878603648699017725e+01
-3.491186707659470478e+00
2.154385346424890457e+01
3.346600495905431405e+00
-1.983632196115632595e+01
-1.624614485982260348e+01
