-4.668091837069507477e+00
2.479330006128575015e-01
-2.000170222880822024e+00
-4.479864841048480706e+00
-5.292840254248530663e+00
-1.970696261378125369e+00
7.209532861189042130e+00
4.392328561840780132e+00
-1.702956717954888566e+00
7.700500511730696829e+00
-8.496663289359382532e+00
-3.271762845766454930e+00
5.647691176746770791e-01
-2.374093332274874735e-01
3.322214084225449948e+00
2.823554911990944660e+00
4.889777783218150375e+00
4.525195392451523801e+00
-8.795561574468007127e-01
-4.362273932155847689e+00
