7.825627257262794068e+00
7.123820274704289801e+00
5.529046503733408890e+00
-6.850013964662251098e+00
-2.414043714142583674e+00
-5.897206796514464777e+00
6.850513406139995709e+00
5.981202007418531252e+00
-4.185709995355512802e+00
3.813483721067731480e+00
-2.715279029069939565e+00
-5.051661722843353575e-01
8.297498912144437355e+00
-4.598210262463526377e+00
-7.709773875093779871e+00
5.693924087231591713e+00
5.166529203526698311e+00
-5.221580533688147341e+00
-8.269714663309093439e-01
-1.090657658192435875e+01
-1.212531263639642631e+01
7.084547820012537800e-01
-2.248251358090751939e+00
3.679090842813353301e+00
-8.798580091609956355e+00
-9.357616022394561028e+00
1.005053697457316542e-01
-5.241711076437137073e+00
4.174691103987377971e+00
-7.410688358083667993e-01
-2.314709655098460317e+01
4.273476474806621184e+00
-5.392911226574502059e+00
-1.605503738407829672e+00
8.621413676169877860e+00
-1.581794815224608630e+00
-1.172589696973862061e+00
3.386875669897699836e-01
-7.346311157716568729e+00
1.143876094422908718e+00
-4.768231975803742806e+00
-5.744798212073387589e+00
6.200025350568784788e+00
1.054952102453718288e+00
-4.988168124428554506e+00
-8.553267151635091103e-01
6.825939384586317438e+00
6.496114382851381208e+00
-1.005736472154449945e+00
1.752751525039877833e+01
