9.999947634550109266e-01
9.878146268571683652e-01
5.520902801745639854e-16
1.000000000000000000e+00
1.487775430373723173e-17
2.051708712086924827e-13
2.465988024659770614e-02
9.999999988342054280e-01
1.000000000000000000e+00
4.270865283439649834e-05
9.999957435321954469e-01
8.456622217886582485e-03
7.038215375767642445e-01
9.862570191253776375e-02
9.999678656750725647e-01
1.034728848838770451e-11
7.812173572186592585e-01
9.998875649877427829e-01
5.948511621644220898e-02
1.182997571008106985e-01
4.584218409284241317e-16
9.992681435824876113e-01
8.681041189854369223e-04
9.995856055393343986e-01
9.999998517703561074e-01
9.999975604116998484e-01
9.999999999999478195e-01
6.899960723984203232e-09
4.995327896899177442e-13
9.835689100451596723e-01
