6.554144496142950693e+00
7.896837072041625660e+00
1.184944949957650540e+00
-7.176500076036303355e+00
-1.625105583443128721e+00
-4.148671750746189879e+00
-1.505534174245240608e+00
4.120339635212067364e+00
-6.556970828856537814e+00
6.544984187830626965e-01
-1.785215562068422024e+00
2.033887746475723013e+00
4.939945446558156483e+00
-4.188114726009171562e+00
1.094938543514843765e+00
-5.256977928742738726e+00
-3.934085902335477947e-01
-1.431012161512766312e+01
-9.063171381794591142e+00
-1.179987732232219599e+01
-1.039014624050811442e+01
6.446421166123872837e+00
-4.530782741694975968e+00
6.449672310793585162e+00
-6.557368943930390159e+00
-5.854268786383650891e+00
2.683416245854565396e+00
-7.588739591156513420e+00
2.399851600637854077e+00
-1.748785676116550114e+00
-2.436295395673251107e+01
7.054212846454649188e+00
-5.489555159516211091e+00
7.115474005759003795e-01
6.503599992200179258e+00
-1.008051497333437929e+01
-4.589875432674077160e+00
-1.790947057971453926e+00
-1.523446105298414288e+00
4.306323327280301427e+00
-3.284356375292976082e+00
2.733581037330299335e+00
6.623211273986102654e+00
3.427422927845829470e+00
1.449022149158691430e+00
-6.635976646056843009e+00
1.050546252518502044e+01
8.910016577497149370e+00
9.340524052225873675e-01
9.048465969724221125e+00
