-8.051796918649682056e+00
8.286898309630172932e+00
-2.076834014275144114e+01
3.423488466910092143e+01
-2.645615288038048263e+01
-8.527493247527045739e+00
-7.842107054034572755e-01
1.645335807019701946e+01
9.386685949572898480e+00
2.323103177769431760e+00
1.557845951214441804e+01
3.012096687951384855e+00
6.291819664933050227e+00
-3.310758366262362085e+00
2.808353799349939894e+00
-3.239339734276340010e+01
1.243015832504161811e+00
-9.726379084717704515e+00
-2.131997413836035093e+01
-3.290720620603655888e+00
-3.430440743041818763e+01
2.215776416951500849e+01
1.449189489174781365e+01
-2.177355445657850108e+00
1.000696864477202119e+01
-4.419771318958943596e+00
2.961188925916118464e+01
-1.233959705792314310e+01
-8.844273328054718775e+00
4.212651673501941474e+00
