-2.607219362935123019e+00
2.095753885255519311e+00
-2.982719470031153897e+00
1.144918205919638554e+00
-4.358077007680978276e+00
-3.491089707052203450e-01
4.593496482574383144e+00
-7.706086810990713243e-01
-2.784330718793031956e+00
4.943159121086246444e+00
-7.029246630272245611e+00
1.278519265285372963e+00
3.749579922322403558e-01
-1.226231333779872479e+00
2.249274231266622071e+00
-1.420705903378061352e+00
1.883774352769033378e+00
1.327611978260664349e+00
-3.533550211882496850e-02
-4.818825645223844489e+00
