-5.003504908360558723e+00
3.355387495763181960e+00
5.764746245438991501e+00
1.162555302885474262e+00
-7.327863073920655168e-01
-2.314862277630255427e+00
7.730537861670510047e-01
4.210520753934657634e+00
-6.537397405984651577e+00
2.060870184675321237e+00
-2.867769187423820476e+00
6.080664639173889441e+00
-1.721056290709320757e+00
-6.562931578527095411e+00
3.528616450118495784e+00
3.218519983352116753e+00
3.995108812256751296e+00
-9.814604892156562066e-01
1.539153186810298557e+00
2.275730969090960620e+00
1.108171369277040519e+00
-2.127642372441887808e+00
5.042011968610916384e+00
4.296674805406811792e+00
-5.823435335224809162e-01
-6.831156847431514301e-01
2.564056166491086142e+00
2.445883001937307455e+00
-8.087549865395915916e+00
5.105678955966998167e+00
-1.849521417311182914e-01
2.796133379700607602e+00
2.864561935917098179e+00
7.450264835213033621e+00
-2.837103497754057013e+00
-1.265125155281670644e+01
2.155483339098866136e+00
-3.039910895151127779e+00
-7.675312805065477306e+00
-2.443811538396437832e+00
