0.000000000000000000e+00
4.561714393941350032e+00
7.238001719029020009e+00
2.071455659574498842e+00
0.000000000000000000e+00
0.000000000000000000e+00
0.000000000000000000e+00
8.408559127902144326e+00
0.000000000000000000e+00
3.621593592492865277e+00
5.281744619862226431e-01
5.271923222327073333e+00
0.000000000000000000e+00
0.000000000000000000e+00
2.690801153846074101e+00
6.010494749460911557e+00
5.796109417003196818e+00
2.440091219668534817e-01
4.504905085965260625e-02
2.358032628622142468e+00
2.283150900041470699e+00
0.000000000000000000e+00
4.303753071535037833e+00
4.650615273535088079e+00
0.000000000000000000e+00
0.000000000000000000e+00
4.745241115148453037e-01
2.159655875925154067e+00
0.000000000000000000e+00
2.256420512930417566e+00
0.000000000000000000e+00
2.128868504924727123e+00
1.759626258968647550e+00
5.080508998270324206e+00
0.000000000000000000e+00
0.000000000000000000e+00
2.564720779275882379e+00
0.000000000000000000e+00
0.000000000000000000e+00
0.000000000000000000e+00
