1.300840679514248954e+01
3.032393706940339051e+00
4.483104428425067844e+00
-8.182772368778692851e+00
1.387795794914699954e+00
3.213613004353828906e+00
1.953750306537582748e-01
8.099773564802270620e-02
-8.517237523728695692e+00
1.367731422311560685e+01
-9.771764351343790622e+00
2.781197204837390080e-01
1.298557552893548461e+01
-5.453838972341205960e+00
4.796313181770560874e+00
6.369232225241558965e-01
-9.649555256616881849e+00
-1.217853431387609575e+01
1.066743852495623202e+01
-3.029403926581030415e+00
-6.275873331468905469e+00
5.842238411981053758e+00
-9.214579779667191772e+00
3.729951970469393974e+00
-9.717065328998115703e+00
2.400029457137978994e+00
3.888880278602277585e+00
3.624404210882700816e+00
9.843948372829030902e+00
-3.005769913886698230e+00
-2.349618182446752002e+01
-9.862807694150108162e+00
-2.419808760140128356e+00
9.127683757159800848e+00
-3.743937834727458558e+00
5.357132014356364991e+00
-1.767747912066621740e+00
3.273255213919838980e+00
-1.619602870005595552e+00
3.193452487360805003e-01
-4.076937742899835015e+00
5.595168472156745842e+00
-4.391890037008202796e+00
-2.287179242842391491e-01
-5.476038265226859991e+00
-5.224517419319308686e+00
3.459304952487916029e+00
3.651704038067538072e+00
5.084449206490816664e+00
1.279976292926293091e+01
