1.393657679305199792e+01
-1.223796572637402136e+01
-4.566796866610193462e+01
3.948509086192404283e+01
-4.644862905553181065e+01
-6.935094073911214352e-01
5.084860408209991967e+00
1.774388856379030344e+01
2.044512118901774400e+01
1.219295379078763197e+01
5.946097019154288787e+00
-1.310839113822827784e+01
2.583612576844793196e+01
-2.446889925952087452e+01
1.784284008606136229e+00
-2.237477648003651254e+01
-1.298388128468791258e+00
9.360020931909367903e+00
-9.148679751691950912e+00
2.238749463490877112e+00
-2.581254238960203651e+01
1.400863787859802834e+01
6.057459210737771826e+00
4.848946094621842562e+00
-1.732455350690849993e+00
1.751567101568812568e+00
1.599920576649134496e+01
-1.244267877087139418e+01
-2.200838625844439278e+01
1.875067871520885721e+00
