0.000000000000000000e+00
3.315346259543686891e+00
6.276335726641725898e+00
0.000000000000000000e+00
1.553757278854073665e+00
0.000000000000000000e+00
0.000000000000000000e+00
9.457675228637617337e+00
0.000000000000000000e+00
1.925043078776811356e+00
3.299793828105529681e+00
5.058943138954637320e+00
0.000000000000000000e+00
0.000000000000000000e+00
1.070882995392921977e+00
6.593700113205014368e+00
6.282996765756288404e+00
0.000000000000000000e+00
0.000000000000000000e+00
2.055681484257093405e+00
2.321642945759626819e+00
0.000000000000000000e+00
4.893686928332103392e+00
6.362380911235439029e+00
0.000000000000000000e+00
2.079133653369409807e+00
0.000000000000000000e+00
3.350345685100700521e+00
0.000000000000000000e+00
0.000000000000000000e+00
0.000000000000000000e+00
1.641228881345354385e+00
2.425544431710287885e+00
6.138614284585118597e+00
0.000000000000000000e+00
0.000000000000000000e+00
7.125126624924560392e-02
0.000000000000000000e+00
0.000000000000000000e+00
0.000000000000000000e+00
