1.654639892337633711e+01
4.910127893831438328e+00
3.792316009761717677e+00
-5.250350466946667183e+00
-3.662161867971282625e+00
4.654607410631220965e+00
-1.335506940223551764e+00
1.407924866533881492e+00
-7.864736751185139596e+00
1.304400483678583988e+01
-1.009698584199917448e+01
3.386204987002543909e+00
1.185747289242701896e+01
-1.064243489336732296e+01
1.578808656239859332e+00
-1.240439776841312902e+00
-1.025947606958578184e+01
-1.432105595310621027e+01
4.881567591494229141e+00
-5.860249202757474407e+00
-5.818994630791125999e+00
1.297637167261451729e+01
-4.386323903376258215e+00
4.853167771449276024e+00
-9.984720889893342388e+00
2.198584675649760456e+00
1.693103952805932400e+00
7.078583323284798112e+00
4.710740958360126740e+00
-2.534947020474455304e+00
-2.131739615203853688e+01
-1.042049600329565706e+01
-3.653104601220520387e+00
6.757741735256350690e-01
-5.910399893772135371e+00
1.978836181421823159e+00
-2.866676829348978828e+00
3.663609274683548023e-01
-7.586650887310734115e-01
3.568760261065801132e+00
9.723574990329064693e-02
1.128413273522180660e+01
-9.644543062909127329e+00
-1.853195203562704174e+00
-4.592156069746081037e+00
-8.745139919447098009e+00
8.839681317904947377e+00
9.365265512890735167e+00
7.363384473172823519e+00
4.785243238172585123e+00
