-3.709099019677120523e+00
6.645010057762975819e+00
5.243809350335746799e+00
4.425151337156574272e-01
-7.412494438909957850e-01
-7.395765975148875793e-01
-1.697061565377366188e+00
1.063250555860454760e+01
-9.953922009101763280e+00
1.810611631289016366e-02
2.514580178183516868e+00
2.091522213664667618e+00
-9.703614142674107379e-01
-7.717310688621738635e+00
1.685225184624952632e+00
5.212046519384099241e+00
4.754393721767459446e+00
1.019015047828102816e+00
5.732387086452639391e-02
-1.064814354454054035e+00
8.857123957123982372e-01
-1.516690520381058782e-01
2.966892123203064280e+00
6.381223518872416456e+00
1.588977984790630238e+00
1.084081274912679360e+00
-1.291855025820642489e+00
3.136188919756597304e+00
-9.615945202085015353e+00
2.410477529072295177e-01
-9.824253951271907370e-01
-9.971153134499390891e-01
7.502813932161283006e-01
4.776894947701673999e+00
-1.750823868382717974e+00
-1.123869338899261194e+01
1.438751675693116239e+00
-2.797414607908404793e+00
-3.103583916516141183e+00
-7.666052439998615187e-01
