9.999999999782811511e-01
9.972173928919613184e-01
2.235415789617264115e-01
1.860079244134789584e-03
4.750629811774695344e-01
9.997697794937834281e-01
6.804714973917030951e-01
9.869218948880317255e-01
6.855402571197460055e-06
9.999893759219292688e-01
1.181462020431623335e-06
9.939681073885024976e-01
9.986867894397769563e-01
2.551917936387568808e-01
9.976188807600652186e-01
7.192279512993156043e-01
4.920362148101607377e-05
6.014094445552741474e-08
9.945816002704054304e-01
1.143922165589718737e-01
3.531436273516800131e-03
9.999999948146434114e-01
5.753434419370589969e-01
4.024429647337142701e-01
1.042971487610305390e-03
8.179775482940092601e-01
9.524706291415402371e-01
5.777259804705921903e-02
9.840630538524759441e-01
3.664170684873146924e-03
1.276192733861592473e-10
2.225897474361523704e-03
1.373450815420213800e-01
9.999926684601805338e-01
6.112835467011908802e-03
2.757719347578274083e-01
4.927284060345388066e-03
9.216783518998308278e-01
4.112954880106507449e-01
1.119414242186925548e-02
2.291015434960712825e-03
9.986635145121619539e-01
5.738039634751601495e-05
3.097689394305054231e-02
9.580594075496667861e-01
1.219288222975639484e-03
9.999215066193047896e-01
9.458395838386504106e-01
9.998665252722274133e-01
8.041325912732393277e-01
