0.000000000000000000e+00
6.501717676070695617e+00
6.923755483740167804e+00
6.718494190457499071e-01
0.000000000000000000e+00
9.330019415626584767e-01
0.000000000000000000e+00
8.501634373805407208e+00
0.000000000000000000e+00
0.000000000000000000e+00
4.152702186924401850e+00
3.885912044883121474e+00
1.180271166052672349e+00
0.000000000000000000e+00
4.570029457047110277e+00
4.811909549991860047e+00
5.968864200722858726e+00
1.451212135636224532e-01
0.000000000000000000e+00
0.000000000000000000e+00
1.137765735792794830e+00
0.000000000000000000e+00
3.188111159776774173e+00
9.019031042886654248e+00
0.000000000000000000e+00
1.858770843136045903e+00
0.000000000000000000e+00
1.442599479882222369e+00
0.000000000000000000e+00
2.449306732990799151e+00
1.872373215703598603e+00
1.478162949488813105e+00
3.456175321111786936e+00
2.898875670357733192e+00
0.000000000000000000e+00
0.000000000000000000e+00
2.549617810116333594e+00
0.000000000000000000e+00
0.000000000000000000e+00
0.000000000000000000e+00
