9.999999999959550134e-01
9.422743540608131685e-01
5.389819326991678733e-02
2.060714257635574715e-03
2.566312516959418089e-01
9.979438737920012237e-01
9.956694732572923812e-01
4.049263032487478986e-01
1.011844717889761984e-02
9.999979762094745039e-01
1.741394046156487607e-06
9.916830450068048197e-01
9.986878562889965893e-01
6.910855304285716538e-02
9.991898789676921799e-01
1.593305254562747963e-01
4.259689385513467126e-06
1.944844023747912012e-06
9.952393628977882489e-01
3.054051403294557043e-01
2.172039903863623011e-03
9.999999991049002279e-01
6.231274296119110323e-01
1.005242260031925100e-02
6.381566354882649283e-03
7.070582536381162519e-01
9.969656271881074394e-01
5.244157985417119416e-01
9.996329847144035385e-01
2.177355915572631861e-02
7.025021897865215780e-10
3.845344392851440286e-04
4.406004135083677609e-01
9.999969124057388470e-01
4.716542958495901355e-03
9.924813636505072090e-01
8.683871960520733388e-03
9.985162357102778108e-01
6.864179139102999372e-01
5.492734134366648868e-03
1.319807857135017748e-01
9.935735809739778546e-01
7.437321244818874855e-05
1.326638551702709985e-03
6.491731080600771087e-01
2.389486684672867628e-04
9.999609845555412768e-01
9.085895028303364596e-01
9.961385174903631956e-01
7.261711507439390090e-01
