-9.999986675709273687e-01
1.745652648875146429e-01
-9.998511339085124350e-01
-3.326423104162530842e-01
-9.820345009506908918e-01
2.732481188267062433e-01
9.990885727316030085e-01
-4.598751184031152905e-01
-9.954836394023786061e-01
9.999999742507915679e-01
-9.998012156831197483e-01
-9.317316310565676440e-01
-3.132722281660620944e-01
-9.997527130127512596e-01
9.937301385739735204e-01
-9.999457331471549582e-01
9.915688266906025339e-01
9.990539712810521111e-01
-9.999589160293637091e-01
-9.999369298821424445e-01
