-7.110826712712270847e+00
1.763715857951866361e-01
-4.752768057849031891e+00
-3.457963907402404335e-01
-2.351712961361041465e+00
2.803706801981625807e-01
3.846595061698493190e+00
-4.971529003329526741e-01
-3.045467616855983106e+00
9.084004560399222328e+00
-4.608168969624074407e+00
-1.671362778961083650e+00
-3.241696142501843680e-01
-4.498992266768382819e+00
2.881004175675685453e+00
-5.257358504514765052e+00
2.732371008656292233e+00
3.827955842685601962e+00
-5.396509579873812079e+00
-5.182189556807802688e+00
