0.000000000000000000e+00
7.325024083174374034e+00
8.045730767964212049e+00
9.543197402871856916e-01
0.000000000000000000e+00
1.524170006011836831e+00
0.000000000000000000e+00
4.509465829166033224e+00
0.000000000000000000e+00
0.000000000000000000e+00
1.580957064505238652e+00
1.888376310203126351e+00
1.615649707360659049e+00
0.000000000000000000e+00
4.422923977086453462e+00
1.658369369983062169e+00
3.126499370250400034e+00
0.000000000000000000e+00
0.000000000000000000e+00
0.000000000000000000e+00
2.215866912472846728e+00
4.751963036207992874e-01
5.616509820103178896e+00
4.331260270565262971e+00
0.000000000000000000e+00
7.060226851591896446e-01
4.027883701740087030e-01
1.776057889418997338e+00
0.000000000000000000e+00
6.258929327393582653e+00
4.591282267940193229e+00
1.340099568853361234e+00
5.351886359941651072e+00
6.293559757576518088e+00
0.000000000000000000e+00
0.000000000000000000e+00
2.853028691471113931e-01
0.000000000000000000e+00
0.000000000000000000e+00
0.000000000000000000e+00
