9.999999999998674394e-01
4.080841445280727897e-01
4.709797339968796459e-01
3.324150261840312370e-01
4.412649236731641493e-03
9.999848488431914983e-01
9.904834634408397065e-01
2.260507058835245775e-01
3.393333088303850239e-04
9.998946207709679124e-01
3.522438373066623809e-07
9.801321118355208473e-01
9.994482955632010279e-01
5.932132189500651659e-02
9.993278469467147263e-01
9.068730765181717279e-01
2.007554904021729679e-07
5.259189160898787888e-05
9.999340211127470956e-01
9.927485679034805388e-01
9.450348179736792198e-04
9.999978248541380177e-01
8.238752096145293691e-02
9.431459349266353709e-02
2.160939894770918409e-05
1.600976408649012334e-02
9.993317740964411389e-01
3.357782002514481112e-01
9.997844479261396300e-01
4.068230159222587239e-01
3.080553013802946799e-07
6.317758182683243023e-04
4.891423206104159559e-03
9.999896111661241704e-01
1.564199790322922832e-04
9.998213917329925593e-01
5.323396493509986033e-02
9.925060678276580450e-01
6.827650138248989586e-01
1.542740326473682850e-03
9.777976110833206391e-01
9.928646770161626556e-01
1.347601477295638409e-06
4.551658505727255305e-04
2.830123381875590538e-01
1.806812451452315463e-02
9.999816640923873123e-01
3.812464034803059176e-01
9.931484340680347689e-01
2.966547602888654558e-02
