2.975266483982738563e+01
4.994466040837177712e-01
1.106329005476250682e+00
-2.693329041013556857e-01
-7.850142576333429822e-01
9.454370776862845105e+00
8.054199603507871785e+00
3.459516114921230567e-01
-8.384893501503718483e+00
9.382622228514092555e+00
-1.404989134402816120e+01
3.035715839954106210e-01
5.770327536606384200e+00
-8.114914865288884727e+00
3.447197609631044379e+00
6.174507790528407369e-01
-1.354913281086643906e+01
-1.190674929203221843e+01
1.086467752393218689e+01
4.465164626127021030e+00
-4.920848813043504855e+00
1.280162673177490618e+01
-1.350912374832716534e+00
3.578845881277352148e-01
-9.996728636227173226e+00
-2.190068013000781910e+00
1.114105944209853760e+01
3.322977929475078085e+00
1.140191003787688828e+01
-7.061192127622333281e-01
-1.638513294960190336e+01
-9.521380594453315638e+00
-3.428449748319203572e+00
1.044818926047957675e+01
-1.048400016543439683e+01
1.032230770606131109e+01
-4.770821914151953003e+00
3.063023586911930884e+00
-1.342818565222606786e+00
-8.139291344163160247e+00
2.729895866023213546e+00
3.748834707581604864e+00
-9.335247333689521199e+00
-8.969475414239745703e+00
-1.439757664886243127e+00
-6.798867804946066684e+00
9.074994362806634740e+00
4.969579320804073941e-01
2.961704176366342089e+00
9.434242093210996050e-01
