0.000000000000000000e+00
5.238663560540496533e+00
8.833950921907145926e+00
7.416506675795300207e-01
0.000000000000000000e+00
9.626752055127785201e-02
0.000000000000000000e+00
9.148294575058159239e+00
0.000000000000000000e+00
0.000000000000000000e+00
4.083339739272121571e-01
1.935246060781061761e+00
0.000000000000000000e+00
0.000000000000000000e+00
2.462218064204407142e+00
5.349409573357814196e+00
4.382463073361362760e+00
0.000000000000000000e+00
0.000000000000000000e+00
1.263296942729043693e+00
3.852953626935052611e+00
0.000000000000000000e+00
5.780289148146136924e+00
5.417874967565406763e+00
0.000000000000000000e+00
5.274341172491818774e-01
0.000000000000000000e+00
1.362967510215718825e+00
0.000000000000000000e+00
3.159714745403854774e+00
1.748745126035761377e+00
1.128006658187123090e+00
6.022319552782392726e+00
6.740044773885514040e+00
0.000000000000000000e+00
0.000000000000000000e+00
1.031852533630618574e+00
0.000000000000000000e+00
0.000000000000000000e+00
0.000000000000000000e+00
