2.946311066843068360e+01
3.740398781241929704e+00
3.880372297527823200e+00
8.213497757475164418e-01
-3.246350583744366247e+00
1.093233884276943080e+01
7.508313800845106911e+00
1.513738720054109255e+00
-7.431357683927171109e+00
9.179663644319019156e+00
-1.240829462885699819e+01
8.067281807303724461e-01
8.813731703584000599e+00
-1.087261891983333228e+01
5.769385297721780326e+00
-1.302370515017732933e+00
-1.683963608493675679e+01
-1.016611955909664466e+01
9.815841502694182097e+00
5.069890383853626226e+00
-4.592976807198296818e+00
1.050197487265976370e+01
-1.605654166410830364e+00
-1.343511028254538719e-01
-5.976203543808538576e+00
-1.378141525279189317e+00
8.134012426173869770e+00
-5.495741305777104291e-01
1.087801874986999806e+01
-1.943081438136744055e+00
-1.900141081138358246e+01
-1.058283792184403360e+01
-5.537669456358053743e+00
7.953303232218390306e+00
-1.104006296718604574e+01
7.356564664462295511e+00
-3.355910257167852961e+00
2.044056982234667696e+00
3.867641587826498029e-01
-7.174698387698238200e+00
7.122217134895872936e-01
2.637846536229204286e+00
-9.021676393582479747e+00
-1.173412461443651900e+01
-2.166983560624193839e+00
-6.723014088947124378e+00
8.514412001342606118e+00
4.888118372410200863e+00
8.804836516317775530e-01
-1.264216757659656576e+00
