9.999999999999804601e-01
1.419487317877671240e-01
8.445804082434257287e-01
3.051441653593948700e-01
5.508890041803476967e-01
9.999986678952369479e-01
9.982186248838237352e-01
2.023303373299421004e-01
2.453221620454013150e-04
9.997225204613257032e-01
9.518403391689396005e-07
1.334406700996957906e-01
9.176177221309095300e-01
2.523976635790407043e-05
9.988454206017218784e-01
6.340105857060696071e-01
1.517468940710061977e-08
5.499912067337954394e-07
9.997607278687894450e-01
9.713411968060315926e-01
1.527422997929980993e-02
9.998409238662738785e-01
6.058347050818193580e-01
1.348782586626768795e-02
4.885339438064309481e-03
8.330467461038498778e-01
9.998506062850049947e-01
4.830610069032307829e-01
9.998047416634447959e-01
8.681024465650603872e-03
1.473990641028447709e-08
4.987209147324289313e-03
6.660743128257926200e-03
9.999238616038242933e-01
1.436638141529678178e-04
9.849936635787114314e-01
6.635250890030432690e-03
9.668740558752016989e-01
2.337323783701423519e-01
2.096690318188345963e-04
9.604981916743866588e-01
8.928768903120338774e-01
3.521058919994916707e-03
6.047551985718449541e-04
4.908191175736614786e-02
4.470891788185097498e-02
9.998764554550469974e-01
9.952044902170332774e-01
8.206851461882934684e-01
9.728850798014839762e-01
