5.998608084369136506e+00
-1.483272753976609959e+00
-4.368487257936499191e+01
4.624892335435572477e+01
-4.721407935472288386e+01
-5.372576276306030962e+00
1.209021468206003647e+01
1.127270994666453952e+01
1.843476681358538727e+01
1.997020161931752114e+01
3.809413734703155363e-01
-1.654868266179902037e+01
1.179636452078467812e+01
-1.612724957892541156e+01
1.348218496237614339e+01
-3.823990554108897300e+01
4.709587163343204708e+00
6.468607319864357663e+00
-1.411780650254274150e+01
2.632742815800104275e-01
-3.528266849425713048e+01
2.211805726083249013e+01
-1.130469017682139388e+01
1.273980812891437608e+01
-3.391478494134538835e+00
7.800623072832906679e+00
3.222577324980959901e+01
-1.647852532512856172e+01
-2.965841716468183620e+01
3.721771031486579950e+00
