2.698468394209628229e+01
-2.884314438817647819e-02
3.518052512498891282e+00
-3.339181821000097194e+00
-6.603615869682800898e+00
1.073450253610657690e+01
4.729849419043258507e+00
2.802229202811377551e+00
-8.184638586952125650e+00
2.816521554626630675e+00
-1.364321151100580920e+01
1.847988734679467893e+00
4.762766607835164479e+00
-1.283731281758905496e+01
1.422585636124705566e+00
6.440761716013074789e-01
-1.064493984360819567e+01
-1.534751017435397991e+01
8.038663271169843583e-01
-1.597377003748871593e-01
-7.369778929264780842e+00
1.697813977443214384e+01
2.324111070791555544e+00
-2.499392532821389512e+00
-8.407800020640150862e+00
-2.300096140700940595e+00
1.867936650426105016e+00
2.528009153077841020e+00
6.263409553803807484e+00
-5.273793211269408587e-01
-1.289688186178038443e+01
-2.510493930843955113e+00
1.384130930675009363e+00
2.439342524959271064e+00
3.859306652568004203e+00
2.181173140045777892e-01
-5.761055934280895130e+00
5.695490284519859614e-01
-5.324779346561084203e+00
-7.729312177427805075e+00
5.007257622615054693e+00
4.785788895193580750e+00
-7.972341782812631727e+00
-9.296627798368650275e+00
-3.279998897133671765e+00
-5.227152229668119432e+00
9.346985500670978553e+00
8.956025901680368051e+00
4.456690108116490578e-01
1.727540901789044181e+00
