-9.999933781228281804e-01
-7.876134251057993474e-01
-9.980177814334415531e-01
-9.880149934749277163e-01
-9.999600659059633134e-01
-4.751699086079517742e-01
9.999706189945041235e-01
-8.978099798990080149e-01
1.754463264103812148e-01
9.999660933881638902e-01
-9.999863434940092777e-01
-8.417493074575305156e-01
2.411106538424948043e-01
-7.873800150534761011e-01
9.992039508246546298e-01
5.697720273736101015e-01
9.942065775063038124e-01
9.993863917494070215e-01
-9.575667091608147663e-01
-9.999993959145009326e-01
