9.999999500574126010e-01
2.360570837927548071e-01
7.825212110650603403e-01
3.670189692015125016e-01
2.416581573719702586e-02
9.838318797440516184e-01
9.955269375491928585e-01
9.197124116188446497e-01
4.816131586819640919e-04
9.999905972183237290e-01
7.733184501329391130e-04
6.518036202508700749e-02
9.999389763449351154e-01
6.215448405295304415e-04
9.620413679762908066e-01
3.171049273017758630e-01
5.389265889087580322e-04
3.893634422274357880e-05
9.968977202463843446e-01
5.236671410629544221e-01
2.064228068387703659e-05
9.944596069500757363e-01
6.041879534858878541e-03
8.820413151421417908e-01
9.329434969563027305e-05
2.086056147449636897e-03
9.993862282975570777e-01
1.164638189796757817e-01
9.997761791197876668e-01
3.038490262876198389e-01
2.010706200694914025e-09
1.361497574812737810e-01
3.379999125248946829e-02
9.756720956267079803e-01
1.131121991064154286e-01
9.390290987430229830e-01
2.041021315173172090e-02
9.941387845118997424e-01
6.646165378733727425e-02
3.165543022181799837e-01
4.440914962268179000e-02
2.363320429503161790e-01
1.157076831586738019e-01
5.909688073445829894e-04
5.418683109991603158e-02
2.188834649714060888e-04
9.999812451631483468e-01
9.841238202654235545e-01
5.428754186196206311e-01
9.999754190629788209e-01
