-5.921416838006818839e-01
8.108859446302471241e+00
4.964956776233039548e+00
2.082669561930470814e-01
-2.405136904340645643e+00
1.769586843327767278e+00
-1.612503894001092730e+00
6.632434474931487856e+00
-4.182617974132560867e+00
-3.748979824020396201e+00
2.844853694641059416e+00
1.011451967250627915e+00
6.325550027148801879e-01
-3.816868969223138119e+00
2.868452827439554653e+00
7.354090062913249959e-01
4.770414271758207647e+00
-1.871376463904870224e+00
1.147801261231444769e+00
3.715784871597327399e-01
-7.357471524612544389e-01
2.084279556026530145e+00
3.372956887685097271e+00
7.760176266617008878e+00
1.690491442688356605e-01
8.656752133322977993e-01
-1.210633602326035785e+00
9.023831700450043458e-01
-5.914339196239683183e+00
1.672427476939804425e+00
5.869898285346027755e+00
-7.241824717373219755e-01
6.166443120980266812e+00
4.815077949973002092e+00
-4.033598528211036260e+00
-5.750855032391545052e+00
4.291727683840573793e-01
2.063213603750857938e+00
-2.644116819042787725e+00
-2.658507252939680932e+00
