9.546195567357451672e-01
7.761976977281728274e-05
8.753541833268155064e-08
1.000000000000000000e+00
5.142210911553268808e-19
8.474388921415548781e-01
9.756403082995326326e-01
9.999732522705908622e-01
9.999999999999500400e-01
9.999999997075363911e-01
8.008543192239929833e-05
9.975420131491019582e-01
9.999999888700045192e-01
3.991615127887016671e-06
9.999999999999671374e-01
7.901428113070906952e-16
9.134656632201683113e-01
6.961116670827065533e-01
2.410051987799720353e-07
3.638803485837642493e-04
8.692776499562946264e-09
9.366421155371443819e-01
9.973213924948018949e-01
9.999999999969273468e-01
9.999999061969792047e-01
4.317420286525360806e-01
1.000000000000000000e+00
1.864187123663982072e-08
2.229408887860563970e-07
9.998788471932796851e-01
