9.999999999695960984e-01
5.433040946441350938e-01
8.516397983637578051e-01
9.805741327452249800e-01
6.206326702486393287e-01
9.986302634697100666e-01
9.913717122300997886e-01
2.203153900530850084e-01
8.140591088384857023e-05
9.854016448781329762e-01
1.964103313676576225e-05
1.229883223800694488e-02
9.955076451047970565e-01
2.917865366221608116e-04
9.992156052836969060e-01
6.351763862799624238e-01
8.671884283599277617e-05
1.406580669014600973e-07
9.958470670359852450e-01
8.492615464682689019e-01
4.851474596204670745e-04
9.020053042724628378e-01
8.807404958302209735e-03
4.423483963071728198e-02
2.166218987246163255e-02
2.625391326892726959e-02
9.997663056127520376e-01
1.298953686197171740e-02
9.991791447600550935e-01
5.315215900789952916e-03
4.454598271819318254e-09
3.633217492895773892e-02
4.575552184749214282e-04
9.997926913581396402e-01
4.525885022547925240e-01
9.999123750507162844e-01
1.891611800705539637e-01
8.566352606401924641e-01
6.149317226040738708e-03
6.256634745812616159e-03
9.982596740643443489e-01
9.337436136891807958e-01
1.900326880993237488e-02
5.209168447527098844e-02
6.497686572994057714e-04
6.099763832798568153e-01
9.622119166710080274e-01
9.398422829384330823e-01
6.521951192714973145e-01
9.999926797094068620e-01
