-9.997424501121146001e-01
-1.100805589253621569e-01
-9.972442323003353204e-01
-8.090831501228896716e-01
-9.665181353930987207e-01
-8.655205859504806476e-01
9.999555295218141016e-01
-9.990045074871295450e-01
-9.637639674720606120e-01
9.999740870323708952e-01
-9.996664691845851269e-01
-7.258763319428386263e-01
-4.918842006633244446e-01
-9.914402486422868588e-01
9.349153401025193100e-01
6.181406276670999844e-01
9.265992872533690417e-01
9.865687794179601733e-01
6.181221878490770344e-02
-9.999984768965137771e-01
