0.000000000000000000e+00
3.954420045138735240e+00
7.429386803011073681e+00
3.946451413409635123e+00
1.254170508068604528e+00
0.000000000000000000e+00
9.116840601587623549e-01
7.956098569330890768e+00
0.000000000000000000e+00
1.510040379451350834e+00
0.000000000000000000e+00
2.440080437802323310e+00
4.675198936397796656e-02
0.000000000000000000e+00
3.436048261451873920e+00
7.721843428114333108e+00
2.942590600442688942e+00
0.000000000000000000e+00
0.000000000000000000e+00
2.416658167451042782e+00
8.106887159820237443e-01
0.000000000000000000e+00
6.386011077311751549e+00
8.235625611431757420e+00
0.000000000000000000e+00
0.000000000000000000e+00
0.000000000000000000e+00
2.677185477527222357e+00
0.000000000000000000e+00
2.325906777975093931e+00
0.000000000000000000e+00
2.179742391770636001e+00
5.316676575556515516e+00
3.937575435129978096e+00
1.356957710134787387e+00
0.000000000000000000e+00
2.741513666597906962e+00
0.000000000000000000e+00
0.000000000000000000e+00
0.000000000000000000e+00
