9.999997964961576669e-01
6.937066894026511221e-01
9.914355139162436270e-01
2.964350581707779209e-01
7.632154878174882695e-01
9.945996709749174158e-01
9.999477586255346440e-01
9.989085979394374259e-01
3.913460133026754387e-06
9.993859861852617543e-01
2.836612910625236749e-03
1.146449909861251324e-04
9.999066786463564060e-01
2.629040147647642019e-05
8.000949211942964823e-01
6.206713870742586181e-02
4.949216777428209341e-02
8.063941112042166703e-05
9.908471499426091400e-01
6.500780352902056913e-01
2.318763467710068684e-05
9.974002342282280997e-01
3.776546993406430797e-02
8.503067632194039049e-01
3.364594696874913249e-02
4.921699562492866387e-02
9.993863962128871625e-01
6.756001590006868174e-01
9.563886071406192402e-01
7.967340772264815962e-01
1.512971051805859181e-06
3.090479630911571185e-01
2.114878650593295384e-01
9.085038653889607740e-01
9.895072296575326831e-01
9.197318852120761612e-01
6.382690048536041830e-04
9.693996195263885340e-01
1.311826433219102613e-03
4.366933920906459488e-01
2.521714524928069801e-01
2.107232560961905601e-02
5.848441442053719380e-02
4.956140779649569885e-04
8.196200622287519097e-03
2.465117518963935370e-02
9.966366672346274047e-01
9.994920028615363883e-01
9.988499871446732126e-01
9.999999821846826675e-01
