1.645267712034679164e+01
-2.684531878579176833e+01
-3.551354131225470923e+01
3.354206814629432643e+01
-5.112694977061623547e+01
-5.203455418467745730e+00
1.489512490157383340e+01
1.961507538882209900e+01
3.182545153432915086e+01
1.941813384214328053e+01
4.565139309093890319e+00
4.591166244602097102e+00
2.938635471026474022e+01
-8.348400512384596794e+00
9.426708606996328399e+00
-3.653138229282365756e+01
-1.037314574010474288e+01
1.115043259257533492e+01
-5.194958465885902932e+00
-1.454878618978418281e+01
-2.127962200824191186e+01
-1.198412998559196474e+00
2.436388312411098411e+01
1.618889594550311983e+01
2.111433516513654496e+01
-5.221271585874588617e+00
2.140754022106767707e+01
-1.126346853192382191e+01
-2.423887115647995216e+01
4.383745720384300881e+00
