2.456327572330807385e+01
7.628381273471509516e+00
-5.289905008695180433e-01
-3.593077861306686938e+00
5.376830403541481562e-01
3.356986706198269665e+00
-8.528919182004401911e-01
3.251522982142037055e+00
-6.774642577321312586e+00
6.453188870539896982e+00
-1.095663206802494827e+01
7.014065295063078409e+00
4.806140377829312804e+00
-6.714323093727557534e+00
4.334313630520943761e+00
2.183426867795011717e+00
-1.004659356110601642e+01
-1.718407690015839151e+01
1.060144128436734778e+00
-4.092411512634083870e+00
-8.878143009143137476e+00
1.152950142744242079e+01
-7.878968671207509100e-01
2.642755589804291372e+00
-9.419545369137795277e+00
-2.342478979293944885e+00
4.262213567363917655e+00
-1.026421877976280506e+01
4.262804948366653690e+00
-4.755032428038605374e+00
-3.093955878145463956e+01
-6.692553778235416750e+00
-1.302297173198965829e+01
6.321792290347223009e+00
-4.135203428980547713e+00
-5.810598152472796762e-01
-5.516661371983596851e+00
-3.141407673225655284e+00
7.207132537655558391e-01
-3.782381295783048269e+00
2.670031931889313981e+00
2.776042940069766374e+00
-3.702907600049111458e+00
1.041699680306368503e+00
-5.044546873469837323e+00
-3.274334726342825519e+00
8.114694111781517449e+00
5.852710803631415715e+00
5.090315030115995398e+00
4.823552110624095945e+00
