-4.519180747429713541e-01
-8.357809202816834926e-02
-4.925559471937267375e+01
4.514028992564752230e+01
-5.910477027062308508e+01
4.322941867578181885e+00
9.311860820341813394e+00
1.126101201853494160e+01
1.138606266477186857e+01
1.156403244937608754e+01
6.230883078126268515e+00
1.532830534680636347e+00
1.723005964036579485e+01
-1.814448377735216411e+01
1.360246437912731388e+01
-2.730035726396959106e+01
-9.108052780261264303e+00
9.604402982005861844e+00
-1.362054861279497686e+01
6.822217018642386499e+00
-2.546204609957497311e+01
2.395831691605219760e+01
5.793788429272718865e+00
4.988521231241839438e+00
1.895625665923132530e+00
-7.802227572513006137e+00
1.486666548406212662e+01
-1.110499490037316583e+01
-1.838623306223389875e+01
7.158586259822373954e+00
