2.797522374599645367e+00
-7.572866136703574114e+00
-3.958411431502540978e+01
4.023290250930844536e+01
-6.119167316248539379e+01
-1.842619801641709021e+00
1.272595640399215133e+00
9.632674725835540741e+00
2.922176536906793132e+01
1.265855975966358216e+01
8.368117883507894206e+00
-9.686942492898594992e+00
2.479675847411473200e+01
-2.712204924307676634e+01
1.367683796377103533e+01
-3.183802338645219265e+01
-5.125368860471036569e+00
9.073885606665404779e+00
-3.024876008148639883e+00
-1.571364541285586114e+01
-2.275062253207522645e+01
9.941378428851285420e+00
7.700286890661780514e-01
1.222809710306937081e+00
8.893546897217190050e+00
-1.245352342937788848e+00
2.077436238723938189e+01
-7.001583593934426197e-01
-2.212703350782657097e+01
-5.377757770295656492e+00
