-9.999994440352719671e-01
8.309910458830577218e-01
-9.828426217056329683e-01
5.273707619060739038e-01
-9.943747084011894666e-01
9.915312672091830537e-01
9.976873193179177646e-01
-9.862595600059802514e-01
-9.974479684558906767e-01
9.999667177640129134e-01
-9.999813726823544302e-01
-9.579486887862725952e-01
3.244815432378689857e-01
-9.999807846229185060e-01
9.921032669078476696e-01
-9.982113138294723687e-01
2.629543832594126718e-01
8.783996175556649799e-01
-9.998661652145514056e-01
-9.998375871715916574e-01
