-6.492586725276765947e+00
-5.410765831048611751e-01
-4.295664454646870745e+00
-1.328373256877743991e+00
-3.728661473628262613e+00
1.931464257346937829e+00
4.739030756974498715e+00
7.495101558378836071e-01
-5.346021836754142331e-01
6.994506877963720726e+00
-4.737291903923286362e+00
-4.300320990977213320e-02
2.722689028401861222e+00
-3.575396702960861539e+00
2.733866261553751453e+00
-3.080306311933219021e+00
3.744093867360359429e+00
4.638954059946090780e+00
-5.589250764139906735e+00
-3.466086531179559671e+00
