-9.999954118265950154e-01
-4.938024675015870724e-01
-9.996286506969400687e-01
-8.688511853773771554e-01
-9.988462673376539147e-01
9.588515958401497841e-01
9.998469874850063333e-01
6.348566273859544973e-01
-4.888911581085356728e-01
9.999983185724884427e-01
-9.998464544669997123e-01
-4.297672123464917060e-02
9.914046833192561303e-01
-9.984327458809595379e-01
9.915938966850488256e-01
-9.957869742249042533e-01
9.988813135046274994e-01
9.998130845909365405e-01
-9.999720576840925856e-01
-9.980501469804925474e-01
