1.021527901194173360e+01
-6.272025277596723569e+00
-4.409529955745463070e+01
4.080027789100991242e+01
-5.114475834055338765e+01
-4.318796151485642554e+00
-3.598584002629742429e+00
1.386453838374985992e+01
3.130195669830439797e+01
-2.784651474564854290e+00
6.030880330207846640e+00
-8.088893051352709307e+00
2.015843524127627973e+01
-2.274802932225254892e+01
1.953045032588734298e+00
-3.500873975660875459e+01
2.600588138445064423e+00
5.595304545440508370e+00
-4.237480059813368172e+00
-7.759158324841539667e+00
-2.890897422544295736e+01
4.644899469446669649e+00
1.022971430193613784e+01
9.288247544026424052e+00
1.598065239150855632e+01
1.253297304543503632e+00
3.727128773023549257e+01
-1.394768569466167385e+01
-3.232361911725782022e+01
8.759185906390788645e+00
