-3.166027897911844136e+00
4.321518968699627372e+00
6.762596319257521138e+00
2.602680966507866955e+00
5.051678320916659359e-01
-5.220308251441743153e-01
-2.792922306667719123e+00
1.015788839392056353e+01
-6.484629059739899226e+00
1.714021198869740692e-01
3.060728532540722302e+00
5.842543707430300159e+00
1.104322866567080563e+00
-6.072364015412871296e+00
-1.156265939002810050e+00
7.642321342684295971e+00
6.972656336461296789e+00
1.728586266572139096e-01
-3.000713897801199348e+00
2.360374530744089761e+00
5.886417353862527513e-01
-2.355333225761106597e+00
5.873295698429716438e+00
1.209567907902669148e+01
5.847348276497643660e-02
-1.310383230727810933e+00
-3.549345609719978256e-02
-1.716688798654921744e+00
-8.306230574976735781e+00
2.115247977604826524e+00
-1.489547085778339941e+00
1.264032282382955508e+00
2.042667072150950336e+00
3.663861086968348779e+00
-3.346066003979600856e-01
-1.513025533581813775e+01
7.154067005051348183e+00
-4.725288324053479982e+00
-6.328979846924381647e+00
-1.410684558441959169e+00
