-9.999999083206142503e-01
-7.060372904187688370e-01
-9.999934706179814947e-01
-9.760832860497168362e-01
-9.962302885877299952e-01
9.936685587870023317e-01
-4.186364950215388236e-01
-7.884548879274979605e-01
-9.905642708430753007e-01
9.994687686438469276e-01
-9.998362897815323835e-01
-9.256410359466650251e-01
8.481185350532126632e-01
-7.179750356115138787e-01
8.397779127167932511e-01
-9.992044864772832158e-01
4.453728568612967953e-01
9.991397287269886407e-01
-9.999005407956674807e-01
-9.999966363911146905e-01
