9.999849925582393606e-01
2.261103101412341585e-07
6.154573236312278347e-14
1.000000000000000000e+00
3.084446246341320612e-21
1.309049551889720220e-01
9.999696944915535957e-01
9.999999988373553528e-01
9.999999999875601731e-01
9.999996581094950932e-01
8.520579842304817353e-01
1.139107813919472932e-04
9.999999999999855671e-01
1.419861477554478391e-13
9.999985630197437692e-01
2.168036154659920017e-15
5.165842995747496093e-04
9.935826362730373340e-01
6.528879355203187260e-08
3.607332826196583248e-05
3.537658080419762905e-08
9.999996453939584695e-01
9.267890568607958235e-01
9.999999805381364348e-01
6.706689063950804774e-01
8.726880655071528325e-01
9.999999991385215559e-01
3.876162331211014317e-07
6.622914988076875523e-10
9.933664880048876933e-01
