0.000000000000000000e+00
5.998184102893511671e+00
8.283018068512276955e+00
6.624838833542047167e-01
2.629004147832124105e-01
3.454344441277620859e-01
0.000000000000000000e+00
1.078513019376620896e+01
0.000000000000000000e+00
7.769502022976805256e-01
3.986610281214715723e+00
1.755006291304950228e+00
0.000000000000000000e+00
0.000000000000000000e+00
1.586891719648527932e+00
5.067494021798292891e+00
5.395495836348150220e+00
0.000000000000000000e+00
0.000000000000000000e+00
3.985887640271855714e-01
3.396386627697649985e+00
0.000000000000000000e+00
6.409920810615739484e+00
5.010602537447073068e+00
0.000000000000000000e+00
2.515894125390555125e+00
0.000000000000000000e+00
3.051221205663056324e+00
0.000000000000000000e+00
0.000000000000000000e+00
6.668237887250183515e-01
6.292585698891186574e-01
2.262861330231983992e+00
2.782252148501650257e+00
0.000000000000000000e+00
0.000000000000000000e+00
9.385118803174615776e-01
0.000000000000000000e+00
0.000000000000000000e+00
0.000000000000000000e+00
