5.299036153284947481e+00
-2.233696064722776597e+01
-2.228165395463311427e+01
4.871418940203876247e+01
-5.075047034065482165e+01
2.797464007698116095e-01
2.069032730063649694e+01
2.434675983147196732e+01
2.975988774559301575e+01
1.712244540543865412e+01
6.493012877653846715e+00
-1.133361481568448070e+01
2.617307971676306977e+01
-2.797409005478164090e+01
7.262198281518965182e+00
-4.624407877044407655e+01
-2.227122983598333761e+01
6.854985790889386976e+00
-2.150130711307911469e+01
-2.349316706071354588e+01
-2.119428991458649847e+01
1.636043241333410947e+01
1.205162529550452355e+01
1.395571789474008106e+01
1.568370939861359226e+01
-4.087072655574216284e+00
2.301560715705154436e+01
-1.409419741012673022e+01
-3.032656877231463710e+01
9.727378561741076846e-01
