2.507369589029854851e+01
5.156287141881278124e+00
1.797875609210511261e+00
-2.790342906441744208e+00
-6.388454014452404905e+00
7.125308998109908920e+00
2.514601260786704096e+00
1.618535478530647609e+00
-6.884572034991162326e+00
6.234076019436322724e+00
-1.675167290129731157e+01
5.020699051755292075e+00
7.644109833250398722e+00
-1.368412841342690989e+01
3.508194269291894152e+00
4.737264415030752573e+00
-1.044446506428072219e+01
-1.319583906601950751e+01
2.606337564591812317e+00
-1.200316458413548393e+00
-1.003782543541223760e+01
1.522336500617354105e+01
1.896951249971128739e+00
4.913850930093066616e+00
-1.014188022804142975e+01
3.964181068931746488e+00
-4.978166449903536073e-01
-8.716080765293352517e-01
5.093962386917471719e+00
-5.974481336001961296e+00
-2.502313947335312605e+01
-9.230926799364342017e+00
-6.374758624345074232e+00
2.399402657986143605e+00
-9.793767952647732145e+00
1.797932936752686395e-01
-2.436039501719708067e+00
-6.113124440195956133e+00
-2.363736381207799830e+00
-9.505619529624706132e+00
4.955872605459346936e+00
5.973406404420287252e+00
-6.374494315086768559e+00
-9.882699262191019240e-01
-3.630966458020028931e+00
-6.405331158503415168e+00
1.063475719880669956e+01
7.022129953059979002e+00
2.587335478783448828e+00
-1.940877726407324477e+00
