-5.019405557905650461e+00
1.440976664154223208e-01
-5.381391280818665912e+00
-2.054936116252335410e+00
-2.239604162645110197e+00
-7.682848978226476389e-01
4.893292486484078552e+00
6.659013636534515390e-01
-3.203255763420108426e+00
2.839858010662176024e+00
-7.561010854925131142e+00
-2.420002308711391770e+00
-1.566840786349598558e+00
1.289075289230759758e+00
2.619605901685388538e+00
-1.604787498916352140e-01
2.366032702261543275e+00
3.472178205522209904e+00
-2.837695498356807011e+00
-9.942956273212402607e+00
