-9.998793094377491641e-01
-1.292558856638718889e-01
-9.999856745480564246e-01
-9.944676577766524694e-01
-9.755986458775822712e-01
6.018886001939289382e-02
9.438620981931973297e-01
-9.668691252791865587e-01
-9.947080327679052036e-01
9.992187146363320505e-01
-9.991568773449344132e-01
5.437971971368714685e-01
1.487637747971799485e-01
-5.815101754544201029e-02
8.812261193659965963e-01
-6.294688853412788720e-01
7.476182531737153303e-01
9.990175691853220297e-01
-9.938202113900087564e-01
-9.999999686777202301e-01
