9.999999986229011206e-01
4.101005306340410606e-01
9.234682185997277193e-01
1.159840441814795897e-01
3.585742723277962618e-01
9.994875762461048474e-01
9.804292528985796285e-01
7.065781737791890782e-01
1.332672614788724455e-04
9.999948365540243245e-01
2.961143386987678485e-05
6.255528769528986843e-02
9.991780405521880626e-01
4.496730234722306485e-01
9.630854556921508713e-01
9.868129088333247312e-01
5.955945285240144708e-06
4.629319119652430987e-04
9.999639548680346879e-01
9.266969187545074371e-01
6.038103833699552279e-04
9.007238013714593539e-01
1.064939348977044786e-01
7.413054966503461463e-02
2.520432355174443589e-05
1.634133440696025098e-04
9.998917360317824965e-01
5.438574286672368530e-01
9.999843342212967334e-01
2.248553214713158374e-02
2.434791753466530235e-08
1.202437374035978702e-02
1.842371529611124686e-02
9.978420052768338655e-01
1.038725115548942810e-04
9.667697539504049864e-01
5.464135820275624333e-02
9.981198457494854237e-01
4.425553647747104136e-01
1.557498060176604887e-02
1.380114656262022010e-01
8.362623310606530636e-01
3.404418559356653780e-05
1.753861707524141114e-04
5.906373269441192800e-03
8.605892017734468810e-03
9.999034923178894418e-01
2.198122593978708572e-01
9.663816767494087800e-01
9.014044070695064192e-01
