9.999442189017340166e-01
1.362128548256842366e-10
7.946755234902087284e-18
1.000000000000000000e+00
1.622752794819091644e-20
8.996858905482025826e-01
9.988474477686162256e-01
9.999999930018859118e-01
9.999999999997326583e-01
9.999998455165742817e-01
7.035079661432457332e-01
4.071309055816099850e-04
9.999999757155687563e-01
4.055013961296846140e-11
6.404011748528021242e-01
1.316562232195012995e-15
2.751387035317337526e-01
9.997889149223111449e-01
1.009941214463293442e-02
2.391769520580582786e-01
3.613391900016224131e-14
7.979167450181090526e-01
9.967815121908628617e-01
9.998932716685251521e-01
9.999550765501495908e-01
9.991199540740471896e-01
9.999999911171030265e-01
1.570838304521998078e-03
1.135547868501262721e-14
9.336881083847914375e-01
