9.997690433357524498e-01
2.667343235184849726e-01
0.000000000000000000e+00
1.000000000000000000e+00
0.000000000000000000e+00
1.620918851088377355e-01
9.523705844580389046e-01
9.999999990830192864e-01
9.999999998605313412e-01
9.999997734439658448e-01
9.906878038317318280e-01
7.098674809341240667e-06
9.999989077181921093e-01
2.630679443157353615e-09
9.999999514382659216e-01
5.720422489492366387e-18
9.970643113008107461e-01
9.999743790233733831e-01
4.262570262046753468e-03
8.417370348256634216e-01
6.776377650964848977e-17
9.999999675731315874e-01
4.736277541724361008e-06
9.999065923832727298e-01
9.747999977973562102e-02
9.934696436082880444e-01
9.999999999478099699e-01
4.113746528649242607e-06
4.928936517312533537e-11
9.825569888714652533e-01
