1.889782175202823566e+01
2.660110088602056777e-01
-6.429723119635247031e+01
5.245044442879807889e+01
-6.104772105198784971e+01
-3.174918085475151752e+00
3.673238146518386316e+00
2.658720884028067744e+01
1.519770643423884060e+01
1.413546359092576488e+01
-5.541929439941601032e+00
-1.406741246208694207e+01
4.230067593619131650e+00
-1.470590256469717438e+01
2.089004138271991806e+01
-4.291339923559439029e+01
6.611799803732756331e+00
8.689084987044211061e+00
-4.251946746935192145e+00
-4.353177541111262094e+00
-3.822823001250171870e+01
2.209910525773770829e+01
-1.476550652562500332e+01
9.718649886017862727e+00
-6.809370141905863427e+00
5.111665829322882715e+00
2.827501492831872554e+01
-2.109082873228641475e+01
-2.132358055647971895e+01
4.082929337155229099e+00
