-7.245098215293206412e-01
9.429269180491923308e+00
8.621728240304891600e+00
2.562139502781360711e+00
5.720202050606699729e-01
1.780290486796661797e+00
-3.840258781870432792e+00
1.013406635196152017e+01
-5.153240015097660276e+00
3.367572020155390478e-01
5.807803911452595891e+00
4.534682429011541061e+00
-9.983712746153462492e-01
-4.882916931697252494e+00
1.455760519372274464e-01
6.057505364188956243e+00
1.020517319268633294e+01
-1.390632900435215147e+00
-5.177974599667113154e+00
2.780273412844926906e-01
-3.936607141336632143e+00
-1.581494643954251877e+00
1.758099202321843357e-01
7.891561869575463462e+00
-5.592545352456144592e+00
-1.039182162045771074e+00
-3.479798605951833324e+00
-6.568037360713075978e-01
-9.418090192159008112e+00
3.332912734984100123e+00
1.989321165546604764e+00
6.288469438270831713e-01
-1.671811912494327590e-01
3.675315543712918576e+00
-2.105482583439261202e+00
-1.312674959706549416e+01
4.568100659826882293e+00
-5.560046839206471248e+00
-4.775695394590350418e+00
5.431499364781414707e-01
