1.854018811313619564e+00
7.880376048954674140e+00
8.179123050258120031e+00
0.000000000000000000e+00
0.000000000000000000e+00
1.431071478882298242e+00
0.000000000000000000e+00
7.585839126391419107e+00
0.000000000000000000e+00
0.000000000000000000e+00
9.492376548660895752e-01
1.871140258587743244e+00
8.719173604522787446e-01
0.000000000000000000e+00
4.610133838007917539e+00
3.898201397075454544e+00
5.470480549746453924e+00
0.000000000000000000e+00
1.196480111511316391e+00
0.000000000000000000e+00
2.638218956815489236e+00
2.106306600099083770e+00
4.099342102623740658e+00
3.304377448526030214e+00
5.833749203903244585e-01
3.992994990370622777e+00
7.977420799765879700e-01
2.536460620285906575e+00
0.000000000000000000e+00
3.279291092766045690e+00
1.360502045850126684e+00
0.000000000000000000e+00
4.824611424655267378e+00
4.638440397091079248e+00
0.000000000000000000e+00
0.000000000000000000e+00
0.000000000000000000e+00
0.000000000000000000e+00
0.000000000000000000e+00
0.000000000000000000e+00
