-9.998715393043170474e-01
1.886346831881887676e-01
-9.979691042203172602e-01
-9.532656976849892549e-01
-9.998179128318060993e-01
-5.032686458520261308e-01
9.999853454098679428e-01
-8.093677068112348216e-01
-5.845424006228754354e-01
9.999883158112348180e-01
-9.999950580792310584e-01
-2.542174583898472173e-01
2.372340638347848474e-01
-5.167834503655698297e-01
9.998445883219804209e-01
-3.394319184400454992e-01
9.991808078165460572e-01
9.976650938636787425e-01
-9.102813942639805811e-01
-9.999997727816558601e-01
