-8.305124108189012588e+00
-8.037716933633420879e-01
-1.659674020336235900e+00
3.156044228497443815e-01
-4.713193854366687141e+00
2.002088044743756790e+00
4.831660170133730503e+00
8.819131465576444118e-01
-9.977226277267075005e-01
5.383782012360008196e+00
-6.726618515891191308e+00
-3.811321086321336260e+00
6.469015927824997014e-01
-2.037601462263602503e+00
5.164240078929280386e+00
-5.629353620688699600e-01
3.022748014115699711e+00
2.801896837257322748e+00
-6.300893419392909145e+00
-5.290456756679787098e+00
