-1.963935216365654490e+00
1.947473907426576778e+00
4.901560048215298337e+00
5.602801224254222667e+00
1.969266093196507139e+00
-3.691035680211224301e-01
-4.448380373421635947e-01
6.082841508993497293e+00
-1.960944729086019800e+00
-1.108179030923917452e+00
-2.778407762841584194e+00
1.894075670594761895e+00
2.773318253705153946e+00
-9.243488156595923044e+00
5.306947542681129448e+00
1.064877013414594131e+01
4.917041205973908369e+00
-1.316919582167471958e+00
8.048926344176182690e-01
1.218855382966274936e+00
-1.473810922121583378e-01
-8.279202630251965012e-01
6.337078246413774707e+00
6.624174721145193345e+00
-3.883765401961232655e+00
4.396734304007279270e+00
-8.496686847704912893e-01
4.455045936389611327e+00
-3.550038944406812114e+00
3.048537039392341885e+00
3.865035142625790066e+00
3.947553404231825436e+00
4.998899503731808913e+00
1.718570003798717494e+00
-5.115866938090875005e-01
-1.191747912329488557e+01
3.756232349652460556e+00
-3.081739118302868174e+00
-2.427815481977735779e+00
-2.642139965924240386e+00
