9.999943064420293570e-01
8.609072083950862486e-02
9.755338937377456832e-01
3.824931202767344052e-02
2.871557840359734715e-01
3.243663792496173648e-01
9.588208751759242920e-01
9.916720117253214895e-01
3.025038750383347332e-04
9.999999665385892467e-01
5.636175752600175670e-05
5.299473205174519697e-01
9.998517943953226794e-01
8.741140447142946579e-01
7.312649838537942371e-01
9.989044525818892017e-01
1.086758639582108624e-02
5.906323428738714520e-01
8.057706371558930325e-01
2.621046472984802614e-04
2.241994680777306613e-05
9.991711135530135790e-01
2.471981366354349119e-01
1.415428011043210095e-02
2.643204209727706769e-02
1.213331612770163354e-01
7.553849690226210889e-01
7.806567668065182986e-01
9.980917493864909229e-01
3.949840013929822868e-01
1.670053777942314246e-07
7.702016988449744694e-02
9.308142925419778946e-01
9.995809128088646300e-01
7.886950164338132341e-01
1.494336838892906527e-01
5.609786069075919229e-02
9.998171426540738427e-01
1.423108793871548546e-03
1.497518841474869064e-02
1.975642291414790060e-05
1.467897933362620755e-01
1.265191909533653291e-04
5.922978422678143971e-04
3.386363217596602415e-01
1.832434729626436661e-04
9.996389243130785474e-01
8.927634330488231074e-01
9.818810460814880736e-01
9.999827059900178172e-01
