-9.999997623618210874e-01
-7.239570882589946299e-01
-9.980985845396873613e-01
2.727882765043722069e-01
-9.996250677903475435e-01
9.992952873243878820e-01
-3.508026163664807462e-01
-9.974177688963212773e-01
-9.723500787970120740e-01
9.978622153562051178e-01
-9.999358392304594778e-01
-9.847519102027864069e-01
8.283964490394102320e-01
-9.968716001401953797e-01
9.258449515486752990e-01
-9.968885887697184200e-01
-8.353093918438057042e-01
9.774452212522564132e-01
-9.999903182717412298e-01
-9.999875753340998763e-01
