-1.706862322057694392e+00
2.161914327327801644e+00
7.420278798755444605e+00
-1.019493070030909720e+00
3.976297512611874918e+00
2.631775953690015157e+00
9.003695984038262434e-01
8.233726585031064360e+00
-9.926692534273124480e+00
-1.489433735273903769e+00
3.986659954824294250e+00
4.579285956116734724e+00
-1.249393271749283940e+00
-6.397243096315662569e+00
3.781625617291847208e-01
4.002652349357622263e+00
4.744628626245913416e+00
-1.989142543946701980e-01
7.849565743145127117e-01
-1.305443352555656800e+00
5.227888426559575308e+00
9.936519628522797465e-01
6.876717484603341646e+00
6.684430534431983872e+00
-1.302724194687665538e+00
5.357264068905131182e+00
-1.891065078823566559e+00
3.133037465981514558e+00
-4.878706916157272921e+00
2.519303184715626198e+00
-3.904454776209545841e+00
1.210015592936505957e+00
5.817680562584526704e+00
3.866656374185272860e+00
-4.242242354785470404e+00
-1.204187322902637192e+01
-1.003508360310659597e+00
-6.726223801526016288e+00
-4.677176460466878183e+00
-5.420520700982670803e+00
