-2.664228408868419606e+00
6.942460541975004062e-01
-7.039315891448899798e+00
-5.460112082060484262e-01
-3.928309944203695281e+00
-5.284958312709242545e-02
2.101616394197647786e+00
-8.671136071569751635e-01
-5.106805033752597645e+00
5.648282311621635188e+00
-6.021856490127705186e+00
-4.081754588414252538e+00
-1.615310264729415302e+00
6.418439944194503921e-01
1.007188870642756751e+00
-4.440678472114581332e+00
1.847270132620171923e+00
2.339881671336133007e+00
-2.644755653054368327e+00
-6.152190373061611872e+00
