-1.925848856535749276e-01
-6.462181434967678939e+00
-2.280681892992356552e+01
3.651938392608216333e+01
-4.692727526133824512e+01
1.426907026514479249e+01
1.033641191065931508e+01
5.716638451751222538e-01
1.107217262266690661e+01
9.663123033564838593e+00
-6.011081222237937283e+00
6.396480249337425761e+00
1.493179832861081735e+01
-6.130701184782518354e+00
5.635899964025665732e+00
-3.070006399563118293e+01
-4.749832013203342029e+00
1.103336879632266943e+01
-3.624539604965130835e+00
7.906226197295475266e+00
-2.514045876924856060e+01
1.396549035378943060e+01
2.822828056955432530e+01
1.521157596635492126e+01
2.555441338136157015e+01
-7.304319751412267081e+00
2.866615922958260754e+01
-5.981250439050516121e+00
-2.314435468402646023e+01
1.444790340123920558e+01
