8.095503400227618940e+00
9.646400240294854544e-01
-2.460692330206252887e+00
-1.505139453039298836e+01
-5.533735730958586174e+00
1.849008152146352657e+01
1.153493585127363552e+00
-6.326146293060565640e+00
-4.282684137007509717e-01
5.215577515241080597e+00
-8.090257285766773165e+00
-4.119946778259556908e+00
9.193234966761862026e+00
3.819123343435269380e+00
9.837457877462259859e+00
-2.781526829258447187e-01
-1.303393696499185772e+01
5.629852592736705574e+00
1.205079449919422530e+01
1.323477781964138345e+01
5.952034762733748430e+00
4.261082094565410650e+00
5.101640385157145019e+00
-1.022898251475651854e+01
-4.598021188531623338e+00
4.674090540082199041e+00
1.920529841160811824e-01
6.450714382283570636e+00
5.609971155089239936e+00
5.175652912566443220e+00
1.039010751837567348e+01
-1.445150662348511617e+01
1.121414494521631866e+01
2.915342979835560122e+00
-9.060941198811397257e+00
1.084119471748443075e+01
-9.567718932027005074e-01
8.386305453369141460e+00
2.205120925405284815e+00
-9.587410109482419784e+00
3.689356621967103678e+00
7.660183019481225486e+00
-8.097306666709597422e+00
-4.425344591256226146e+00
-9.882399160880112277e+00
1.272616078302815623e+01
-3.039526156565012016e+00
-4.873738273319148107e+00
3.682919867594064645e+00
1.618035296344144669e+00
