2.452957096264239301e+00
-1.403941736337351998e+01
-1.900391933758614371e+01
4.036572243136809846e+01
-4.244436743025438830e+01
2.729060231664789615e+00
2.205370616721533494e+01
1.694893671288738801e+01
2.240151206303650966e+01
1.502222727288886261e+01
-9.745210403863973525e+00
-1.714263429299557018e+01
7.943768118674577217e+00
-2.557458803814504122e+01
-1.088111912961161565e+01
-4.044738969925268179e+01
2.074417143091410232e+00
1.099169382061165656e+00
6.237262447530618203e+00
-4.814622984593394328e+00
-4.721733228684427530e+01
7.038284228051484570e-01
-3.448729762450147618e+00
-1.757447804858272455e+00
8.478190238160387082e+00
1.657344085065458472e+01
1.733632975304312485e+00
1.046601258564519243e+00
-2.449765359852595026e+01
7.569688827170474310e-01
