-4.839032754458789221e+00
-3.644203024513559264e-01
-1.297997815054252824e+00
-1.414999427143589061e+00
1.394144448875936915e-01
1.750675339471249314e+00
4.119173827817154354e+00
-1.557792682497599168e+00
-3.988518553773629627e+00
7.863721944703067734e+00
-6.435115395063916388e+00
-3.465142838868234598e+00
-1.283113688009431264e-01
-3.236961172001096454e+00
1.521083192490515934e+00
-5.199960207565964332e+00
1.143777346112145432e+00
-1.198899057760615394e-01
-3.468510218633220621e+00
-3.152681500695747374e+00
