4.415395612480089160e-01
3.979167119506900828e-04
5.010379268100998429e-01
9.914037994225106676e-01
7.086091146538713303e-01
9.999153638891226104e-01
5.283090925305905516e-03
4.030427843389936503e-03
9.220213478192587075e-01
1.248353474971958671e-01
4.909845623185403463e-02
5.671450522114844794e-01
9.691391059355753540e-03
9.998973271007843833e-01
9.554786711706143576e-01
1.513929766203491291e-04
1.056475617264615829e-04
9.810184142352128545e-01
9.979498883758769479e-01
9.999911025596601721e-01
9.999931098062162516e-01
9.004676324594178549e-01
9.988649788041301658e-01
1.621692334372318506e-05
9.868184985437230550e-01
9.992426980313856566e-01
2.834429709642133366e-02
9.999923668059895743e-01
5.365293250804459291e-02
9.914433354171362511e-01
9.999999996982933403e-01
1.445336087742177950e-02
9.825913866437360200e-01
2.727783939692106085e-01
1.801761461973279040e-07
9.790940637534163438e-01
9.621539544319042125e-01
9.713872998422696803e-01
9.915498811539225077e-01
4.127101357555444661e-03
9.733130378119891901e-01
9.788835821253933922e-01
3.421210977931180024e-06
6.879581458422381716e-03
4.308689608665923765e-01
9.956832292111802429e-01
9.082291486344011566e-02
2.686478316483442152e-01
9.955309161145150521e-01
2.506306373657418414e-08
