1.220062797750963608e-02
6.445052219701146008e-09
2.477704514372535478e-13
1.000000000000000000e+00
2.316241596389277556e-19
9.949468391316124150e-01
9.999999999996818101e-01
9.999999894481560458e-01
9.999999999847548615e-01
9.999999999992996713e-01
8.702025088200054936e-01
2.367585674711771843e-11
5.615572469304788011e-02
5.947875169734143227e-06
8.104853671377198462e-06
4.664006469559224782e-20
9.991562592963865175e-01
4.805226658708527075e-03
5.466959957906149768e-03
1.472923676408694482e-01
2.642289018700125262e-20
5.061078407425841780e-02
9.998778568176320825e-01
4.170165856761793438e-02
9.999999911279379150e-01
9.064664802676648536e-01
9.391707820395732709e-01
2.033865300808297965e-04
3.706211989213882008e-14
9.986982081056583471e-01
