8.690356798126790405e-01
5.701617782573052337e-03
1.169616697469561678e-01
9.505371743274956264e-01
8.925921464419851459e-01
9.999958657229512937e-01
6.105372623472643534e-01
1.143505668652445711e-01
8.787094683041983822e-01
1.851676913988432524e-02
4.592770912503851277e-01
2.468909551194511387e-01
1.160042286859726095e-03
9.973307836370345347e-01
9.887902658893127361e-01
5.854831362888227725e-03
8.273900158725755460e-03
9.995845756879951916e-01
9.940709126551775521e-01
9.999956464044509330e-01
9.999584686269581413e-01
1.046421761189638699e-01
9.997818782212728461e-01
1.327747346287690578e-04
9.999641731497599384e-01
9.999677747166435537e-01
1.571184755898633739e-02
9.996308183603860309e-01
8.636480452708927835e-03
9.934746992566672041e-01
9.999999999970201614e-01
6.087929115330578157e-03
9.939210906339441820e-01
1.307849919985862031e-01
2.207833940707655942e-06
9.990419437379117751e-01
8.636117449492852760e-01
1.008391283710862729e-01
9.520455283101788568e-01
4.102513126152815964e-02
9.610169897680344020e-01
7.265623158074757670e-01
2.259928831465949175e-04
3.393513202499618547e-02
9.812461928701173841e-01
9.999625429506301399e-01
4.879490012551250186e-04
3.180278161032446538e-01
9.982900040872247915e-01
1.096494933884997202e-05
