-2.384390969717026465e+00
5.002648381279448664e-01
-9.437137407423767943e-01
-8.525581132887798397e-01
-8.987377079250739031e-01
-2.037790001530907169e+00
6.261724271604350633e+00
-2.940365191010789303e+00
-3.422034061392923654e+00
6.591859911704318620e+00
-5.454008397093099703e+00
1.876128852575018380e+00
-2.492019088139517113e-01
-3.886843596439234272e+00
9.163486422653452923e-01
6.131597758330143977e-01
3.423376232494673044e+00
1.292566978746922501e+00
2.712932087247973190e+00
-6.409540433110606727e+00
