4.876609084386386961e+00
-1.831677223008508770e+00
5.687139614189770320e+00
7.608911190876690434e+00
6.638479951648161403e+00
5.815307699697316757e+00
-1.931249833784695058e+00
6.317020898647557559e+00
6.763195677331506062e+00
-4.998167904082570168e+00
3.243025877476923835e+00
-3.620952584315487943e+00
1.781158732977066728e-01
-3.324958285369919331e+00
-5.974016613434137923e+00
9.959755781568963684e+00
-5.756833244510036529e+00
-3.558187609667994522e+00
-4.853241486785177194e+00
7.207439214077904222e-01
1.523699512364460329e+00
4.234383435651340122e+00
6.690864888900009078e+00
-2.965706585706760379e+00
-2.277438221867015500e+00
-1.275075304040798052e-01
-3.830473559616261348e+00
-1.106059293112418462e+00
-1.156472776375649936e+00
6.745418043069231206e-01
1.879245296799505915e+00
5.104135550604029348e+00
2.918274914970000466e+00
5.641631561934309147e+00
2.257865104762662778e+00
-5.207192733793078787e+00
2.724044270560075809e+00
1.568595494474174235e+00
-6.504571469507241410e+00
-3.516722840522307436e+00
