-1.336948916379095564e+01
-1.306523490351555949e+01
-3.703541818242518158e+00
3.945050114610053527e+01
-3.099258658544225753e+01
-8.010182063246626072e+00
3.568457629810250609e+01
1.194743061972939735e+01
3.257493810227635578e+01
2.698678463964373719e+01
3.027524548474710198e+00
-2.439157157047190339e+01
-2.544574050489164563e+01
1.416661848952552027e+01
-1.124826553535730511e+01
-4.556987574926055373e+01
1.642630827653225367e+01
-1.226187986628011828e+01
-4.570415422211556056e+00
-2.901013247181585264e+00
-4.254504637738514816e+01
-1.200118101699226436e+01
1.478068174672913671e+01
-7.388253893008733808e-03
3.867401327410967582e+01
8.799514934957924694e+00
1.185409391675213975e+01
-9.455566432882955397e+00
-4.213958884588674181e+01
5.182271866046792574e+00
