3.979034640137085965e+00
-3.795047993538734898e-01
9.006806468591883608e-01
1.177541204478507630e+01
6.216635012961082118e+00
3.104788528508130252e+00
-2.971068578485176914e+00
1.559572019885822503e+00
1.651260391170552566e+00
-6.326499421604700579e+00
2.373287250949856375e+00
-5.201183908323638860e+00
-4.386044940499941980e+00
-3.448267480945927943e+00
-5.797332908910288296e+00
6.902237481917457451e+00
-7.610553301801106230e+00
-4.035793808691547468e+00
-8.336479786072514386e+00
2.491097387803996810e+00
-3.218868214492511814e+00
5.881384966941096692e+00
3.017079244009442718e+00
-8.250016458776099348e-01
-3.978191516322479249e+00
6.297609090438829327e-01
-3.625461991165135345e+00
5.580855355635847004e-02
-3.909173595188430994e-01
1.581171775870952922e+00
2.623164805396596577e+00
4.693888923553691583e+00
5.572215700862670040e+00
4.961969366210461807e+00
4.453230058636964417e-01
-4.388740063143989900e-01
1.979815719347784775e+00
1.061269741855842774e+00
-8.215313169036095431e+00
-3.318950337382935878e+00
