2.125390178164382585e-05
6.516659255760697293e-04
3.868833970813458090e-02
9.993379814961507179e-01
1.409119734300632032e-01
2.060001336277005740e-02
5.963831198022915281e-01
5.319672165609445891e-02
9.981742666706681089e-01
1.530819431536015889e-07
9.907703425826107635e-01
2.591666704044411594e-03
2.475331124615063650e-05
9.904103549640317361e-01
1.239275307612685145e-01
2.460927869707201787e-01
9.996826356654164858e-01
9.999969679991900229e-01
6.291795401535490604e-04
9.944860948554217206e-01
9.272338455072494101e-01
1.151748519639922900e-05
9.398521624494183824e-01
1.192608556867966602e-01
9.999950556821364245e-01
2.873791421985057853e-02
5.590735637320680060e-03
7.598302808942739572e-01
3.222437453063743684e-02
9.996220927731229722e-01
9.999999997059649814e-01
9.989459917320983040e-01
9.826992914290823000e-01
2.941335809854078165e-01
9.978882185016811901e-01
3.412478885257771988e-01
6.371005095148830621e-01
9.621235680785049371e-02
1.830895983221603462e-01
5.941245806251508471e-02
9.978294989602423115e-01
8.786941856144625683e-06
9.468578772923511577e-01
1.045489894333801947e-02
6.378197269174514794e-01
9.999469870720069098e-01
1.439601273476473226e-03
6.852781031053935268e-02
1.128730429839595364e-05
2.927064731301017297e-01
