3.660676591120042695e-11
9.999903277822279613e-01
9.900788285101523867e-01
9.999999999999540368e-01
1.022995811811229986e-15
7.289189877385824524e-10
1.000000000000000000e+00
6.132099591836094321e-01
9.999999999998190336e-01
9.999716786301774407e-01
9.998569125215807096e-01
5.482692705570887850e-15
2.856296655137230411e-04
7.029731526992209767e-02
8.107708116824372175e-07
1.932037659084319805e-18
9.999706697585959425e-01
2.103432515583786807e-07
9.583337982038605540e-01
3.748778762134653136e-02
1.063167061535837919e-19
8.960702461551295267e-08
9.999989628567250710e-01
2.298065007935247255e-03
1.000000000000000000e+00
9.999999998838422499e-01
9.999999967128754275e-01
1.894156274608738881e-03
4.323864342912478745e-14
9.825457900360465846e-01
