-2.234327351818158647e+01
3.418085488822935503e+00
2.909482447834199181e+00
-6.696542592705753139e-01
-1.577805293016182109e+00
-3.190494030591454866e+00
3.188016529452179171e+00
-2.192083608643557557e+00
4.626068064409448510e+00
-1.464988951962726382e+01
1.383797013584957902e+01
-7.090689916809107984e+00
-4.801302509256629492e+00
4.615394582556841208e+00
-3.057264072713394842e+00
-5.495462279835212627e+00
1.624987352811517738e+01
1.279876204858251576e+01
-9.694330943231507902e+00
-2.612556869702780116e+00
4.109366048698953833e+00
-1.387787994414104098e+01
-9.791857376045894901e-01
-1.926661045905099012e+00
1.135069567475234642e+01
4.261749193978274786e-01
-6.095036233279826909e+00
-2.772826923285967915e+00
-5.922815131793059962e+00
1.201999361958635859e+01
1.787425202785941991e+01
8.438226349197442744e+00
-4.983258231009307648e-01
-9.037095574668128961e+00
1.320591894460951998e+01
-6.073487948453067276e+00
-1.524718026571100671e+00
-8.008966137603238167e+00
-2.865280989570876624e+00
4.776048479683716153e+00
1.324136228014498595e+00
-7.059537005813202093e+00
1.337735533723401815e+01
3.863194034190961190e+00
-7.880501746929485796e-01
1.217367617007498914e+01
-8.377361045694666331e+00
4.148119526852833694e+00
-4.905832392737361047e+00
6.499023926369945414e+00
