4.320675133144592728e+00
0.000000000000000000e+00
0.000000000000000000e+00
8.524163908145276025e+00
7.877932057512047059e+00
0.000000000000000000e+00
0.000000000000000000e+00
4.011614173454587373e-01
4.886803286269208790e+00
0.000000000000000000e+00
2.939369986036225679e+00
1.060962075512967617e+00
0.000000000000000000e+00
0.000000000000000000e+00
0.000000000000000000e+00
9.435127414401931034e+00
0.000000000000000000e+00
0.000000000000000000e+00
0.000000000000000000e+00
7.034413594081598831e+00
0.000000000000000000e+00
3.600575382837806870e+00
1.616903037687684730e+00
0.000000000000000000e+00
0.000000000000000000e+00
4.573451744732549784e+00
3.256156644754200524e+00
0.000000000000000000e+00
0.000000000000000000e+00
0.000000000000000000e+00
2.954518120663559011e-01
2.696329874960719852e+00
3.612801873458783675e+00
6.077726330618310691e+00
0.000000000000000000e+00
6.032904886468424266e-01
7.372626735317280300e-01
3.144732182303883405e+00
0.000000000000000000e+00
0.000000000000000000e+00
