4.320675133144592728e+00
-2.887968637957276208e+00
-2.710312709843695766e-01
8.524163908145276025e+00
7.877932057512047059e+00
-1.431700377365039190e+00
-3.140086718533081078e-01
4.011614173454587373e-01
4.886803286269208790e+00
-5.734510387531748243e+00
2.939369986036225679e+00
1.060962075512967617e+00
-1.687870743602759571e+00
-3.391448158237655441e+00
-8.407773520599100436e+00
9.435127414401931034e+00
-4.218333629497030834e+00
-9.616021172046949061e-01
-6.213249215254048607e+00
7.034413594081598831e+00
-1.151133246057903792e+00
3.600575382837806870e+00
1.616903037687684730e+00
-1.109754245532437178e-01
-7.221375223896659978e-01
4.573451744732549784e+00
3.256156644754200524e+00
-5.532223675114822381e-02
-1.179675747473925007e-01
-5.241790917550350759e-01
2.954518120663559011e-01
2.696329874960719852e+00
3.612801873458783675e+00
6.077726330618310691e+00
-1.927052374197413265e+00
6.032904886468424266e-01
7.372626735317280300e-01
3.144732182303883405e+00
-8.244095494858681761e+00
-3.742142994297280367e+00
