-9.970605961665228723e-01
9.805317504754527125e-01
-7.430997643550618648e-01
-9.323759070034531860e-01
-2.844194571844885222e-01
-6.580216576680604224e-01
9.999978719531874560e-01
9.973166117526324204e-01
-9.998751106778466236e-01
9.999999829889731906e-01
-9.999997493629204648e-01
-9.997867709949344039e-01
-9.992484093624431907e-01
-9.998266263689401523e-01
9.996977766562274992e-01
-9.999859919473911285e-01
9.535648249874105753e-01
9.994389206499475486e-01
-9.995216010874782286e-01
-9.378803381890926660e-01
