1.272687004956133849e+00
0.000000000000000000e+00
0.000000000000000000e+00
1.015831264895247266e+01
4.325019395390406807e+00
0.000000000000000000e+00
1.703382875991475309e+00
0.000000000000000000e+00
1.939203044034451207e+00
8.157388705688807251e-01
1.806723175824413108e+00
2.192378778317712218e+00
0.000000000000000000e+00
0.000000000000000000e+00
0.000000000000000000e+00
6.238903165243192106e+00
0.000000000000000000e+00
8.483277887101550174e-01
0.000000000000000000e+00
6.786861928094210406e+00
0.000000000000000000e+00
3.013746640566212331e+00
4.402186019962482710e+00
0.000000000000000000e+00
0.000000000000000000e+00
0.000000000000000000e+00
5.021543219344264841e+00
2.772870328161276987e+00
0.000000000000000000e+00
4.358659925649726929e+00
1.949450334532075946e+00
8.635114079925671149e+00
2.489740368457445285e+00
1.014212669542931877e+01
2.218609414674935110e+00
0.000000000000000000e+00
4.338462481740513077e+00
0.000000000000000000e+00
0.000000000000000000e+00
0.000000000000000000e+00
