-2.509132961739584111e+00
3.808191789847040098e+00
-2.469588105127269451e+00
-2.380063624750395346e-01
-7.130563056178528258e-01
1.783430247406683211e-01
5.230454757650356612e+00
7.379310756652563974e-01
-3.915090030529999154e+00
1.027852264708632291e+01
-6.070678334979725754e+00
-4.319450076705555475e+00
-1.551520284633563396e+00
-3.898362590850258158e+00
5.059555274035502315e+00
-7.842086069034578166e+00
1.803463033116506908e+00
1.818623887884286194e+00
-4.388856985728781801e+00
-8.095701082832043594e-02
