-3.182549038950740705e+00
-1.344962766085953110e+00
-4.413601074710803651e+00
3.137188957172849868e+01
-2.979622157214328837e+01
-1.564391675261594550e+01
2.496237982437450142e+01
1.342002203331268007e+01
2.945506355770130114e+01
-8.069649588764811199e+00
8.481518248232667645e+00
-2.649477352187716406e+01
-6.868767263063482176e+00
-1.690194263130188546e+01
-2.383693366814148717e+01
-3.578575327694903763e+01
8.493623178044044764e+00
-4.876615505748848278e+00
1.523929071665265411e+01
-7.816500556618516171e+00
-4.185852671481415399e+01
-2.409149549711553462e+01
1.476736738223862488e+01
-1.235941794942192296e+01
4.658290222313249274e+01
2.221733219670367276e+01
1.329349131770973003e+01
1.577312525657798670e+00
-2.151313944696215685e+01
9.829360527448507412e+00
