-4.778019393703648809e+00
1.510152286969916435e+00
-2.600531346552924283e+00
-7.744081604946537745e-01
-3.212208818559811441e+00
6.060183076929719359e-01
5.735694090679658963e+00
-4.431785176458731712e+00
-2.391608206942755999e+00
3.588094646586365233e+00
-5.062909002473883646e+00
-1.178563834753551864e+00
-1.163702215314230015e+00
-3.507751965848047160e+00
4.149047672769898831e+00
-9.911918750667000344e-01
4.570913068036020488e-01
8.025363169338799452e-01
-1.858497202248313940e+00
-7.926304981338654798e+00
