-2.707332861045708938e+01
-1.039051610360537836e+00
-2.595640896976484924e-01
5.672344767683522804e+00
7.445914709825209421e+00
-1.252539557031957784e+01
-4.692086517595619455e+00
3.077664546758521968e+00
6.201384401437665339e+00
-4.999758524282551519e-01
1.551064579503012197e+01
-4.487675882510993031e-01
9.198242357707941963e-03
9.568178354965784393e+00
-2.918552957467809073e+00
-1.348673067727623476e+01
8.013584738621396752e+00
6.748687886167729744e+00
-3.036936941799704748e+00
1.892887968270085874e+00
1.610418662079904362e-01
-8.522002918143073202e+00
-9.711267396366610072e+00
1.024207147016049291e+01
6.606333246460509123e+00
1.418573878968283353e+00
-8.247420092266565916e+00
7.714111622873237373e+00
-2.078507674701259855e-01
6.594619917949692933e+00
1.562889984278802835e+01
6.582507025032806602e+00
2.121364591188791004e-01
-8.510984652834881814e+00
1.197093778807431397e+00
8.224729699432318242e-01
8.745072448954672950e+00
-1.818471560549334676e+00
-1.631790871293327116e+00
1.802974573938829295e+01
-2.574562921715780384e+00
-3.725647178718327623e-02
8.947723700322052665e+00
1.075300012720425258e+01
3.713811469947273292e+00
-2.463223278074801570e+00
-1.144967052644302186e+01
5.155643563838552268e+00
7.547802247553501154e-01
6.200015413306046774e+00
