7.984110705817972775e-01
2.320695375679664441e-01
-2.836239312347310082e-01
1.150339268319608266e+01
1.035252288215346184e+01
-1.020100388614981313e+00
-2.781132150979645612e+00
2.710981213856341832e+00
-3.234288240695680550e+00
-4.299959765414921087e+00
-7.932845317344083824e-01
1.239633668631035857e+00
-5.487325863367422230e+00
-3.343463917791872131e+00
-1.111979637742852312e+01
1.048429331773593809e+01
-1.784524469533705027e+00
-1.026751477961835191e+00
-6.478472271643120450e+00
2.177606004232325310e-01
6.533250471801030912e-01
4.475476913052442995e+00
3.548486281826613187e+00
2.632881849462927804e+00
-2.260914800101572197e+00
4.347665567567995382e+00
-6.360221978091021633e+00
2.181662739438519516e+00
-4.336602984321281440e+00
-4.826254793232075957e-01
-3.430560027882038732e+00
4.118278916817043722e+00
4.232039995632450591e+00
8.904232555255095605e+00
-1.975839774302931229e+00
-2.850787807425151144e+00
2.629206237350008912e+00
-7.495962506334043596e+00
-1.183676869041150859e+01
-3.273063124286790249e+00
