8.217661744446850937e-13
5.144784665480889427e-06
1.051821927233633313e-08
1.000000000000000000e+00
5.774439148636143986e-19
9.359773206573029913e-01
9.999999999941457940e-01
9.999427071503396158e-01
9.999999999999984457e-01
9.999978871022131566e-01
9.999999988468284418e-01
3.826225122720411756e-07
9.937624256256466504e-01
1.880230084875439239e-07
4.671871318986162365e-10
0.000000000000000000e+00
9.999992999501161606e-01
1.345321391571843240e-10
3.818207854148432955e-08
4.029522603930396803e-03
1.456513279360642530e-18
6.370670482116177766e-09
9.999994244737441251e-01
9.416971762278812392e-06
9.999999999999955591e-01
9.628382610097183658e-01
9.906450618916013973e-01
3.668322031129183508e-02
4.802967089494686230e-15
9.999999933579319933e-01
