-2.252410618999973124e+01
2.073021717157035315e-01
-6.032315155204742707e-01
-5.429143611262256641e+00
1.359671969626813803e+00
-1.046428111549787054e+01
-1.143208063650483330e+00
1.897529700847854439e+00
4.308715874099220855e+00
1.781297028913725100e+00
4.513097315517354602e+00
3.607939696613976510e-01
2.873637171108170740e+00
4.404113373778237417e+00
-3.914625104251114429e+00
4.333270152509986595e+00
7.628169977716558137e+00
1.695237977798583273e+01
6.193315505612443594e+00
1.371864823000304767e+00
-2.629933672121608002e+00
-7.578625467043675457e+00
-4.887849639358249121e+00
1.706681819746039963e+01
2.553757847604845033e+00
1.290094685735077995e+01
-1.413114709895254606e+01
1.308045229956638700e+01
3.075166453074398731e+00
2.163693833578704151e+00
6.645728680775488506e+00
-1.423507448626534178e+01
2.679511022654298635e+00
5.550073268839707197e+00
-5.010251631271579242e+00
2.976714607921439715e+00
8.092457800179762017e+00
-1.061333292233895165e+00
-3.183333594344221140e+00
9.583273640375699287e+00
-1.309723434276701148e+01
-3.284036822260816280e+00
3.424032622623481181e+00
1.007145698629368802e+01
-7.438530854505441825e-01
6.218885191126320322e+00
-1.483249748217118125e+01
-1.521780752410394344e+00
-2.926737845593789800e+00
4.938538117160112151e+00
