5.265868379424230916e+00
-2.099641939405259095e+01
-1.514640277048177452e+01
3.479214202034752645e+01
-2.249435142605918259e+01
2.641194051565281420e+00
1.033791404560343530e+01
1.342844775805870761e+01
2.899803722204477907e+01
-7.435960754265171779e+00
1.633461254124365425e+01
-8.848624388227602111e+00
6.218171027065005241e+00
-1.740800922016000385e+01
-1.751581984590314534e+01
-2.607834986769670849e+01
-1.956896290899682977e+00
-2.303582695011104686e+00
-9.514100926292359262e+00
4.017350791702778423e+00
-3.622399349194635931e+01
-1.234520085158969671e+01
6.145739499789105054e+00
1.613853217584103827e+00
3.150804380824288931e+00
2.226722621294754134e+01
-6.137370281131996563e+00
-4.146969297969223867e+00
-2.929687387459141945e+01
-6.414145015706282371e-02
