5.154984580117045155e-03
9.999864772290881776e-01
9.779445424674396703e-01
3.926175072237868963e-03
4.029178496789221427e-04
9.835374241335599343e-01
3.990021451035196667e-05
1.130745656700539501e-06
9.691962061664004535e-01
5.831104221693792500e-01
1.315469706170526998e-01
9.999998497342642567e-01
9.239613660328268585e-01
9.869126723446544069e-01
4.147791665693291788e-03
9.999740487688172363e-01
1.976230667995968696e-03
9.994308910533393764e-01
9.713111436160287715e-01
9.397164008168390828e-04
9.997882838896400282e-01
7.132691868342314534e-04
3.098656253006798478e-01
8.913732013980890656e-01
6.634542501656220858e-07
9.999978397431930066e-01
1.162997757135605251e-06
9.999361736222950325e-01
9.997476277422570057e-01
4.002370506465188216e-01
9.949173079170330336e-01
4.062646141345041581e-09
2.038487284954767775e-01
3.614962838669103884e-04
1.144601410556911127e-05
7.505901811518241873e-01
9.999992125891651318e-01
2.221142719984916635e-05
1.718422507368815022e-01
9.339567253256766399e-01
7.530933106885714379e-01
9.999964501902894876e-01
8.899311978132126155e-01
9.999911087032378187e-01
2.074169466446874055e-01
9.978420568995525208e-01
4.521064700193095330e-03
9.985664007510788309e-01
7.798762296966119762e-04
1.639839947676470335e-07
