-5.083742822699303332e+00
6.450920059405405027e-01
-3.639360461081246001e+00
7.218136767480175520e-01
-4.981930002962204007e+00
1.618491711896530960e+00
5.343213847725458265e+00
-3.058520495401428008e+00
-2.380183082181678511e+00
2.337340177138202968e+00
-6.929710590415936622e+00
-4.566865541618543745e+00
-1.742966320418290804e+00
-2.106551196739427034e+00
4.560370706808567931e+00
-2.265176455838218583e+00
2.166036079298382155e+00
1.345610161160011531e+00
-3.402020189634128222e+00
-8.147868780981754711e+00
