3.346262481864366589e-01
7.458633713392394523e-04
1.837193935465277492e-03
9.998271649936332217e-01
9.994630403320785561e-01
2.473087435016437877e-05
5.532975035583948637e-05
9.982128572860347049e-01
9.571709480207420961e-01
7.872685903732858925e-01
3.134861678814048012e-03
1.431174883864073100e-01
3.614155618105893697e-01
9.999901358642366844e-01
9.896322311508621850e-01
8.515034615168814991e-01
9.315599166666151953e-01
5.108798666375723631e-06
2.143413455441928739e-01
9.833105352516043896e-01
4.671356180797148205e-01
9.999998521564713583e-01
9.999084403124627318e-01
3.342311440040834913e-02
9.989173863309552814e-01
1.159174544967888076e-01
5.967463377421135251e-03
8.666313716064292239e-01
2.385032578306857937e-05
5.084775425128817278e-02
3.078180397592185646e-01
1.761080040506339192e-02
1.034546572017879364e-03
3.191787085132322815e-02
3.961825524116750763e-02
9.965963347912005776e-01
9.497407399161367225e-01
9.540296947239885750e-01
9.994368738560842624e-01
1.120464903828735093e-01
8.924512782571223648e-04
9.112813641912874685e-01
2.736804394754089143e-12
2.923524079202138859e-01
2.565329528632111483e-03
4.758693373582886105e-02
1.306653957887366499e-03
1.613282928405448881e-04
9.999999781359025786e-01
5.321591827388132412e-01
