1.912642712162708758e-01
8.135088238819095097e-03
7.071277600748957504e-01
9.999694529933399467e-01
8.504483728175586954e-01
4.860847191115727690e-04
6.714283730153917107e-01
8.302557613877860343e-02
9.446800119384631822e-01
9.981934449751044269e-01
9.910055887194755275e-01
9.484178352055411265e-01
8.947794145781713324e-03
9.999338154806483026e-01
2.760769783671255251e-01
8.990805458035162623e-01
9.999612986748946941e-01
9.436604374638705162e-01
9.992533733479008751e-01
6.846838876514483863e-01
1.621015312942288705e-02
9.997246733988732759e-01
9.956346681277046251e-01
1.744427469635609004e-02
9.998722388963562357e-01
9.280949138899623474e-01
6.202073775254549615e-01
9.980846273082473186e-01
2.656250377890912993e-05
9.575334740092482644e-01
9.951639483005203513e-01
2.453612733209960825e-04
5.886029306345469392e-01
1.219492032007064575e-01
4.230623850361034388e-02
6.169371223663729920e-01
7.589069188533059673e-02
8.589769021441579985e-03
9.523377251470248606e-01
5.472912869656371138e-03
8.063306949689638464e-04
4.512207445619176066e-05
2.108932480327854235e-08
2.167616120531964553e-05
8.728428212901249150e-01
6.563155732676578813e-02
5.355275792841872123e-05
6.438810596203015449e-03
9.998486619128047481e-01
8.215035684749042444e-01
