2.954140258115979023e+00
-5.667909623191526691e+00
4.890168793190299290e+00
1.248860808202794459e+01
-2.030999728868250642e+00
-1.083108422442487218e+01
2.668099507329646514e-01
-1.170824926334629978e+01
3.840485273617261441e+00
3.980143605841359289e+00
2.401150111689928757e+00
-2.753175308890191131e-01
-1.222138376552047268e+00
9.905001452406505535e+00
-9.963423474224333276e+00
2.788276577373393295e+00
4.275662501195474974e+00
9.360632540780009947e+00
8.809631338570131476e+00
-7.042943167743638710e+00
-4.969644685277877727e+00
3.654819527405785973e-01
6.732618634729135465e+00
-1.759013222972477086e+00
5.321016552667732213e+00
-7.925432220122472060e+00
5.509734815622325144e+00
1.179622055175844508e+01
7.805440571637197067e+00
3.435908232375576077e+00
2.679808852540952024e+00
1.253117443957536103e+00
1.348286236535775284e+00
2.820123208215171928e+00
-1.010641546841441363e+00
1.867392551152880831e+00
2.487348936917335163e+00
1.800114793771207200e+00
6.358695885772336354e-02
2.233838047996862253e-01
2.359562506721648578e+00
7.131431128647128803e-01
-1.467365076204644403e+01
-4.391934281532232198e+00
-1.635098255221308694e+00
3.229609611053433582e+00
-2.970104562135631898e+00
-1.775868852175104484e+00
7.857417765958901512e+00
-1.851857528496151151e+00
