-3.765276634974272341e+00
-2.656601343607001731e+00
2.667761986592021461e+00
7.971717440068146310e+00
3.585051201963823431e+00
2.329700244410825238e+00
-2.073655606813527896e+00
4.239036250162810049e+00
-2.343802014037958070e+00
2.628744908757599585e+00
-4.997055687828808601e-01
5.205815966830734887e+00
-3.741460347439261369e+00
-2.925076401132043813e+00
5.588630096180687845e-01
5.836309036769551817e+00
-4.072450901268386048e+00
-3.438549439234257044e+00
-2.798251291168532884e+00
3.089297496242428664e+00
2.433418268589808697e-01
4.085855054603390712e+00
7.598912773787311892e+00
3.397811984308494182e+00
-2.871087846149266820e+00
-1.166803924877066745e+00
-1.064541187686695700e+00
-1.341848284980130757e+00
-6.004243076423215086e+00
9.674612636918806796e-01
-3.130972697060923071e+00
5.350256633740411161e+00
5.199637972986639323e-01
5.890009466031934871e+00
1.507643982729148124e+00
-1.221216715674924558e+01
6.019416193405739968e+00
-3.205657255672581751e+00
-1.521984436651129258e+01
-4.784458879073253179e+00
