6.537299742456688101e+00
-2.657628603796651490e+01
-3.015185359986158886e+01
4.229882175803221855e+01
-2.392794737023387341e+01
-1.474382793883055243e+01
2.736742336394536679e+01
1.404283372919050876e+01
2.696887098820015893e+01
2.418044972312680230e+01
8.335696474561343550e+00
-5.277942256535015808e+00
-5.479505507033698208e+00
1.762736715038138158e+01
-3.920614830501834014e+00
-3.907044025256466568e+01
1.484857025925857243e+01
-1.071109575559045179e+00
-2.112989121187180963e+00
1.544115496230312701e+01
-4.860816100936866491e+01
9.270463118986368656e+00
9.155989011000531974e+00
1.397017244578333717e+01
1.417500264096281093e+01
2.030578197436333454e+01
9.106285230060386482e+00
-6.334813897806766292e+00
-5.257668773737947276e+01
3.065576448877168403e+00
