-4.602456565684851064e+00
8.058128956026289202e-02
1.641658583331999099e-01
-4.499820559557082156e+00
-5.227043662091956922e-02
-2.714628067519609722e+00
5.146779846996979657e+00
3.336628159680705252e+00
-2.660079354766820892e+00
9.114710379684328956e+00
-5.880606120066858900e+00
4.207941284783470737e-01
9.054590630731500500e-01
-2.219110717095544416e+00
7.855337203455650119e-01
1.756607530966075859e-01
2.709447013122090020e+00
2.510400069958451663e+00
-1.373132558418084237e-01
-1.074983426398336217e+00
