5.306209169099791918e-08
1.071558019381233309e-02
1.772340427822354868e-07
9.999999999999993339e-01
2.265865256645738216e-19
3.398069133302057676e-02
9.999999999978632648e-01
9.999999877880109134e-01
9.999998208047803372e-01
9.999999999999988898e-01
9.999999999701643105e-01
1.223822355212821186e-04
9.999990059916190610e-01
2.079179138101595635e-11
8.875533483313605837e-03
0.000000000000000000e+00
9.999999997877366820e-01
1.029512327065615734e-07
6.999084666126847662e-10
1.317078114902680425e-03
8.809311193860600215e-17
9.999425800246448670e-01
9.999745937330764001e-01
9.878445465906294798e-01
9.987317478331280141e-01
9.800822751185084281e-01
9.195533964863287224e-01
7.967395794080267546e-01
1.193890531526638367e-07
7.982252265238122257e-01
