2.908359367976269816e+00
6.877222564742491606e+00
3.659649452964564009e+00
6.914112022989353790e+00
2.778009604786372932e+00
1.761739916888800161e+00
3.142817278211943677e+00
7.081028579094744480e+00
-5.603761156976323043e+00
-2.155134743671737851e+00
6.200170978578873893e+00
-2.150910479658545871e+00
-9.973549579306558499e+00
-3.681519795933101857e+00
-7.234775324115490847e+00
5.064263603028405392e+00
-1.869570120840158278e+00
3.647289041821772493e+00
-4.988238686021177593e+00
-3.527650588212067007e+00
5.419647215695733156e-02
3.410593090850138509e+00
4.624846723291405226e+00
3.919930761502223859e+00
-2.003997463548468083e+00
6.274979899017385510e-02
-1.975949498375690894e+00
4.817500871249031036e+00
-1.028975401440908577e+01
4.827367905342691556e-01
-5.569804243492130214e-01
9.975756986456398856e-01
5.314596694405405053e+00
7.546660097824495317e+00
-8.042989907253167203e+00
1.209526540382226623e+00
-1.144031171555700555e-01
-5.228287508909364334e+00
4.199412473831075632e-01
6.019369830828638079e+00
