-9.997687435563432645e-01
1.531163617015913470e-01
-9.882215349045808672e-01
4.678223790128958615e-01
-8.158504490413528432e-01
-6.788751438021317641e-01
9.999865323905270387e-01
8.888172099494158485e-02
-9.995804885351669000e-01
9.999943850102015475e-01
-9.999861863361617642e-01
-6.907176850985015104e-01
-9.987603400531487319e-01
-9.990547759289452046e-01
9.842444258684005520e-01
-9.998642588375692419e-01
9.835825510484818013e-01
9.983639974883594670e-01
-4.405694991854293696e-01
-9.998414518568334852e-01
