-1.302174638268117057e+01
1.131015750829039712e+00
-3.137634045954243778e+00
-1.210960305024933703e+01
1.341081559320616678e+00
1.049510612832043677e+01
-7.260763973602372801e+00
-6.182649128777908842e+00
-3.867247058256249925e+00
-4.648247470536610138e+00
1.184671164576728497e+00
-7.171874606631126525e+00
3.111738556159833191e-01
5.370300513537529241e+00
2.012193638412588115e+01
-1.417945512644989314e+01
-7.676662913315675851e+00
-8.704010834730905088e+00
1.665707580992014769e+00
1.257977938691584718e+01
4.129243617285344392e+00
-1.186069182055342175e+00
-1.083708249786057998e+01
-2.940216697591128359e+00
-3.435887156583884661e+00
-3.250505646170295249e-01
7.585375451276962444e+00
3.080783219362639436e+00
1.189637695963665420e+00
1.073389441670174271e+01
8.933061653834226234e+00
-6.325882075394718029e+00
7.107565331598104663e+00
4.728171352687504658e+00
-1.616777643231055217e+00
4.053897168897901970e+00
-5.644007262793005353e+00
5.608349565686886251e+00
7.147261508489373583e+00
-4.384356122710952874e+00
6.723662480246292539e+00
9.376537206755564569e+00
-3.253468929528510856e+00
2.928182175765438267e+00
-7.507652264414229393e+00
4.331407277205705064e+00
-5.940428628360997720e+00
-9.063997912083996411e+00
-1.133250794443025899e+00
2.766097127546647716e+00
