-9.756595999954188470e-01
9.879613816488644895e-01
7.340476105857084432e-01
6.444743324397138595e-01
9.989406996582629317e-01
-7.022048379489669312e-01
9.992564358180372475e-01
-8.855785883002699199e-01
-9.998984512278394909e-01
9.999999953798739405e-01
-9.999240747873705537e-01
-9.215837353876494831e-01
-6.526417900211136658e-01
-9.999348009488840949e-01
7.611472325154913232e-01
-9.999419015826065404e-01
9.895436519038401935e-01
-4.653348231317002148e-01
6.867133281290427327e-02
5.061156714631253051e-01
