-3.497395511544329594e+00
6.088917673537533659e+00
8.650335912112755210e+00
-5.950146654067128837e-02
-1.945152725755685541e+00
-2.252272422317592948e+00
-6.465797726763649056e-01
9.379247780459046169e+00
-4.485394899720685835e+00
5.102656339886139092e-01
3.033028593669870432e+00
3.326150696786766225e+00
8.379242291644862783e-01
-6.852386183647098505e+00
4.262307769930982815e+00
6.089815288686106776e+00
4.087296965697217566e+00
-1.523213545578830486e+00
-3.580698781091870231e+00
2.571524130779344830e+00
3.572511033015802084e+00
-3.032636880815744007e+00
3.323060613826962051e+00
6.303595644170716383e+00
7.050640456853281002e-01
7.804986661039237106e-01
-1.520531399123469019e+00
6.697168494156325869e-01
-1.006112333061995656e+01
8.841031759835389359e-01
2.392342261224644329e+00
1.030462207513190176e+00
4.203105302647064612e+00
5.379840327203001316e+00
-3.156729695255739099e+00
-1.140885314704426889e+01
1.703794776787594056e+00
-9.895743226733566544e-01
-3.635462609171104198e+00
-2.256395197109547723e+00
