-6.735466734801094368e+00
-1.313861846297376879e+01
-2.706404810221732760e+01
3.072181509893324503e+01
-4.269350979237218979e+01
1.308264821276961065e+01
1.504739772671721099e+01
1.587536713594851179e+01
2.096683759456644580e+01
1.087980192187915485e+01
2.831817525753633102e+00
-2.672052121913876377e+01
-2.767846628398080711e+00
-1.526565132392437540e+01
-1.004055823369229294e+01
-3.199500461872550616e+01
4.206054622440440482e+00
-7.421028920942294604e+00
-6.364536612812599081e+00
-8.812287941544084902e+00
-3.319815973294875278e+01
-1.204932632450545782e+01
8.074801848160392481e+00
-7.087321041314400105e+00
7.187212813231559139e+00
1.747199641683255145e+00
2.895668129294119097e+00
-7.404322779816265410e+00
-2.091668431665042860e+01
1.187831857820125414e+01
