-3.794696324404108534e+00
-5.143828156771834692e-01
-2.183328806134322342e+00
-5.397074931847127832e-01
7.426767431703040767e-02
5.401164520228221022e-01
5.008167083209619896e+00
-9.846722851806959387e-01
-5.711550897329937371e+00
9.926787283826168817e+00
-4.634952818091887750e+00
6.150550118838677971e-01
4.041343972447783983e-01
-5.115158547359585306e+00
-6.315540854304834140e-01
-4.674623808616297005e+00
5.068145469461357244e+00
1.086144323775133147e+00
-7.517524623446454335e-01
-1.611379029701361265e+00
