-7.811719567305801526e+00
-1.221558871124212686e+01
-4.869222550175861919e+00
4.315921127611581198e+00
-2.908021781289231722e-01
1.118073411596817834e+01
-4.660875146893054932e+00
-9.227431332328309921e+00
5.985337415265284733e+00
-4.601462684735240671e+00
-1.322235109439005463e+00
-5.031930144833225427e+00
-6.928495734525741412e+00
6.203059440825905213e+00
5.153287959540816310e+00
-8.154823197316156680e-01
-6.682225656462184915e+00
1.265219250533456652e+01
2.972414627730258996e+00
1.645348326824164786e+01
7.108655492037862622e+00
-6.853123778480267880e+00
-3.902269697015655625e-01
-6.760164044283691887e+00
1.110141950738176897e+00
7.621144105045038586e+00
-7.225058742617251006e+00
8.692697579439167654e+00
1.743277404740845027e+00
2.274534303914940825e+00
2.937699637972655609e+01
-8.856176931472271363e+00
5.764922796207516242e+00
3.136253712098734159e+00
-1.017949007405633921e+01
6.741048793038940445e+00
4.097188209647217860e+00
3.631867786850616397e+00
1.140298730831845075e+00
-3.264964568851455251e+00
4.191133743117835486e+00
-5.103574149736891385e-01
-4.142014832789198131e+00
-5.576548455053530695e+00
1.073402346753312475e+00
6.339623681528998134e+00
-4.629169233128389571e+00
-2.566379167428024743e+00
-7.728331534082105492e+00
-1.327514124960615582e+01
