-3.939994302941673521e+00
-1.227383482851633012e+00
-2.178371449528748727e+00
-7.131983854701702263e-01
-2.670078293674517100e-01
5.329660159941722597e-01
4.905030778336725739e+00
-7.143763685530715168e-01
-4.687850906796149353e+00
9.464923727084748606e+00
-5.940502420584325094e+00
-5.709588316205401748e-01
2.104978634842343266e-01
-3.852998710063012311e+00
2.454829188037543353e-01
-5.018228513077202635e+00
5.785907828284964083e+00
1.801599092823224169e+00
-1.077571591021351027e+00
-2.661119828016925037e+00
