6.361364663322998884e-07
5.125869797351694998e-03
2.556656970420537769e-07
9.999999999999988898e-01
1.134805670199259739e-18
4.828141333861188709e-05
9.999999999999729106e-01
9.798312661188341988e-01
9.999999986265708518e-01
9.999999995471235970e-01
9.985839861831057318e-01
7.948505624323557074e-14
6.959327236036911765e-03
8.716523343447148665e-06
2.439892984088683599e-07
6.410973065237057380e-22
9.988469358711454804e-01
1.959508193525982822e-02
6.652303437963057176e-02
1.056386853007896443e-08
1.861401848316454418e-16
2.936506778281288144e-01
7.325980037209398610e-01
2.687478659180928247e-04
9.999999956976806104e-01
9.999749851326980021e-01
9.939463184139412100e-01
3.212805396452858009e-01
9.142587616818470020e-12
3.683029232539534181e-01
