9.999995005323206732e-01
2.736104616155771206e-04
0.000000000000000000e+00
1.000000000000000000e+00
0.000000000000000000e+00
1.714854874072295199e-01
3.058672410406468867e-01
9.999999212895982481e-01
9.999999999402442441e-01
9.960022862187664083e-01
9.717664500368480285e-01
2.329971915308831076e-01
9.999999998624007347e-01
1.839884529299444584e-09
9.999998721430959359e-01
2.363909336557079677e-14
3.167088185911184905e-01
9.999986056035971016e-01
1.397007108477504129e-03
4.866271125828802724e-01
3.963129550370012711e-12
9.999991288867210448e-01
6.322428003507364613e-02
9.999879027157718703e-01
2.227778692007724437e-01
8.762840467133905520e-01
9.999999999963165020e-01
5.001783440997971866e-06
2.077132189138328624e-14
9.903871454286367060e-01
