3.980076153465975499e-07
1.675207144819655311e-02
1.740285173483644698e-01
9.919602013472309521e-01
5.402074253223357880e-01
3.614386502532086487e-01
2.299668407306901530e-01
2.145090997136277731e-03
9.948817788646564519e-01
2.305826359503751268e-05
9.996224084779739005e-01
1.362972563592431373e-02
5.273375731480195059e-04
9.997460399562986266e-01
4.768827729374803259e-01
2.443434195284380651e-03
9.994925911340816205e-01
9.999996324255918667e-01
7.609317509141717839e-02
9.993525860004984773e-01
9.994195909163475777e-01
4.327460615233674757e-04
9.909390655947634130e-01
1.619452626843891150e-04
9.999934533735663766e-01
9.563155190410362883e-01
3.675357795223254190e-03
9.923812033118514231e-01
4.172878096203410346e-03
9.986691245532013372e-01
9.999999999963182784e-01
6.278863753339958276e-01
9.760252673622765718e-01
2.020999903491535812e-03
4.518969402768686222e-02
5.754237589451171447e-02
9.654816578998040022e-01
1.558037589599090000e-01
9.105068615238680607e-01
7.511782872172485803e-02
6.718863726564290317e-01
1.669848165260681000e-02
2.099891644852491523e-01
2.354967852613200699e-02
9.423924960101226489e-01
9.999878542774326418e-01
2.024988202877915124e-03
2.363710757704171397e-02
1.362841547140634380e-01
1.576867376407988137e-03
