4.079883356216130319e-05
7.869767418951794102e-01
1.710971836455926201e-14
9.999999999999586997e-01
4.481623447567264183e-17
9.786063340368414561e-05
9.999999970439872321e-01
9.998665549976522016e-01
9.999999999998805400e-01
9.991463393161776896e-01
9.999616079237830801e-01
1.841056764594981902e-12
1.005598717351157645e-05
6.931643370998910765e-03
3.680879977301303814e-05
9.212785963250341911e-16
9.999992558121861830e-01
2.507993735350685401e-05
9.999971213606687614e-01
4.515140961598873570e-02
2.814192465098713745e-16
1.954360015546493235e-10
9.980614005036717584e-01
1.013889100564328162e-05
9.999999999902584591e-01
9.999999994610304643e-01
9.775699578625205444e-01
9.923378846624804073e-01
2.732544486922059287e-10
8.947666804894844894e-01
