5.197888878480291908e+00
-7.797207954798750507e-01
1.709636184769776968e+00
1.102007993595279522e+01
7.466243445220432484e+00
1.192626129897395582e-01
-3.561900070454917522e+00
5.622444674638588102e-01
4.359052270863323919e+00
-5.059114834061469779e+00
2.237084644182649740e+00
-3.873509855262924795e+00
-3.350754249956886532e+00
-4.464733150954129037e+00
-6.734442320416743399e+00
8.761743735476349215e+00
-5.919795654927117567e+00
-3.921580632503697483e+00
-8.027960730804450051e+00
3.268700640312986572e+00
-3.224401518655069854e+00
4.260562998192807704e+00
2.795806261889994815e+00
-3.643839984045216696e+00
-4.033714467493015654e+00
7.076801333390413395e-01
-2.562909464422510553e+00
-1.473598576424011153e-01
-1.996706984492229608e+00
1.997146632344057315e-01
6.387983227156222021e-01
4.719214492718148080e+00
1.103460628953679468e+00
7.222182481404524346e+00
1.188544673233740578e+00
-3.000544344724739965e+00
2.176627349619162821e+00
2.584082929398456852e-01
-9.024661150478321403e+00
-1.247560879676447687e+00
