-1.737246351067860317e+01
-2.385130926599340118e+00
-1.236099209701128743e+01
3.079358710985633252e+01
-3.681637691150636016e+01
-2.230848651145277639e+00
3.052963301063996582e+01
8.119110566880028301e+00
2.491801135687028079e+01
5.125868199496369293e+00
4.257205598753650122e+00
-3.327120898298812079e+01
-1.527844637508741243e+01
-4.696626984718264453e+00
-2.782134283000927155e+01
-3.669521143502223737e+01
1.877122317150796249e+01
-1.116349013956397052e+01
1.145764815542646531e+01
-3.050513441331645481e+00
-3.961960113432578368e+01
-2.887717921151609346e+01
1.047098653556569481e+01
-1.085522313642868220e+01
3.546156687899927817e+01
1.783801179430090400e+01
5.319915645290929085e+00
5.623699179409944904e+00
-3.245802827309782401e+01
1.394803611994191428e+01
