-9.962710474382233672e-01
9.884644101696894447e-01
-8.347173819358240099e-01
-9.792840637629649514e-01
-1.447248873564293270e-01
-8.183164420933781991e-02
9.999545304361878717e-01
9.971543201381468657e-01
-9.997683802231052130e-01
9.999999152170758743e-01
-9.999999098050345037e-01
-9.998431257933748650e-01
-9.706132844963389905e-01
-9.963580072711092361e-01
9.994065680802204366e-01
-9.999982519403836090e-01
9.979939050655288746e-01
9.796055627225261908e-01
-9.998396735745587183e-01
-4.968086438029246099e-01
