-2.943368388824849635e+00
3.399389495968640595e+00
-1.902929804651606327e-01
-1.045315042268353034e+00
6.048146289649766194e-01
1.193471641799853655e-01
5.763326233284111311e+00
9.113690471320953224e-01
-4.990164664560683860e+00
9.841113699828916594e+00
-6.459937986824484391e+00
-3.160611779668747623e+00
-2.215003864563900748e+00
-5.177819510486198595e+00
3.859148261239991218e+00
-6.244171534011882407e+00
2.239737427862647845e+00
1.276214777885010143e+00
-2.347970123531201381e+00
-9.651403175494208120e-02
