-9.932647654598730780e-01
9.866217664421734757e-01
-8.090235171637119027e-01
-9.329716626068351726e-01
-5.506947988294075280e-01
-7.485956867588250407e-02
9.999947857268195461e-01
9.978028804385390416e-01
-9.996241359402587845e-01
9.999999771308790697e-01
-9.999995618010178999e-01
-9.996365386084730131e-01
-9.967382963419676445e-01
-9.994960553494082189e-01
9.997450899998604479e-01
-9.999940002085507817e-01
9.955090727980819842e-01
9.983478019671033765e-01
-9.998665227021715785e-01
-7.923475765189846864e-01
