9.999983313968272558e-01
1.383079359173662807e-05
0.000000000000000000e+00
1.000000000000000000e+00
0.000000000000000000e+00
8.717409976890692219e-03
4.356818103300710843e-02
9.999999982393108500e-01
1.000000000000000000e+00
9.495721396814584825e-01
9.999938536728250060e-01
1.582597074911191873e-03
9.999999739856826331e-01
2.740670625101114592e-07
9.999937607291512487e-01
5.960329784649907585e-13
9.604169196434655942e-03
9.999572969566891123e-01
3.747470474996161625e-07
6.361789491351417525e-02
3.444832928951997191e-12
9.999873376376885448e-01
1.216896194762609636e-02
9.999982224398842323e-01
6.929155688096295951e-02
7.390739983374883249e-01
9.999999999512292348e-01
6.799991616858408055e-08
7.380520408215423682e-18
9.516955437076036750e-01
