-2.777989992781364137e+01
2.446713274855654596e+00
7.685278104277155908e-02
2.199309315236260165e+00
-6.086592671965846968e-01
-1.264381393984849566e+01
-2.364121709530662585e+00
-5.519655909327212839e+00
1.026042932975483168e+01
-1.381620501169408577e+01
1.666259918157495790e+01
-5.790057691589739486e-01
-2.042046809458475387e+00
1.039513212044235324e+01
-5.284482215198246458e+00
-7.293188032461188186e+00
1.730230283622317344e+01
1.095612359477668818e+01
-7.364685618323483673e+00
-3.676101932968480757e+00
3.979646132006339876e+00
-1.346579225627423249e+01
-2.362004557573693653e+00
3.668121150623470772e+00
5.368870727615001393e+00
-1.160582788756860495e+00
-8.786282440810948557e+00
7.415626711916647462e-01
-5.498341751648050391e+00
6.807936329650683405e+00
1.511253853391741941e+01
8.930766609841528592e+00
-3.817052843811884477e-01
-6.995463828067237877e+00
1.257052596839098868e+01
-4.141393503852816238e+00
1.409095995156959935e+00
-3.979629520235273610e+00
9.587089991965438429e-01
1.347492769218710151e+01
-2.413693599715175608e+00
-4.870328309542046874e+00
1.165633978061172549e+01
6.899954360758567162e+00
3.821516322450307701e+00
8.465880222691460233e+00
-8.017956333832334082e+00
-4.155637036992489985e-01
-5.500230201629576321e+00
3.743901848479610273e+00
