2.974265634228923596e-14
8.147104000966121085e-01
6.874659071912228026e-01
5.945938321567453277e-01
5.549151421479633361e-01
2.125207479809414543e-07
4.274141074062698387e-02
1.659792772594670049e-02
9.994435210403119774e-01
1.327778363500559189e-06
9.999997518415492115e-01
2.191029324846711750e-04
2.583407535131748353e-02
9.999654390313361674e-01
6.175970346389184074e-03
6.891787648761566951e-04
9.999999736520825966e-01
9.999984223073368206e-01
3.239818144247202502e-04
9.337649644236617127e-03
9.903243318636314463e-01
4.739568763854116778e-07
1.473482880153869409e-03
9.863003472833703489e-01
9.999841035960665980e-01
8.758788162782413234e-02
1.111546436993190914e-03
3.141796980508975712e-01
9.931447352993819869e-04
9.978098598903193395e-01
9.999906436900343198e-01
9.996918047568917887e-01
1.086218549405530351e-02
1.746532848293237379e-03
9.999480115969898719e-01
1.339652379240772236e-03
9.717028431630365670e-01
9.308820737205485141e-02
2.460181726889575649e-01
9.999914010906932882e-01
6.467700887419913780e-02
5.284630315563772392e-03
9.999778077829970524e-01
9.996800608335981719e-01
9.712877471930445594e-01
9.999553169498416327e-01
4.026836221188295219e-04
9.244696459119670084e-01
1.542260713401553615e-02
9.997778401975417895e-01
