-3.114619413902775236e+01
1.480912706796382539e+00
7.882986785571853838e-01
3.829890892951864911e-01
2.205502492365960521e-01
-1.536422600327003352e+01
-3.108905306317733874e+00
-4.081740210446577422e+00
7.493324562399240385e+00
-1.353200208801369797e+01
1.520919813238053386e+01
-8.425749800283938384e+00
-3.629887272427223976e+00
1.027275102438507126e+01
-5.080894147158498519e+00
-7.279320448692454093e+00
1.745187657880707732e+01
1.335954554037199671e+01
-8.034499137758091436e+00
-4.664319183696985505e+00
4.628418202865891118e+00
-1.456214902352295226e+01
-6.518651804821159246e+00
4.276590436705468790e+00
1.104940174550235987e+01
-2.343449121394536760e+00
-6.800890882098489243e+00
-7.806505338984262021e-01
-6.913640510721613452e+00
6.121597218202952106e+00
1.157945022328932971e+01
8.084468826883611570e+00
-4.511546132435558576e+00
-6.348374626009860577e+00
9.864437893538200441e+00
-6.614004566635440341e+00
3.536288706331773390e+00
-2.276497683588080356e+00
-1.119962860084764866e+00
1.166386658860356462e+01
-2.671486126038685072e+00
-5.237653968492604228e+00
1.071574672355032476e+01
8.047059694879063585e+00
3.521298806745713161e+00
1.001587163529467617e+01
-7.816956596392195422e+00
2.504685600951014113e+00
-4.156378077648728464e+00
8.411891419668991787e+00
