-9.573554984673735557e-01
-4.373865776656152171e+00
-2.126119825459501289e+00
1.170855996715172687e+01
6.092764353465006444e+00
-3.052773785251312599e+00
2.388162669091550949e+00
-7.236004353176355153e-01
1.591657151662556613e+00
1.930049229500929275e+00
1.235396909303088098e+00
-5.902219264485273342e-01
-6.600437121879839886e+00
-8.371670401107440540e+00
-5.569103005526417682e+00
8.614562868728860678e+00
-6.861828723120495965e+00
2.045586596424030290e+00
-4.568491563088061369e+00
5.857146719608109287e+00
-5.861283042065273952e-01
2.717480090377843993e+00
3.007663921975106014e+00
-2.160988365553303758e+00
-1.433755307859818195e+00
-8.475447086842082811e-01
2.145655552582864445e+00
3.445053745934748335e+00
-3.404806320882458159e+00
7.700621697761234064e-01
-1.705508063491058657e+00
6.939988466388463451e+00
2.843833924119353540e+00
1.057768872030565177e+01
2.806567973338814692e+00
-1.575969322635610848e+00
2.528107638756380560e+00
-3.421264147288213486e+00
-1.149846569914116756e+01
-1.755401543165731937e+00
