-7.250322804388708242e+00
-3.994214433190915958e+00
-1.684910739245832190e+01
3.150564605884457947e+01
-2.948375837519401443e+01
1.001763492226834984e+01
1.392044419896119400e+01
1.771554329024645114e+01
1.882573755848771313e+01
-4.115315869420123285e+00
1.728639243947355464e+00
-2.085967079844151328e+01
-1.537412356644898281e+01
-3.131777983832987111e+00
-9.416783194476392893e+00
-3.995583830311095852e+01
1.898573007685802594e+01
-2.219524334101811291e+01
-9.205300612302032004e-01
1.537489475016315665e-01
-4.991728662515670578e+01
-2.120030807708680953e+01
5.159332659086756756e+00
-3.688076309820770060e+00
1.808461944295021340e+01
8.453461702648723985e+00
2.551275751599977326e+00
-1.473825773466010780e+01
-1.846193281602950975e+01
2.206639456351798501e+01
