-5.409167401533350628e+00
9.889487499241538249e-01
7.623358430949267461e-02
-1.365882334780861740e+00
9.517507896702203096e-01
4.523509737300852596e-01
4.105503274161377725e+00
3.021053775094033611e+00
-3.333840887738490188e+00
7.900320237698132075e+00
-7.408955676262739765e+00
-2.936820808704833752e+00
-7.827776570305815529e-01
-3.379496134837561172e+00
3.405007046511277835e+00
-6.130257950197148809e+00
3.383631743152669458e+00
1.853096273444972519e+00
-5.547205469629128416e+00
-7.551459189078082446e-01
