0.000000000000000000e+00
0.000000000000000000e+00
0.000000000000000000e+00
1.014127350147426299e+01
7.619348370927377267e+00
0.000000000000000000e+00
1.192790467129919985e-01
4.186440276801310034e+00
0.000000000000000000e+00
1.957445825329796829e+00
0.000000000000000000e+00
1.767858540517699972e-01
0.000000000000000000e+00
0.000000000000000000e+00
0.000000000000000000e+00
8.042047755631394068e+00
0.000000000000000000e+00
3.961071190915499973e-01
0.000000000000000000e+00
3.735066454295663085e+00
8.439710281285068838e-01
3.191904002581498201e+00
5.583423754174885900e+00
2.140347540227137024e+00
2.512462966484839910e+00
2.912666140633237699e+00
1.181354519071741382e+00
1.863809656358745404e+00
0.000000000000000000e+00
0.000000000000000000e+00
0.000000000000000000e+00
3.959304741096258962e+00
5.358568278475839275e-01
9.607310213647242136e+00
3.750758765540847417e+00
0.000000000000000000e+00
2.392720226673362482e+00
0.000000000000000000e+00
0.000000000000000000e+00
6.165219349427242257e-01
