-9.999711926440389975e-01
3.094087857669775010e-01
-9.876174326207095566e-01
-7.611487089117062732e-01
-4.000958172239786892e-01
2.081995614633437575e-01
9.998877560191459235e-01
9.990540367848913528e-01
-9.999576236380529615e-01
9.999999816269408148e-01
-9.999936526760681010e-01
-8.661524365303041595e-01
3.718464768783668051e-01
-9.842005563335717300e-01
8.815922568861005448e-01
-9.998155060431661578e-01
9.999253256733535711e-01
9.349181369168022560e-01
-9.858198274801440730e-01
-8.850576233092631862e-01
