0.000000000000000000e+00
4.645974003799688834e-01
0.000000000000000000e+00
9.936399810157615420e+00
7.095804214037170432e+00
0.000000000000000000e+00
0.000000000000000000e+00
5.255963375167023166e+00
0.000000000000000000e+00
1.161070837929803812e+00
0.000000000000000000e+00
1.276079521384730686e+00
0.000000000000000000e+00
0.000000000000000000e+00
0.000000000000000000e+00
7.605711844406275901e+00
0.000000000000000000e+00
0.000000000000000000e+00
0.000000000000000000e+00
3.535946775102686956e+00
2.173005135937039700e+00
2.648839702690506837e+00
6.050331335688666101e+00
1.524428772312528935e+00
4.545354307028730556e-01
4.525667425029698876e+00
7.626829828523020716e-01
2.679175882713265011e+00
0.000000000000000000e+00
0.000000000000000000e+00
0.000000000000000000e+00
3.859814215516451430e+00
2.985798805476054252e-01
1.189156274621703702e+01
4.218815561231156863e+00
0.000000000000000000e+00
2.080523522314315699e+00
0.000000000000000000e+00
0.000000000000000000e+00
5.091198202038211829e-01
