0.000000000000000000e+00
4.816352675062808508e+00
0.000000000000000000e+00
8.350592608369945324e+00
2.494885738277571097e+00
0.000000000000000000e+00
0.000000000000000000e+00
2.702258752001687636e+00
0.000000000000000000e+00
0.000000000000000000e+00
2.336092884178719853e-02
4.086461268979786787e+00
0.000000000000000000e+00
0.000000000000000000e+00
0.000000000000000000e+00
3.268031687043942313e+00
0.000000000000000000e+00
1.790254022218262797e+00
0.000000000000000000e+00
8.960120016060553194e-01
0.000000000000000000e+00
2.592039831286477636e+00
4.008746620340168931e+00
3.935077136101879924e-01
0.000000000000000000e+00
7.974920188712164126e+00
0.000000000000000000e+00
5.869510108072542920e+00
0.000000000000000000e+00
8.682869093517415759e-01
1.144828103103726846e+00
5.775821305592469201e+00
2.897882441647220197e+00
7.619418898073246460e+00
0.000000000000000000e+00
0.000000000000000000e+00
0.000000000000000000e+00
0.000000000000000000e+00
0.000000000000000000e+00
0.000000000000000000e+00
