-2.200993058655205203e+01
-6.840017980867929559e-02
-3.521490255382077716e+00
-8.606812706156156123e-01
6.349364360276438468e+00
-5.172218066822448002e+00
-4.949488567322622323e+00
-2.059667295520441588e+00
5.939114015162760829e+00
2.019110942991667379e+00
5.162252080067114335e+00
8.080805523173321347e+00
1.195037358963519036e+00
1.124169255181457672e+01
2.713446844522847456e+00
-2.942049637916062110e+00
6.555762203067409644e+00
6.881264185273302303e+00
4.426173288016027385e+00
-3.946362460130041772e+00
3.135796011370367786e+00
-1.781978725494409055e+00
-7.572221411043933870e+00
1.180996659181514019e+01
7.608825225712011253e+00
1.348087376301958962e+01
-1.456758080362484620e+01
-6.134730384856006413e-01
-4.602291129095552602e-01
-3.112760678442111573e+00
-2.524162576507985811e+00
-5.506130882645550173e-01
-2.939158311309058913e+00
2.300048797917078947e+00
-4.357080991166933259e+00
1.992833199746967487e+00
1.062902826252872046e+01
-8.890675400144150586e+00
-7.310258860249987389e-01
1.210584608821810626e+01
-3.243775702433465913e+00
3.620243149932371285e+00
9.702579737158151474e+00
1.970637946718191458e+01
9.733197699857658591e+00
1.479198892289901313e+00
-8.527033702831428030e+00
6.339321205607198806e+00
1.591568805068370729e+00
-3.805925975703529307e+00
