9.999999999993853805e-01
9.260255229201252991e-01
8.606843458221091758e-02
3.514986429097859133e-02
7.474978211949985518e-02
9.968439410605751672e-01
8.624195378409285073e-01
9.994173282096298072e-01
7.867743516938710329e-04
9.999945572787098946e-01
1.177525660205855121e-06
9.888433614170456520e-01
9.990473321200702417e-01
5.733220096073343751e-04
9.695721414045437303e-01
5.980147263695739790e-01
1.591329673971622469e-06
1.092265235288094010e-06
9.671368974072400704e-01
7.156993043983455281e-03
8.119303741707958964e-04
9.999999878234214767e-01
1.737636351573673688e-01
1.030285989201286251e-01
6.266105195697577179e-03
4.608891213626760686e-01
9.859371762838267106e-01
7.653177243745088454e-01
9.940031250820702269e-01
4.561242885139882297e-02
5.817658227074464132e-09
4.260131940311660120e-02
8.749938991895329643e-01
9.810204594770126629e-01
1.350510169545931227e-01
5.580726391166069833e-01
1.585189568821843880e-03
9.937336069332824984e-01
6.531952629769245677e-02
5.075220777588845128e-02
2.336460904742459002e-02
9.690082966951760746e-01
1.813863322651656590e-05
1.264750224751882935e-04
6.789666353805487997e-01
6.878529311401712068e-05
9.999906367818464092e-01
9.996684164034523867e-01
9.884782580410800268e-01
6.273256232577233416e-01
