-3.417764420209046694e+00
1.120719978489463031e+00
6.041117395913432331e-01
-1.514107282414725253e+00
3.557137208000226813e+00
-1.467205250775657444e+00
5.002926758476521130e+00
-5.874052381953376312e-01
-3.367210536025941892e+00
7.786163764798869735e+00
-5.975557396641483443e+00
-1.636443066855859607e+00
3.336907914156874710e-01
-1.054365237866496052e+00
1.959425755821643467e+00
-3.286414154727953368e-02
6.155730107713346833e+00
1.322600259187103888e-02
2.368732468904090727e+00
-2.848798160689237857e+00
