-4.795424402632064265e+00
7.338612185680057909e-01
-3.340744498086472447e+00
8.307325806919083622e-01
-1.124176725356781592e+00
-4.455712695315181548e-01
4.235490541385524388e+00
-2.278147434789938863e+00
-4.804062985707223454e+00
5.822154646682744072e+00
-4.833908103663993927e+00
-5.791658499006353544e-01
-1.535465217740322963e+00
-3.419796728017531429e+00
1.340211771540841035e+00
-2.804364280340710724e+00
3.310765109576744081e+00
1.096311938704916500e+00
-1.366345784334956459e+00
-5.094818854457991542e+00
