-9.998633065832469580e-01
6.254219216878535992e-01
-9.974953216093166430e-01
6.808691710126701935e-01
-8.090168249661798816e-01
-4.182517924722831126e-01
9.995811691168070556e-01
-9.792164575063576626e-01
-9.998656478162976091e-01
9.999824625310245185e-01
-9.998734321857839502e-01
-5.220588877023746299e-01
-9.113552008808828431e-01
-9.978612125900088170e-01
8.717231026767889857e-01
-9.926953226626452631e-01
9.973407563670583231e-01
7.991703486859511596e-01
-8.778567185785752791e-01
-9.999248878392701378e-01
