1.482776955698503940e+01
-4.857216817632592054e+00
-1.445136263657888520e+01
3.096554032242910282e+01
-3.550849833667407296e+01
2.962454554459184930e+00
4.655177230234958330e+00
1.570485221676396392e+01
2.135065641320482044e+01
-1.740922390790731189e-01
5.722099671056488646e+00
-7.148955501593406758e+00
5.577187985191320863e+00
-1.970326101629746773e+01
-4.643386467547906626e+00
-2.973397824821888946e+01
3.022772761418815790e+00
4.464383703104098933e-01
5.517580621060078627e+00
6.768430097292927883e+00
-2.946859299878474303e+01
5.876898179267907585e-01
9.956740674332793972e+00
9.660509125624374249e+00
1.220630004221482956e+01
2.109155766298080437e+00
-5.633427398157759391e+00
-1.382528239542032411e+00
-1.894846337515225443e+01
-1.707573967172698826e+00
