1.958592129956584715e+00
1.946071951558816737e+00
2.902535805875598118e+00
1.792339958191084826e+00
5.429513142871278397e+00
-2.539913649839364407e+00
-6.152079461324606591e+00
7.234540378903255853e-01
-1.665225217073226904e+00
-1.124745610680296437e+00
6.383262294041601059e+00
1.075160147841239588e+00
5.800261272108944155e-01
-2.271756685679811927e+00
1.921401519868469521e+00
5.032207031067354563e+00
-5.060424656685742484e-01
-4.682669151123015183e+00
-1.526578360771408960e+00
4.661423815968823714e-01
1.780612310744344118e+00
-6.114381233034102969e-01
5.506585752693638369e+00
4.480915802389469071e-01
-2.908492171516730007e-01
-1.552238080362388750e+00
-1.993551998412673498e+00
1.600308197262083620e+00
-6.318878547288079517e+00
-4.881835271238074703e-01
5.056802144305938551e-02
4.751144190121269872e+00
-1.689632997513939694e+00
7.620672330392955551e+00
1.773176799946479809e-01
-1.008142628233706972e+01
8.817799541120834306e-01
-2.640972207249870696e+00
-1.087547919081790404e+01
-2.002535812146287952e+00
