0.000000000000000000e+00
6.440891908662898402e+00
5.140604131599890714e+00
1.128226930052282251e+00
6.705572382774283025e-02
1.501219799439026392e+00
0.000000000000000000e+00
9.949032473474639815e+00
0.000000000000000000e+00
0.000000000000000000e+00
5.146928861946080680e+00
1.476465478466551851e+00
2.195737910163552686e-01
0.000000000000000000e+00
2.034645790400138932e+00
3.183802268241271882e+00
6.031433072378592719e+00
3.463339913562563654e-01
0.000000000000000000e+00
0.000000000000000000e+00
0.000000000000000000e+00
0.000000000000000000e+00
3.125764225365995852e+00
1.238313746477547284e+01
0.000000000000000000e+00
0.000000000000000000e+00
0.000000000000000000e+00
0.000000000000000000e+00
0.000000000000000000e+00
0.000000000000000000e+00
3.184369647449599494e+00
0.000000000000000000e+00
1.777461983870200157e+00
2.436431618828574841e+00
0.000000000000000000e+00
0.000000000000000000e+00
4.289173778620692268e+00
0.000000000000000000e+00
0.000000000000000000e+00
0.000000000000000000e+00
