1.016273243903815171e+01
1.726021844041656816e+00
-4.865147776740963081e+01
4.324652496538587343e+01
-4.110402475467893169e+01
3.434570424412521472e+00
-5.214336950919686409e+00
1.571881663161550158e+01
1.509394111794451199e+01
1.244043282283181284e+01
-1.517511890378445472e+00
3.218167497890737749e+00
7.371519306599595645e+00
-8.642392296054188350e+00
3.420858877402102394e+01
-3.156806845704653952e+01
6.493655441728645172e+00
1.307257403759605641e+00
-1.598825156855317964e+01
4.204875874479848896e+00
-2.268972581322804771e+01
1.743052048857416381e+01
-1.460618039701992465e+01
2.067780692616404536e+01
-1.110772028004692480e+01
-1.067148072794713798e+00
2.950201378977351752e+01
-1.356091152150739987e+01
-1.660979526118433469e+01
8.546742410583949123e+00
