9.999614197866332210e-01
8.489028628827676171e-01
7.429022422908057906e-22
1.000000000000000000e+00
1.408474099162064731e-18
9.687676512459454381e-01
5.408625655776841054e-03
9.999998509250713763e-01
9.999997215260716388e-01
9.999960446314617446e-01
1.798281984449718041e-01
9.615122574485979179e-01
9.993714833388261942e-01
1.764331080351796077e-04
9.999999999999986677e-01
1.950572354955182160e-14
9.984892775614733207e-01
7.870538584019663997e-01
1.138650704131486679e-07
9.852967727074166682e-01
1.399514116266613941e-10
9.999999730833427636e-01
4.535406884078237897e-07
9.999999989534920086e-01
1.499587677919100975e-05
2.559458200975159858e-01
9.999999999998461231e-01
1.289942632576006955e-06
6.115860150345550626e-08
9.998058610791575873e-01
