-4.652492652850884092e+00
2.165528301093792685e+00
5.463835531834902781e+00
4.710925466420667895e+00
4.323326015163702962e+00
3.387986617583589766e+00
-4.662720622801647785e+00
4.788983400757760300e-01
3.710475422036497495e+00
-3.347776555276098964e+00
2.697110599128739405e+00
-4.266574744483653703e+00
6.036225715488997556e-01
1.234231187787481421e+00
5.331112568640128391e-02
5.656737024091377464e+00
2.195474992748157606e-01
-4.047383525772096036e+00
-1.120117884081956561e+00
-3.805691760697856196e+00
-5.587471208996928063e+00
4.631777374399918656e+00
2.905307933069371629e+00
4.194054220659277021e+00
-6.732271372116611197e+00
-7.981531011164894274e+00
-3.583541855717949254e+00
3.210686068787479641e+00
-7.587645666529816424e+00
7.001889259136286903e+00
-1.950665744928937517e+00
5.961315972577660105e+00
3.740721456869744443e+00
5.180842313871733218e+00
1.034236570424641677e+00
-1.127970712790837382e+01
7.673439623189761694e-01
-5.617776932912319943e+00
-4.760756800751513751e+00
-3.155697505410671511e+00
