-3.925819075687226434e+00
-1.132023634537382417e+00
8.500066115250102250e-01
-1.458806101771112917e+00
5.277061564141684036e-01
-5.839230451270166489e-01
7.007479360073660679e+00
-9.044322100801958086e-01
-3.374549156570910480e+00
1.013190212988863692e+01
-5.018727909926534281e+00
2.310319634814752554e-01
-7.680698774549750141e-01
-5.617723361429858286e+00
1.123041020100977949e+00
-1.672896170790646009e+00
3.264090058521891269e+00
2.638378769121881628e+00
6.626212415838671488e-01
-2.456642843257822673e+00
