-2.491601480132523694e-01
3.834361349373231143e+00
6.543795541097507495e+00
8.445174838339298162e+00
3.361113745033298628e+00
3.597521744765568741e+00
-3.083934176329115040e+00
3.543368579812096186e+00
3.888535830113192482e+00
-2.610830364194271613e+00
1.940267853792196906e+00
-4.844638852730059675e+00
2.457589197479164156e+00
-3.694142718902725608e+00
2.569755757602020463e+00
8.335941532422232569e+00
-9.176321860399352381e-01
-6.333863786125294659e+00
-2.243022898806260823e+00
-3.597772653264933673e+00
-4.964048363666762498e+00
7.564101254285511278e-01
4.034602719410076865e+00
8.620113105303212064e-01
-6.632306847248332637e+00
-3.334443891686041717e+00
-4.250192458815541308e+00
2.440024520788357965e+00
-9.368754430626161422e+00
3.884283653479994936e+00
8.860615246009823087e-01
8.422593471972669832e+00
6.570706443699577015e+00
8.148248521654069876e+00
-1.733540752717024569e+00
-1.197743074663123863e+01
6.577412075545107095e-01
-4.014588742969971591e+00
-6.631168373339222377e+00
-2.445769466378751034e+00
