-9.998758725337802966e-01
5.067922594816249848e-01
-7.057349253860289648e-03
5.615025998956614250e-01
-6.841666049364253377e-01
-6.660799197493024737e-01
9.998158939769005160e-01
2.300846549269441044e-01
-9.997011083028052303e-01
9.999998691758962277e-01
-9.999960621360882707e-01
-8.657957299251661798e-01
5.811513216603009235e-01
-9.738741685783937063e-01
9.104166027936450023e-01
2.805025009570509265e-01
9.999805837910268336e-01
-3.034339455993559920e-01
6.946658798785038114e-01
-9.976883649176940816e-01
