2.130416447396280067e-08
3.945922736281927856e-12
2.085948316454911445e-10
1.000000000000000000e+00
2.791873729676716844e-12
3.166865590148342565e-04
1.000000000000000000e+00
9.999999924781545202e-01
9.999999999959499064e-01
1.000000000000000000e+00
9.999998267795282558e-01
5.172535677012432361e-08
2.599628644858718602e-04
9.776475099009106495e-01
1.158851742244989348e-06
0.000000000000000000e+00
9.995917674301736389e-01
7.995840362201963453e-03
3.479985787500056421e-06
6.137182576200286288e-01
1.433801907955615187e-20
9.999999983844707341e-01
2.162973320724930447e-03
9.912722852796209683e-01
9.974822925860342693e-01
9.899616692290466036e-01
5.813019583647451383e-08
3.410768102387069095e-02
2.699019369857620901e-16
6.769906840032820011e-04
