2.400057884905052674e+00
8.062990933938223304e-01
4.144575474991316177e+00
5.254271310139520423e+00
1.260761891396296575e+00
3.643557994334492012e+00
-2.463735460879640460e+00
4.194263552740073564e+00
1.198613873673604058e+00
-4.391786881730181058e+00
6.983841204083550025e+00
-2.387225260915093905e+00
-3.318960493338181994e+00
-9.037478942253660552e-01
-1.790345538854360541e+00
4.452828490172965559e+00
-2.587863039466481219e+00
-3.007822629806526038e+00
-8.007461517849336019e+00
-9.276430880595520900e-01
6.333815829512976503e-01
2.539447809222108887e+00
-6.988805474374375493e-01
-1.832926399413405960e+00
-4.188078019333500990e+00
-4.058837493121834505e+00
-6.789518315183541652e+00
1.489803954665412267e+00
-2.541301510257831797e+00
5.273016536351169847e+00
2.819163669034826736e+00
3.777469042986024039e+00
9.043935598696252853e+00
4.311291678720066578e+00
-3.307076612164066010e+00
-2.563871152268400344e+00
6.955149037914637455e-01
8.272833850723444460e-01
-4.449742578659208192e+00
-3.295507933548101231e+00
