-6.285966110470542212e-01
1.515885413435796858e+00
2.795614799596660038e+00
8.281410130586667862e+00
6.105547156567244116e+00
3.370192590454273773e+00
-1.798053065343979906e+00
2.647676982757366737e+00
1.542983875674629690e+00
-6.926106048630376044e+00
5.936517419052139033e+00
-2.322380810267378415e+00
-5.540561529489065329e+00
7.539319358966101170e-02
-7.645206008933024044e+00
4.254349546690252559e+00
-5.200940355374615187e+00
-1.125211861308973216e+00
-1.021229954355189129e+01
-9.942240160765682955e-01
-8.554498890808135414e-01
6.062953725855553699e+00
-1.482236051729380222e+00
3.519226892598822598e+00
-3.139856384661439126e+00
8.214293948852379179e-01
-4.953112658709955873e+00
-3.449148617527278970e-01
-1.265363020369280722e+00
3.425733100949821530e+00
6.300414269253644228e+00
3.352611207645592728e-01
7.247792057440154423e+00
6.747609104131379709e+00
-2.951101318012864905e+00
-1.252189899474809298e+00
2.227876679593447484e+00
1.773319759515311844e+00
-4.400834973328014321e+00
-2.173754162705209048e+00
