4.987385567370872747e-11
5.795928547940004671e-03
8.142824887287715419e-02
4.744977005204544635e-04
2.365045936591003706e-02
9.981561158967167113e-01
8.847777899628221920e-01
1.629884603338410676e-02
2.992889875642180258e-02
1.906476700390766689e-07
9.725137614664560726e-01
6.035192983391121170e-07
5.852819027758774523e-02
9.972434568648729236e-01
9.279153953042164060e-01
4.651130535962469947e-01
9.999945002939130134e-01
9.999995172866998905e-01
1.785746009248342274e-03
9.891002528898478197e-01
6.938260160002916732e-02
2.666276845348519459e-03
9.455919762463984579e-01
2.457303475883849606e-02
9.753718906819133228e-01
7.816891322629485050e-02
2.740387686033433565e-03
7.652450903392347785e-03
1.436654619991076937e-02
9.928652532079335069e-01
9.999998704265419258e-01
9.993372679974484862e-01
9.970863916006107441e-01
2.724795905719683969e-02
2.530535151035523400e-01
2.383211292344399870e-04
2.094463504240187332e-02
3.550355977453173995e-01
1.486582463725986680e-01
2.781467354104686903e-04
1.921336826956907273e-01
2.610663049015109509e-04
9.991422835678103187e-01
2.720154029498983461e-04
9.453475066114138681e-01
9.995895335993660868e-01
5.931240647078939165e-01
1.779572062071201142e-03
2.046850643974891873e-03
3.919769826970979643e-01
