6.947582855558074755e+00
8.976241080806428574e-01
8.247551609455201493e-01
1.161058569864668932e+01
6.937640875543730878e+00
9.773234727736404004e-01
-4.931405336442875043e-01
-3.255524599050428236e+00
4.894366928521499460e+00
4.059356764582403576e-01
3.170424805028111859e+00
2.189044704289233145e+00
-2.613703189103923297e+00
-2.071729099686895892e-01
-4.165672425210203755e+00
6.092790312034262357e+00
-4.484402618016908093e+00
-5.745341732957331971e-01
-1.741885165015428782e+00
1.008966524072141446e+01
-5.289822959825674076e+00
5.251949772515946080e+00
2.312771753102634609e+00
-2.459377473275619508e+00
-3.487072958712650550e+00
-4.525665326996056059e+00
3.914933684744853259e+00
-2.061434489369601497e+00
-2.023483961667575493e+00
4.987360209236703312e+00
8.322485320026429267e-01
3.994430889657526240e+00
1.835170377045464374e+00
2.032966033350769308e+00
1.554837621506421019e+00
6.013656971342056234e-01
3.500618183307419251e+00
-4.704561004832091831e-02
-1.332802433320238045e+01
-6.047343598398405184e+00
