-2.614481786683565190e+01
-9.428446635813365617e+00
-1.986093494293054817e+00
1.300953402303448581e+00
8.077315799673764118e+00
-4.339419451464455513e+00
-3.428654123585705982e+00
-2.312371034413089887e+00
3.435860171667036500e+00
-2.054629783041560298e+00
9.379374274866558281e+00
-1.058877072734902569e+01
-6.301743734054094048e+00
8.594764214752123266e+00
-1.592622979730637489e+00
-4.262307380457702521e+00
7.569159715319440096e+00
1.839026133315975997e+01
2.237686555015141021e+00
7.766666011225574096e+00
1.984314139637679553e+00
-1.394536426961141018e+01
-5.493226940145888193e+00
-1.472248178972163091e+00
1.419475179470602200e+01
4.798905848860088419e+00
-8.361766083973542152e+00
1.117051876498378427e+01
-1.745900152643687031e+00
6.209836362201803794e+00
2.584211079630287244e+01
-6.995385343734051853e-01
8.989829482820949735e+00
-2.259510594366115122e+00
-2.855636906215213155e+00
4.921942412504053621e+00
2.845001169477919589e+00
4.783976745648258699e+00
7.270564781871491356e-02
6.473053235109827774e+00
-3.959592683882312780e+00
-6.758924833188927117e+00
1.770716347278511238e+00
2.514048820814390517e+00
-2.079767472922371407e+00
9.252816080939275878e+00
-1.257995030352386934e+01
1.943419630463702807e+00
-1.377170679096304973e+00
3.980062088741758597e+00
