-9.920486378314770093e-01
7.910896342389377445e-01
-9.554127358124256952e-01
-9.047025354603697167e-01
8.871957265370318257e-01
-2.720754421641680687e-01
9.999728927540734169e-01
9.915890217814280483e-01
-9.596310972519166427e-01
9.999615365789189525e-01
-9.998856063370078484e-01
-6.002592369290292718e-01
7.563362513314225710e-01
-5.698975860073630662e-01
9.705442063981332135e-01
-9.944392997030964132e-01
9.999837987378925597e-01
9.282899175597616459e-01
-9.210131866331162653e-01
-8.542009701565752566e-01
