-1.608073959796424646e+00
1.574164705403695796e+00
6.659304524541638237e-01
-3.252326682721451978e-01
4.041473940792163155e+00
2.117337627094273422e-01
4.996451686808519810e+00
-2.970870166211416752e+00
-2.109582398511642864e+00
6.810539908531152875e+00
-4.460701347343234424e+00
-1.564716492959004501e+00
-1.266040153179341377e-01
-4.357608260695593927e+00
2.963761101351407579e+00
-4.162841919306929483e+00
4.806238745737815954e+00
4.828814995597578985e-01
-2.804809250745711857e+00
-1.779675194430322183e+00
