7.152764284319464150e-02
3.023228599474679298e-03
2.897420922404882037e-06
9.999999999954554131e-01
1.652937419765151686e-16
9.739694219281463949e-01
9.999999999991213695e-01
9.999999997609014812e-01
9.999998983048740131e-01
1.137786033547265394e-04
9.999879805269510369e-01
3.650037936449492422e-12
5.733611522440683599e-04
2.538069852329205927e-05
2.955196922688285065e-15
2.973671822237805909e-18
2.225273938527267958e-01
1.349517068174590877e-02
9.999995610066461094e-01
9.625051414873790900e-01
4.789419190949697871e-18
1.994434842405693427e-05
9.999999990275998396e-01
3.669841586941450795e-01
9.999999999944078066e-01
9.999994024516059010e-01
1.859996291524760592e-01
4.697880139888220563e-03
4.317900873061882815e-12
9.999999430132865408e-01
