-9.987316729523840309e+00
1.892118378562829273e+00
-5.840987660244508106e+00
-8.535989746419546664e-01
-1.240738002281676744e+00
2.804969885745133951e+00
-2.983657921349290199e+00
-6.024016923583296546e+00
8.334827343735801364e+00
-9.117307984386068043e+00
5.152281523249965467e+00
3.427027827472723942e+00
-3.032530452256858133e+00
2.544521510378837892e+00
-3.575972556373758771e+00
-7.057304482797804646e+00
1.721481955493015803e-01
1.011146890518712382e+01
-6.338187787923600602e+00
5.449248611786190466e+00
1.461917297365844171e+01
-3.278344315984212720e+00
1.367766522554892283e+00
-8.956497505678859827e-01
5.840182094692946357e+00
4.207568593827880399e+00
-1.280627512753889263e+01
4.957168498232521259e+00
-4.888837485323872301e+00
2.614508899733635872e+00
2.238974300073127921e+01
-1.202710274618710606e+00
-6.072804429619962918e-02
-6.709979489726126012e+00
1.139196607422357621e+00
-2.056967790337043134e-01
3.059487940078092993e+00
-1.080294559721612480e+00
4.049925386632849289e+00
9.507343926300928061e+00
5.456513734341751132e+00
3.459512909950181125e+00
3.528066282698079981e+00
3.923848691918526477e+00
6.459660060726189812e+00
9.791519900573844026e+00
-3.412504570939023374e-02
7.143942049504801162e+00
-2.377124581019138372e+00
-1.282807842732354864e+01
