-1.791204214358898028e+01
-2.878748633129557977e+00
-2.112989314996081802e+01
2.765418185873524592e+01
-4.057200278022128970e+01
-2.221599564340864585e+00
2.559878317195842001e+01
5.603178058879018764e+00
3.899133218895070474e+00
2.743994613137108463e-01
2.839210935976410166e+00
-1.914478116891880077e+01
-9.921476645529111238e+00
1.089009161166534767e+01
-3.300873444769315057e+01
-3.703443559964899379e+01
7.621276929808063372e+00
5.913282096656916620e-01
8.217680116020797954e+00
3.358330297007244836e-03
-4.047016024965424918e+01
-4.275183284209466805e+00
1.673587448127820920e+01
2.645110168686975349e+00
1.856726538821018124e+01
1.444556440796618979e+01
4.487226177873039568e+00
-6.536952985134318883e-01
-3.371828055876909502e+01
1.833599857442686343e+01
