7.434938622027026552e-03
2.115589784633311200e-06
5.015056483278757977e-06
1.000000000000000000e+00
3.020485516463907476e-22
9.493793131015799691e-01
9.999999993493600137e-01
9.999999995123201035e-01
9.999999999999980016e-01
9.999999373497016064e-01
3.483164473055349042e-01
3.364686157014949441e-01
9.999999999853137478e-01
5.161820766138973691e-11
9.999999964943762087e-01
9.526353546117876276e-16
5.149999081102197871e-15
9.999357638836237072e-01
1.966272715851699605e-13
1.049810929374853144e-07
1.681121984237626994e-11
9.999999998405797452e-01
9.999511739667604759e-01
9.999999997760002923e-01
9.999999888111769097e-01
3.073284548712729245e-03
9.999999999986242116e-01
1.467783383313982992e-10
6.362202208584997536e-13
9.993418120161232654e-01
