-1.778155193561523717e+01
-2.758991615781147821e-02
1.227627426870424365e+00
1.032581077027547600e+01
3.823501039472826157e+00
-2.848910042393473674e+00
-1.396671475508892035e+00
-1.061566560345597132e+01
3.663534484206636410e+00
-1.222883769438924340e+01
6.441591768383510441e+00
-2.216123281612635498e+00
-8.310934861966893905e+00
1.079774353849703061e+01
1.848700452104192316e+00
-3.474817055298295987e+00
7.990431073112130633e+00
1.113669955238721698e+01
-3.364125129652733470e+00
8.718872880508135026e+00
2.014359706648148673e+00
-8.445259310588596691e+00
6.369172394598486164e+00
-2.599636272806875592e+00
1.342165935043356484e+01
4.583371626267711108e+00
-1.110873441912770865e+01
-4.019144291778742328e-02
-5.803253677167482749e+00
3.326743408406501512e+00
2.233479833797764513e+01
-2.385895952009455812e-01
-8.765976174685324862e-01
1.584855440026215811e+00
-3.296080809936124290e+00
-1.368707416620571937e+00
6.149183278671624286e+00
-6.170894474831730037e+00
9.538248393074055809e-01
-3.491809082993410085e-01
5.634422854309474538e+00
-2.905693251345002004e+00
-4.668012808901655930e+00
7.292209917154925947e-01
1.770576454656611620e-01
1.274245394868781744e+01
-1.450378838968338968e+01
-4.506588813880443745e+00
1.867184812921734327e+00
-6.977270705701608122e+00
