-2.888656703666801384e+00
1.615967751270483088e+00
9.851606799470554732e-01
-3.130254589906038276e-02
2.284928264624388916e+00
-1.414461894644669648e-02
4.319159675959376443e+00
-1.078619532659840452e+00
-2.943689432863912714e+00
1.108224580389076586e+01
-6.659897163844503254e+00
-3.603332759315436284e+00
-7.872375309470986959e-01
-4.168880263667000818e+00
3.782633649123766872e+00
-6.152366354260957237e+00
3.333932786705288365e+00
1.304026958083894794e+00
-2.607577310514331614e+00
-8.354386918534803530e-02
