6.916253232056713607e+00
-7.488714955622125302e+00
-1.876146089415546925e+01
3.254945917604896977e+01
-3.412396686714911453e+01
-9.562821663291456886e+00
2.575343874610380013e+01
2.078097293483005004e+01
3.190765029300613520e+01
5.499291430435241601e+00
1.503002978733885886e+00
-3.263617835124104261e+01
-1.590253871021652188e+01
-2.150522634810483780e+00
-1.438219086732392960e+01
-3.436849612772002871e+01
1.404028556060852928e+01
-5.568508402353789855e+00
1.999522774144361392e+01
3.125659159346414473e-01
-4.802097934268252288e+01
-2.802777191494019249e+01
1.924426508772367228e+01
-8.334122202660944723e+00
4.093780515018005417e+01
2.678942818187253749e+01
1.813996645057764923e+01
-2.448701448266539682e+00
-3.088300114463985935e+01
7.018024410572219374e+00
