4.079433243973837862e-06
3.378033629669489613e-01
3.879308442129367202e-05
9.999999999999236167e-01
6.627204457427256606e-14
7.154369256650905395e-01
9.999999999343838208e-01
9.999999771860664799e-01
9.999999999970827780e-01
8.863579273903057221e-01
9.999999843968938595e-01
6.089736857737576901e-15
5.403112401892576952e-05
7.498119330998311201e-06
1.440891428931697562e-11
1.178936506863202217e-21
9.999999999998436806e-01
1.171730482722208707e-09
9.040078120585267607e-01
1.695376262334961637e-01
4.346299778285732777e-20
8.291451467035551854e-09
9.995191936736343985e-01
4.878669651248047218e-04
9.999999999997364331e-01
9.999984220507532884e-01
9.953226015850675790e-01
2.512636380964132585e-03
5.803127515461304143e-10
9.999912369435882686e-01
