6.846347189311145713e-08
3.035456394277077745e-03
3.210234883784077063e-08
9.999999999970279330e-01
7.763910427339078584e-13
8.265043127553460822e-01
9.999999999907787096e-01
9.999999960928658282e-01
9.999999990503098957e-01
9.999920863820744854e-01
9.999999963478960474e-01
3.067514572457155375e-15
2.081714663475169903e-03
4.985594448651872734e-01
9.028590780211444297e-13
0.000000000000000000e+00
9.999999996056876395e-01
7.479293072357984607e-12
6.808414175981614093e-04
4.387874695074274120e-03
4.828304398553394625e-20
6.669573034681968745e-07
9.999990012566662978e-01
7.252932151907356937e-08
9.999997200382306772e-01
9.999346945072952186e-01
9.553659882777610912e-01
3.607894627487926039e-04
2.457112407911842710e-09
9.999997200744052961e-01
