1.588856848181755099e+00
0.000000000000000000e+00
0.000000000000000000e+00
1.178239776217226620e+01
1.027470897004466899e+01
0.000000000000000000e+00
0.000000000000000000e+00
1.881936681985663995e+00
0.000000000000000000e+00
0.000000000000000000e+00
4.099923613116332355e+00
0.000000000000000000e+00
0.000000000000000000e+00
0.000000000000000000e+00
0.000000000000000000e+00
7.721161150191374389e+00
0.000000000000000000e+00
1.584313338219321965e+00
0.000000000000000000e+00
1.262919932615290675e+00
0.000000000000000000e+00
5.186592222256409812e+00
4.087329982295843323e+00
4.216944745298614183e-01
0.000000000000000000e+00
8.364706577901512841e-01
0.000000000000000000e+00
3.293136253862010587e+00
0.000000000000000000e+00
0.000000000000000000e+00
0.000000000000000000e+00
4.426262978855426411e+00
2.662654429483959362e-01
6.987688482021050085e+00
9.745829124933554910e-01
0.000000000000000000e+00
1.507065199206137907e+00
0.000000000000000000e+00
0.000000000000000000e+00
0.000000000000000000e+00
