-9.994262922993192300e-01
9.939308075553282551e-01
-4.113610990714512972e-01
-1.689005556896736038e-01
9.748441309314030967e-01
-8.815795076545581699e-01
9.998380872538892294e-01
8.995643470032546052e-01
-9.999125900215524165e-01
9.999999993303582135e-01
-9.993357653601213642e-01
8.329645464528016852e-02
-6.690954324576189327e-01
-9.999432701802456469e-01
8.616099499816300966e-01
-9.994753321455440709e-01
9.817390562984285030e-01
7.919509105264778137e-01
-1.716769946448338524e-01
2.484151085248853530e-01
