-1.939696771219971438e+01
-7.892833018367886311e-01
-2.719415901783408973e+00
6.071694755571123814e+00
7.565344675258105944e+00
-9.895417478393111921e+00
3.165346683620076096e-01
-3.435126917567612903e+00
4.225428848733484344e+00
-1.281753394947421221e+01
1.041673929426409018e+01
3.477733099272620976e+00
-7.285095769057489790e+00
8.496847148077291578e+00
-8.479934868462468245e+00
-4.381607404740775813e+00
1.824706577116523576e+01
1.642491059592241598e+01
-6.917281695280096621e+00
-4.116147765662813818e+00
1.899969885303291584e+00
-1.399541211086962100e+01
-6.505280565884121735e-01
4.398949709677800080e+00
1.558510116150578995e+01
5.237207336938238811e+00
-1.422927269108899040e+01
-4.575463337915931739e+00
-5.109724259719508055e+00
-7.059854241786274187e-01
1.464779756966630053e+01
9.442908143233626816e+00
1.366844136363004836e+00
-5.720574054521615714e+00
7.110975267119187926e+00
-7.843674959575317018e+00
8.306736322306232267e+00
-8.584000314483091643e+00
-5.822213657184408753e+00
4.763788649949763254e+00
-4.438768220775841655e+00
-1.253124748632600927e+01
1.417597118265821443e+01
7.523142572489766700e+00
1.044766147369295339e+01
9.532722038593849589e+00
-8.303796036080415277e+00
4.078745865687982253e+00
-9.385793026805906436e+00
3.167316283837513957e+00
