-9.999971347212650574e-01
1.671621005154951822e-01
-9.999116671066664574e-01
-9.798022966352284424e-01
-9.543510690930248064e-01
3.401528853053478185e-01
9.997803520347218198e-01
-8.739446894184970116e-01
-9.992533044469964487e-01
9.981752067144298302e-01
-9.999838339587959757e-01
-9.912987483917066189e-01
-8.780644282493641484e-01
-6.514011814733660088e-01
9.485671184443354997e-01
-8.744948575193394191e-01
8.839558755023725345e-01
9.288381751059254787e-01
-5.349795338176891457e-01
-9.999998713147230101e-01
