9.986834648002913539e-01
2.257242275606596849e-01
6.710306332254241113e-01
9.173418534975538163e-01
8.971421233449800026e-01
9.237085486931865402e-03
9.988167146996045354e-01
1.096152961161425132e-01
8.389885075821720273e-01
2.811398907393322973e-06
9.722425447487822656e-03
1.724711447273478415e-01
2.853294470863133349e-03
3.279599597191532601e-01
2.243672955514583358e-04
9.853940739116819891e-01
9.966465618440096819e-01
9.999565816240562066e-01
4.933657549250305974e-03
7.577152327560575662e-01
8.550041203730034400e-01
9.010755443766197414e-01
9.999869321641127184e-01
1.063566276763917849e-05
9.999933944987217105e-01
7.481955016165927619e-01
2.270357139218022180e-01
9.926937977026364379e-01
1.837248432193357638e-04
7.607540445970986109e-01
9.999471523354367397e-01
6.213578499374943220e-01
9.999846099782897513e-01
7.096760886137369942e-05
9.996340906002244564e-01
9.231174269149176881e-03
1.513317920713054543e-01
8.738586489124952061e-01
6.583943905459646029e-01
5.628490562128301444e-05
7.402750109911871990e-01
4.226650640116619712e-05
2.738760024970262209e-03
5.754771668691630647e-07
1.244074334086211131e-03
9.999479976122422897e-01
7.778991220480028224e-01
9.204373426070449060e-01
8.949358711806182820e-05
1.206345047383767938e-01
