6.631434439451377116e+00
-1.232614083122435256e+00
7.128501526999576621e-01
2.406766812629219654e+00
2.165866095403658598e+00
-4.675248854668299536e+00
6.738276570266797272e+00
-2.094676693007909041e+00
1.650721264702623703e+00
-1.278182555528033504e+01
-4.623550163186789241e+00
-1.568214031527227270e+00
-5.856423624738646971e+00
-7.174263955938369186e-01
-8.402001744216729406e+00
4.211614293379899010e+00
5.694410070693731285e+00
1.004458437830843387e+01
-5.306728801380596217e+00
1.140193874168198507e+00
1.774400962423579475e+00
2.209232614794902627e+00
1.124534355474743563e+01
-1.145128715605740410e+01
1.192760112357838409e+01
1.089011323264996722e+00
-1.225125510651805749e+00
4.911698638469971456e+00
-8.601887595171213263e+00
1.156817980481457786e+00
9.848044187474469524e+00
4.953155998891595191e-01
1.108177580930562200e+01
-9.553216028112778702e+00
7.912758820442199692e+00
-4.675894969869020201e+00
-1.724193581775288697e+00
1.935515521449211018e+00
6.561472466016990968e-01
-9.785027878469751528e+00
1.047398416995025006e+00
-1.007147332900730774e+01
-5.897507489353187360e+00
-1.436806570938673211e+01
-6.688118683524773012e+00
9.864168918278732434e+00
1.253465168743337355e+00
2.448304074942329489e+00
-9.321254089970864243e+00
-1.986435266981182668e+00
