1.990706531811949397e-15
9.687263392210084811e-01
9.965664885944018891e-01
5.276089032751618557e-01
4.184319413892363670e-02
3.504255494202484936e-05
1.361840671027369706e-02
3.825254112244813598e-02
9.984582793308973692e-01
3.098673466717395122e-04
9.999998770617559707e-01
1.536163580867492889e-03
8.775213607708394203e-01
9.997548328752083879e-01
8.698975181543214252e-02
1.251272090118981826e-03
9.999292229249664432e-01
9.999937046641992344e-01
1.761035417669731540e-01
2.021336382752413063e-01
5.328819222021743407e-01
1.331314863949838434e-07
9.138106940316028173e-03
9.999827674258949806e-01
9.979286844877178764e-01
2.906676706754128189e-02
2.375678715251915412e-03
1.697517263445083302e-01
6.776789326378094280e-01
9.997151195497261389e-01
9.953704016016146072e-01
9.537684523928995350e-01
6.664345379664664412e-04
9.040763038262487417e-05
4.249436846608345593e-03
1.919564593024063875e-02
9.999608265875740143e-01
2.976582439411261375e-05
4.002479617918963117e-01
9.846077025745177957e-01
6.267853915377805119e-02
4.202909373672655824e-01
9.999768743638260959e-01
9.999903521337056844e-01
7.965194739097400389e-02
9.998377339577588785e-01
3.193964986118578341e-06
3.559692837729141468e-01
5.169862859956846080e-03
9.917556690152508070e-01
