-5.378037175283560956e-01
7.864553841626404918e-01
-7.957989375099000506e-01
-9.060993967383352832e-01
9.501607851865625509e-01
-2.285322563326808998e-01
9.999898726308273922e-01
9.693072423028913365e-01
-9.757441199803678078e-01
9.999999113256814454e-01
-9.999974719113791100e-01
-9.992472765819748748e-01
-5.593303448924074051e-01
-9.958690731664684437e-01
9.975970831374348924e-01
-9.999965883877983686e-01
9.999190109073046173e-01
9.983719901655033757e-01
-9.999470331059208128e-01
2.288620103730594213e-01
