5.876056664683866337e-01
6.229497945331974762e+00
9.313950498973671444e+00
-3.876624855940027925e-01
-1.730319913943783927e+00
1.934497854244691117e+00
-2.277656760053976992e+00
8.296761796429944269e+00
-5.662671409083863239e+00
-3.044901045607532275e+00
2.506109825107669220e+00
4.630027428316545901e+00
1.586919142298425012e+00
-3.691712345126845651e+00
1.379291128455751192e+00
4.356944725804662966e+00
6.168488400399922078e+00
-7.122462972171108575e-01
-3.434959613971780623e+00
3.053749728192439727e-01
1.811130584064843507e+00
5.699673431367495713e-01
5.343321079925246408e+00
6.118801268976353569e+00
-5.230090894652938971e-02
3.048015879527328664e+00
-1.508185975832163184e+00
-2.458519371755538252e+00
-6.839922940953383268e+00
2.576430763908212906e+00
9.506306024284143508e-01
-1.182029687938302542e+00
4.773898732371358200e+00
3.807167304934524488e+00
-6.153591761644397806e+00
-8.163057573362806352e+00
9.574412079257964558e-01
-5.983989009447427954e-01
-2.182367558510840855e+00
-4.121506761811088992e+00
