-5.476321114980022386e+00
-2.471224909091878086e+00
-2.059485444475180227e+00
2.673372849218129232e+01
-2.272030325016878294e+01
-3.604620815499006703e-01
2.303005335663297970e+01
1.618703886184582785e+01
1.845209563688014498e+01
-8.058855965958289236e-01
7.548221828163228508e+00
-2.088658867050473233e+01
-7.353861791684377813e+00
-4.346312578117155212e+00
-1.408193117983412357e+01
-4.035749816554899638e+01
1.718951081102155953e+01
-2.147980293397106522e+01
1.858455005474273891e+00
-9.653032622025492504e-01
-3.854723932508415629e+01
-1.809700395512709648e+01
1.279882781085179566e+01
-4.378013803483189470e+00
2.762015143676394047e+01
1.244007675419727299e+01
6.269421058934409707e+00
-8.348064713804291159e+00
-1.226648451136039775e+01
1.595096538807809594e+01
