-7.119917969452620454e+00
4.255428434351014033e-01
-6.202465035672790172e+00
-1.233987891702673201e+00
-1.735575242895208259e+00
1.028706893349652374e+00
3.367991748887924075e+00
-1.791802630912889827e+00
-4.422977836535777918e+00
3.060690512673021946e+00
-4.674270389991628250e+00
-3.074774702380604019e+00
-1.164182285703020403e+00
-6.816579988321566086e-01
1.389049915248096401e+00
-1.661232977262175003e+00
8.094602845575571415e-01
1.418160006486929969e+00
-1.817064558276693997e+00
-8.486364740060729162e+00
