-9.103879516628960999e+00
1.689109018186570310e+01
7.890171140006114747e-01
3.332254625218645572e+01
-3.570618848143287494e+01
3.159214563780078588e+00
2.376780287085012944e+01
-3.185210074083748122e+00
1.815953643888672531e+01
-7.822966859505792847e+00
1.349324740493634067e+01
-1.640827667315515370e+01
1.696109610258209610e+00
-3.104283093133923543e+01
-4.582626297760593381e+00
-4.642293321518398841e+01
-1.639180096244494678e+01
-1.181008617829115703e+00
-3.737958888099588428e-01
-9.306173715909313415e+00
-2.986717652885323915e+01
1.417887712282266843e+00
-1.271785560073713128e+00
-4.542600019173672066e-01
3.565106481077992129e+01
1.269868978380852020e+01
8.688054330772382983e+00
2.798786055702339848e+00
-2.157033492120255858e+00
-6.374945774563855139e+00
