0.000000000000000000e+00
0.000000000000000000e+00
3.089123865954896964e+00
7.980164614516331856e-01
2.532905352708533453e+00
1.179103030329505364e+00
0.000000000000000000e+00
0.000000000000000000e+00
0.000000000000000000e+00
0.000000000000000000e+00
1.430344179906966051e+00
1.320550666710225585e+00
0.000000000000000000e+00
9.337583784820233657e-01
3.939207797980703418e+00
2.087940975708673541e+00
0.000000000000000000e+00
0.000000000000000000e+00
8.783753010078251267e-01
2.649061334251009647e+00
4.060324419514351746e-01
4.141286383930422588e+00
9.030392031661772734e+00
0.000000000000000000e+00
0.000000000000000000e+00
0.000000000000000000e+00
0.000000000000000000e+00
1.539753254063312315e+00
0.000000000000000000e+00
3.820060313393710327e+00
0.000000000000000000e+00
4.161218200543505219e+00
6.880216358406848975e+00
4.871253765731860419e+00
2.673037061345191479e+00
0.000000000000000000e+00
0.000000000000000000e+00
0.000000000000000000e+00
0.000000000000000000e+00
0.000000000000000000e+00
