9.999999999940230033e-01
8.801685028813894807e-01
8.867680968517215323e-01
5.567413258494524619e-01
4.391855436785958855e-02
9.999894341574400158e-01
9.985857427967169686e-01
6.927960861519663061e-01
1.805035211114666303e-03
9.991888560553771059e-01
2.073232158584023748e-07
2.229519238101642931e-01
9.950658146889992395e-01
1.374055681145506795e-05
9.999127602700080830e-01
9.728779287015291155e-01
2.560535225699122433e-06
8.250395907138714830e-08
9.611423574026742855e-01
9.935412647148716969e-01
2.315973082038498912e-04
9.999975330844707022e-01
5.324709915556301576e-01
5.405665113456421811e-03
2.533679610692823729e-04
8.012589402148609374e-02
9.989039116805991103e-01
1.881191459382252284e-04
9.947378813740569425e-01
5.860173607913278238e-01
9.892908961028467810e-10
7.676911633045658667e-04
1.584771982241591241e-03
9.466662867163009309e-01
4.014394843934757789e-02
3.397905619449425041e-01
6.126045170109172509e-03
4.731807355125209336e-01
2.734612271052997215e-02
1.250248487697524782e-06
9.983249881002539405e-01
7.386828381368980567e-01
4.609535085028058921e-04
4.666061775630632089e-04
5.367548746466347997e-05
8.298939533073991515e-02
9.988208949082723054e-01
8.895544791833760456e-01
8.566426782667002637e-01
9.855336329383013183e-01
