-1.675043920266493735e+00
4.027586310174631201e-01
3.349199423757326155e+00
5.412894508039402197e+00
3.123756569103013359e+00
2.285388764436814935e+00
-2.252687669477744237e+00
-1.395795979942685561e+00
3.365205446063771255e+00
-3.213569218443459441e+00
1.863094855091153246e+00
2.337768951717016819e+00
2.650015949240562385e+00
2.193743206899279485e+00
3.813482313113232713e+00
4.188569557175868319e+00
-1.901825281673810153e+00
-7.267648256833632914e+00
1.105780411975114230e+00
3.532671276049002884e+00
-1.362228974357162281e+00
2.532601335566758483e+00
6.250826536628270702e+00
-1.131775336247567765e+00
-4.266896110292331734e+00
-2.111753285943492209e+00
-3.851896768073978627e+00
-1.839972460736337467e+00
-4.148743580971244072e+00
2.406657539307503590e+00
1.150578959844388294e+00
5.820436962805105807e+00
7.141127296683644765e+00
4.029516575063454731e+00
-1.222851636359544303e-01
-7.352427168944921654e+00
-1.500399156519705235e+00
-2.265920048169066892e+00
-1.029404643388352980e+01
-9.266185566930175810e+00
