1.168202705623923177e-05
3.238349200116145508e-09
6.914353407324413947e-01
9.999999999967135178e-01
2.374490498517309750e-13
1.132279477636468842e-02
9.999999999999897859e-01
9.418501416740124865e-01
9.999999999999709122e-01
9.999994839479579012e-01
8.569207874300273087e-01
6.156864725894361889e-07
9.999629865425141428e-01
3.036994333811078584e-02
3.346091690004304496e-09
9.405213541493588606e-17
9.988529607978471336e-01
1.936139270330144296e-02
9.871726715129580665e-01
9.087254909420990068e-02
2.836368311308709954e-14
2.134611014940891583e-08
9.999971779987272269e-01
7.842516415289749743e-01
9.999999999999997780e-01
9.999998474879374655e-01
9.999998001821128746e-01
9.739007855236287980e-01
2.045863314341044885e-16
9.997222091117453635e-01
