9.152467730266064527e-02
9.272962902679258990e-02
1.090539532094812920e-02
2.726334477120025412e-01
9.447149028442703989e-01
9.997844946866604188e-01
2.202067055785896996e-02
7.269063504959141220e-01
9.471920021977732196e-01
9.690471730625777047e-01
9.661208748547127634e-01
2.684121044489146232e-04
1.697732031385236484e-02
9.979092006525478453e-01
9.999819216000239708e-01
2.579056771545097296e-05
9.463911520215763433e-06
3.827399351680062234e-02
9.362412847554472117e-01
9.999999120796092544e-01
9.985570070183416025e-01
1.769934131573492608e-01
6.549020254277637676e-01
1.562500513850502437e-04
9.987512287764751528e-01
3.403139045876156510e-02
9.998452982036772907e-01
9.953147308085614764e-01
5.686112534788945877e-02
9.999993344555897501e-01
9.999999975095381632e-01
2.413741465925912100e-01
9.974411791459020238e-01
9.924947317471958241e-01
7.053008648907779440e-03
9.999959252747415706e-01
7.379570056289852563e-05
9.984839840863033444e-01
9.998568792431795638e-01
1.279135022622331086e-01
2.725690454371927918e-01
2.522174984481785273e-02
9.945896559961029865e-06
6.806059215970446108e-03
4.856256190493782191e-06
9.999349497790744890e-01
1.967028475493890307e-04
7.123949656716319426e-04
9.896243975038654384e-01
3.812025815086819147e-01
