-9.957828438340932120e-01
9.948157152759047328e-01
-8.399657649275378279e-01
-9.945345262081132232e-01
9.759697737273143048e-01
-9.018320160355927095e-01
9.948786340317636867e-01
9.913066816055557950e-01
-9.971011445052665456e-01
9.999999978961032765e-01
-9.998863973327201116e-01
-7.352480621115468074e-01
-6.767814671553237238e-01
-9.963942387715346571e-01
5.642738982041082263e-01
-9.994863013253958428e-01
9.939846597708469345e-01
9.824497529642327587e-01
-8.875216158352986495e-01
-1.418057048202570058e-01
