-5.633931973923389513e+00
-9.232940627407954182e+00
1.884404587190242619e+00
1.086049750619744358e+01
3.407287195917568567e+00
8.277751374865895073e+00
2.643786436892262337e+00
-7.310265407934325665e+00
-2.492114810106159872e+00
-5.129794088445906119e+00
-3.591704755063163113e-02
-9.864190845575022237e+00
-3.005318158558372588e+00
7.399780698451612793e+00
2.744263159631398885e+00
-8.236689042913793557e+00
-3.633483211586833406e+00
1.092094506959476696e+01
8.032457849252265802e+00
1.471569016076306546e+01
4.767128784622951976e+00
-8.082980314205114425e+00
2.300142596469038292e+00
-5.574485415075381312e+00
9.078840326873725886e+00
9.020953211644693326e+00
-3.370069510711674710e+00
1.327595492918679376e+01
-1.890437451123976320e-01
8.608770865962402041e+00
3.331038711933072705e+01
-4.416894963331521318e+00
8.331181411430618411e+00
-5.721349056619493112e+00
-1.103064820542081037e+01
1.040423046426545817e+01
7.747230131242416995e+00
9.199485713470156867e-01
-2.295048814820919603e+00
-4.602375062246436777e+00
6.278610302542364963e+00
2.456846420654033025e-01
-5.801179734253567588e+00
-8.199039955724986228e+00
-8.915220204048102115e-02
6.810504226054243659e+00
-1.137278790004666718e+01
-8.928683842454991915e-01
-2.171681987414987858e-01
-4.005087801822078575e+00
