-9.980076466709985050e-01
3.482342980018858225e-01
5.166644042709516160e-01
9.883585901966785991e-01
-8.509431283336744700e-01
9.335212162037557215e-01
9.997348540910423464e-01
-9.411269343903588824e-01
-9.898842219494247141e-01
9.999973224158363871e-01
-9.999949606827869264e-01
-9.820988120134083177e-01
-8.590718999233445952e-02
-9.792969669903266450e-01
9.949082677354645909e-01
-9.856586267058979889e-01
9.998801644363450869e-01
1.688372038135715902e-01
-6.584909135797386570e-01
-9.329351871953300845e-01
