4.023269494086741283e+00
4.192776520316503497e-01
2.985900574190500478e+00
6.753895225465107011e+00
6.003489200007523507e+00
2.085059773961668750e+00
0.000000000000000000e+00
6.888939397141447429e+00
0.000000000000000000e+00
0.000000000000000000e+00
3.955087185172368347e+00
6.153857607132420249e-01
0.000000000000000000e+00
0.000000000000000000e+00
0.000000000000000000e+00
1.028884814099267508e+01
0.000000000000000000e+00
0.000000000000000000e+00
0.000000000000000000e+00
1.342591853462730800e+00
0.000000000000000000e+00
3.176641642451172309e+00
1.025913219327023285e+00
4.304015266450236243e-01
0.000000000000000000e+00
5.078929671599694551e-01
0.000000000000000000e+00
0.000000000000000000e+00
0.000000000000000000e+00
0.000000000000000000e+00
0.000000000000000000e+00
3.806093761982449752e+00
1.429099578291842976e+00
1.148712826517273378e+01
0.000000000000000000e+00
0.000000000000000000e+00
2.003068753280052405e+00
4.779051683119517335e-02
0.000000000000000000e+00
0.000000000000000000e+00
