-1.434948259894506695e+00
-7.022787977934038750e+00
-6.171787479233213247e+00
-2.795595006400207527e+00
-4.689630907697144302e+00
4.299231399775917950e+00
-1.294705313404243441e+00
-4.531679217396209047e+00
2.703651350366613304e+00
-8.247400726982691666e+00
8.338770249158322656e-02
-5.593328337869112765e+00
-3.177585553900370563e+00
2.865937602658124028e+00
-2.053477491601471527e+00
-3.236405475666797926e+00
7.157026588614232021e-02
1.302724063886899408e+01
-3.003696509804152925e-01
6.224849570752312822e+00
8.024739650050994655e+00
-8.556428579535857892e+00
3.847529646232422440e+00
-6.687012579478960994e+00
3.753448325825980980e+00
2.751379240967901207e+00
-4.172978042437780921e+00
1.480965433095047423e+01
2.775210623962199641e+00
6.282276744684249792e+00
2.811056109821085158e+01
-2.391827975172034382e+00
1.537493550313943125e+01
-4.556891664604870051e+00
3.696538026641296160e+00
2.881504353647207584e+00
-2.146959760815014384e+00
5.687489932996961706e+00
-3.591428101540160567e-01
-6.421894128234105104e+00
5.564734418986964082e-01
1.092522230352290791e-01
7.729291528182316018e-01
-5.216136313369288402e+00
5.332280337768980916e-01
1.289853190765629343e+01
-3.154412052476164074e+00
8.892086769357436804e-01
-5.256626446144104570e+00
-2.431314026463977651e+00
