5.136560360813158255e+00
-4.835438486378724754e-01
1.086023138011322553e+00
6.068502786204989619e+00
6.216618593605375942e+00
1.809109072521030148e+00
-3.909812508607823478e+00
2.634983909112338374e+00
4.578434214388771295e+00
-6.310274220159049818e+00
4.609942571248752508e+00
-3.192693592475066566e+00
-3.229785918602347539e-01
-6.822265160525816663e-01
-8.011543639088856139e+00
7.173863175013658555e+00
-4.070294553543458704e+00
-5.286835950588247179e+00
-4.313024524450406183e+00
3.558358109331639874e+00
-1.389490739648051809e+00
4.887397783376488114e+00
2.632919825258374757e+00
-4.144437081366920239e+00
-1.585457604128160281e+00
-1.071933319640053783e+00
-6.169227130790507552e+00
-1.792659436416196961e+00
-1.536792921458332462e+00
-2.290740852963716545e+00
-1.146066192027345165e-01
3.084919540545048466e+00
4.047010247722663934e+00
5.710962778379202298e+00
4.261026145441101143e+00
1.249775503074079808e-02
-2.777617969166197298e-01
3.750330015446913912e+00
-1.036132499613256641e+01
-5.006258814038872629e+00
