-9.899481310914863830e-01
9.977361839632792329e-01
-3.222238962287929387e-01
2.601778298759100383e-01
-9.986391059415112847e-01
7.605232495796843128e-01
9.998375113806070580e-01
9.939357050397573667e-01
-9.971121863035127264e-01
9.999997168874672493e-01
-9.999991774532183131e-01
-9.985360047561794294e-01
-9.896064965090169974e-01
-9.982135096550988074e-01
9.995481772469579917e-01
-9.995172328362599279e-01
9.993678365759037785e-01
9.500723322353847866e-01
-9.999549131564112736e-01
-3.884167194269228518e-01
