-2.262393563188479106e+01
-5.460241829308301043e-01
-9.307990444334096836e+00
3.397585088983572632e+01
-4.348430761012971146e+01
-6.890068374627814407e+00
3.299825456951962366e+01
-4.475070847854589751e-03
1.637080278805339262e+01
1.307378372589903215e+01
6.024642342119193472e+00
-2.320438281791604851e+01
-7.949986778445937929e+00
-3.708985301215091734e+00
-1.665286480202550479e+01
-4.463220151015109138e+01
1.419181969027625101e+01
-7.664076771596482374e+00
-1.143151232912449355e+00
-2.086714693384041031e+00
-3.699738737929079235e+01
-1.611973685543047452e+01
1.374459741194092111e+01
1.681720116427583678e+00
2.935930202541287315e+01
1.322855981653920843e+01
9.343354754640824211e+00
1.251241168833482131e+00
-3.170235028805285538e+01
1.001774736803690402e+01
