1.965116579593608934e-04
3.626748872509037991e-01
2.648814016641906077e-01
7.933204010212600021e-01
3.563522362429334678e-02
9.982623804923621558e-01
2.043043881092485893e-03
1.630991868302142465e-03
9.999569839265808335e-01
2.214341254771867544e-04
9.093911944519251778e-01
9.732078547161805426e-01
9.515530074157465667e-04
9.981636042403067011e-01
2.087762324207774120e-02
4.423589618921497935e-01
4.377303371016690384e-03
9.996911159743666619e-01
5.859752777988448810e-04
9.366466736118941316e-01
9.993510964506850947e-01
4.080284972730466309e-01
9.538598880838287108e-01
3.593979942178374674e-04
9.380882022607927029e-01
7.185946273542848095e-01
2.102348113829164279e-04
9.581643288449783746e-01
2.207374992607868958e-03
9.997079130732964281e-01
9.999999999935986761e-01
9.978320634155913860e-01
9.999806685950849428e-01
7.444199406146504751e-04
3.388614577428761820e-01
4.877283882747323468e-02
9.711204130812998159e-01
2.964084030573158751e-02
2.610433180356429572e-01
4.465411461901395984e-02
9.979277661316326986e-01
4.254405192411797598e-02
2.331330111167473004e-02
1.357263644432772295e-02
5.611877806720684259e-01
9.984191615960947841e-01
1.109137302382153314e-02
7.765379277453154927e-01
2.934122070510916943e-05
4.053936461524889956e-08
