-5.342618327005052015e-01
9.867572785707449112e-01
-8.695095085737192253e-01
-3.839961611045020762e-01
9.221390787201133588e-01
-9.793105909520853913e-01
9.999861311456859081e-01
9.557593975245058937e-01
-9.996674168912375036e-01
9.999998646421537352e-01
-9.948231626047941978e-01
6.906179324158903121e-01
-9.700564548303125534e-01
-9.999997947383658659e-01
-5.108615455569641695e-01
-9.987620345369018215e-01
9.971084080957666185e-01
9.993317415797867698e-01
-7.512702906012548310e-01
-2.253122047337255685e-01
