-8.193166522923183592e+00
-1.638365793541749715e+00
-5.337712682168965550e+00
3.429610536030651691e+00
-3.255936989874801846e+00
3.073504323579602016e+00
-1.835716116770722772e+00
-7.757783204916970377e+00
5.226207196767436614e+00
-1.147987400784811918e+01
5.800672584955185229e+00
4.394474362695498515e-01
-8.859499938049426149e+00
1.036036980080550407e+01
3.815909044440839004e+00
-8.571472518500222293e+00
3.529625104675227387e+00
8.988305041274456286e+00
-1.369800151458458348e+00
7.302527190810396363e+00
9.682654127060516203e+00
-2.994236168143043386e+00
5.523226076280394636e+00
-4.930498886455243479e+00
9.404852228178970819e+00
6.159338677149467145e+00
-6.891380573743833615e+00
2.317762199666782763e+00
-3.104115117954499681e+00
5.193157729608657291e+00
1.977138103076075026e+01
-8.226276703630447384e-01
-4.954911511432399385e-01
-8.305922307821722583e-02
-3.217709662336987186e+00
-2.928160121262490367e+00
6.264854239972319938e+00
-2.066234319210960901e+00
4.469531400081491412e+00
-2.995009261794738364e+00
1.905994189173159992e+00
7.942917422518975812e-01
1.390075057103825840e+00
1.956743997176990102e-01
6.964212905422593636e+00
9.373006054629691164e+00
-3.961769374116135278e+00
-2.077975941144463157e+00
-3.861212215699603600e+00
-1.284453029665291091e+01
