4.081974802253967575e-08
2.024255047560805532e-03
2.976364192424875432e-02
9.853818390827500107e-01
3.106893727647327269e-02
1.957265686012724382e-01
1.327812106553151739e-01
2.990587056645714766e-04
9.977275464545408701e-01
6.923038630591439259e-06
9.695617913145249123e-01
4.540035080212689021e-04
1.214848497728902941e-03
9.994736576729965627e-01
9.851160903756821519e-01
3.478986868096849844e-02
9.989808268648143752e-01
9.999004191499704097e-01
2.162900251370589166e-02
9.987669467785410538e-01
9.975881882078444507e-01
3.892729682507806319e-06
7.327081788015316066e-01
1.295209920274518122e-03
9.999972665768137592e-01
5.938480302468649441e-01
1.020864719809024129e-01
9.445802876778544022e-01
1.686394775270821239e-02
9.987063422767347154e-01
9.999999997612722957e-01
4.304977663891685347e-01
9.928199979071973269e-01
4.744011880517498558e-02
9.835529250006477264e-01
8.824934366526272500e-01
5.556638068773790406e-01
2.437085888554827162e-01
8.074786206594992688e-01
4.035247260200929866e-03
9.588843094539154510e-01
5.725389357824561647e-03
1.313350173223402084e-01
4.509767805559840581e-01
6.020626592805848956e-03
9.999996576846174046e-01
2.241914367173468241e-05
7.788699990710027526e-04
3.344171685537195536e-03
8.523772489695071730e-01
