2.184906595220136632e-10
5.959091591000182514e-02
2.359166583593038935e-01
9.137779688869518413e-01
1.797113529940178867e-01
1.106218962410097408e-02
6.563714203308526063e-01
1.550900267127720833e-01
9.941852729086948504e-01
2.486090856151993370e-06
9.999989598209959585e-01
1.384003812904325203e-03
3.493459055516554869e-03
9.998715745760504703e-01
2.294377185172364643e-03
4.816085293185730365e-03
9.999989146849053157e-01
9.999989828833468763e-01
2.331539665376901674e-03
6.234914555617009357e-01
9.985790562181413588e-01
2.206578805784453951e-07
6.667895974145767735e-01
9.207492300146433162e-02
9.999902519148172741e-01
7.872756599993335769e-01
6.369381297068951600e-04
9.928529885964723078e-01
8.485653241026393841e-04
9.999585500629113444e-01
9.999999999990567545e-01
9.986666629009021134e-01
9.888786589578091313e-01
2.056082750216005730e-04
9.999868218598174652e-01
2.630573081897285004e-01
3.921533119258748812e-01
4.628223346661211601e-01
5.727220576529339358e-01
9.999594036871722880e-01
1.431164494404553456e-02
3.670536371426213747e-04
9.998595034023037842e-01
5.902612403544617026e-01
9.245362620934659548e-01
9.999971679097455768e-01
8.423533652366842434e-05
9.805154517959392413e-01
3.124392951466804791e-02
9.787184584775158180e-01
