4.391192514206182729e+00
0.000000000000000000e+00
0.000000000000000000e+00
1.138903574355065373e+01
9.730948387410506939e+00
2.384584161095662402e+00
0.000000000000000000e+00
1.740541265286008610e+00
2.525268005901053936e+00
0.000000000000000000e+00
4.031026763840617200e+00
0.000000000000000000e+00
0.000000000000000000e+00
0.000000000000000000e+00
0.000000000000000000e+00
9.366127625898080566e+00
0.000000000000000000e+00
0.000000000000000000e+00
0.000000000000000000e+00
4.097816933819908414e+00
0.000000000000000000e+00
5.230691751223373487e+00
1.842589958010493856e+00
5.628937456186218213e-01
0.000000000000000000e+00
0.000000000000000000e+00
0.000000000000000000e+00
0.000000000000000000e+00
6.210612043180532282e-01
0.000000000000000000e+00
0.000000000000000000e+00
5.398487779612665349e+00
2.461699032907604057e+00
5.704403433994444050e+00
0.000000000000000000e+00
0.000000000000000000e+00
3.304729871283066167e+00
0.000000000000000000e+00
0.000000000000000000e+00
0.000000000000000000e+00
