1.521446056556554627e-01
-3.235097577927109391e+00
-1.621711235392866213e+00
1.183492068424197896e+01
1.043731891815216173e+01
-4.063357551545026536e-01
-2.452695646794776252e+00
9.420723412672962205e-01
4.827827552119972054e+00
-4.765444821373438167e+00
2.095250116865222001e+00
-1.568474296647877519e+00
-1.687687387922987892e+00
-2.414864357995561317e+00
-9.635120543781713565e+00
1.043521232451617564e+01
-2.149235081180516538e+00
-1.827559731457204517e+00
-5.991647291030514744e+00
4.000399229432153092e+00
-4.419676878393502761e+00
5.395663984230727905e+00
-2.517298116794033369e-01
2.778109069855029034e+00
-3.323779420435848397e+00
4.295226515539428691e-01
-1.162141981603468821e+00
-5.275521769758589885e-01
2.219762759026218113e-01
-1.483723756582283615e-02
-1.795481740544237592e+00
3.480148465670627633e+00
2.021982886161006299e+00
6.249296816940192123e+00
3.404191814572437469e+00
-2.345470484717030679e+00
3.583604770904299741e+00
-3.002591652594087446e+00
-8.482311555617537024e+00
-2.465197860715388600e+00
