2.548621863226460782e+00
-8.965660284815772929e-01
-8.595042252218347834e-01
1.015850356300943247e+01
7.226446278904775866e+00
-9.689962513507541786e-01
-2.490833823246259016e+00
-1.916044483288471323e+00
3.041998780381757861e+00
-4.198929843007412011e+00
2.677123906168866085e+00
-3.639975868100388645e+00
-5.014018458670403966e+00
2.493494486562621848e-01
-8.279961267788063850e+00
5.391547007516457768e+00
-6.897345793541717285e+00
-2.853459909542731321e+00
-6.651746057534290379e+00
3.160642911474691452e+00
-2.464874848655796313e+00
3.849238942831753718e+00
2.526425561127094266e+00
1.289875813439975261e+00
-4.552053050659015554e+00
-2.295978963875356271e+00
-3.538745384710924924e+00
2.171988754290768764e+00
-2.045844751789427818e+00
-3.497809398179299034e-01
-1.506764014968532184e+00
4.933837232568347275e+00
2.169720955947012087e+00
7.425749669024813926e+00
2.964212752994029199e+00
-2.483108061190663296e+00
2.202530285865393456e+00
-4.083858398875030993e+00
-1.335067303751425349e+01
-3.210384029220755497e+00
