-6.463259317338581056e-01
9.967914617526747456e-01
-1.924807888202441641e-01
-8.457459121229707888e-01
9.901514238304713889e-01
-4.242570764381162207e-01
9.999736095965752192e-01
-5.195465870442911305e-01
-9.997909177043206030e-01
9.999999939088125567e-01
-9.999814731876713880e-01
-9.971501037693212277e-01
-8.897199154066797178e-01
-9.999014047816153772e-01
9.910386881677425430e-01
-9.999585724136622611e-01
9.985125388219121545e-01
8.628752567257327311e-01
-9.736061597825053093e-01
5.332108078106317928e-01
