2.548621863226460782e+00
0.000000000000000000e+00
0.000000000000000000e+00
1.015850356300943247e+01
7.226446278904775866e+00
0.000000000000000000e+00
0.000000000000000000e+00
0.000000000000000000e+00
3.041998780381757861e+00
0.000000000000000000e+00
2.677123906168866085e+00
0.000000000000000000e+00
0.000000000000000000e+00
2.493494486562621848e-01
0.000000000000000000e+00
5.391547007516457768e+00
0.000000000000000000e+00
0.000000000000000000e+00
0.000000000000000000e+00
3.160642911474691452e+00
0.000000000000000000e+00
3.849238942831753718e+00
2.526425561127094266e+00
1.289875813439975261e+00
0.000000000000000000e+00
0.000000000000000000e+00
0.000000000000000000e+00
2.171988754290768764e+00
0.000000000000000000e+00
0.000000000000000000e+00
0.000000000000000000e+00
4.933837232568347275e+00
2.169720955947012087e+00
7.425749669024813926e+00
2.964212752994029199e+00
0.000000000000000000e+00
2.202530285865393456e+00
0.000000000000000000e+00
0.000000000000000000e+00
0.000000000000000000e+00
