1.133422426556954504e-05
3.228400095821743830e-06
9.929905652642406080e-09
9.999999999985451637e-01
1.483541853189185052e-11
9.015893369665010093e-01
9.999999997570374610e-01
9.999999994369381806e-01
9.999999987013017400e-01
9.997153770823337116e-01
9.999515314957970746e-01
3.051401123521273803e-11
1.146424067378391332e-03
6.441604886767602345e-01
6.071113356898028565e-11
3.849823641921507399e-18
9.999999190811831307e-01
1.175261166941087325e-07
9.490707916007242728e-01
1.028859134233821720e-01
5.715864413609401566e-17
1.465055302445773680e-12
9.999999385113320649e-01
1.120287068738717168e-03
9.999999998604538476e-01
9.999999600514557496e-01
9.961580619952606908e-01
8.672223975987927158e-01
2.575162884645726357e-10
9.999979904369247219e-01
