3.705348838236161235e+00
0.000000000000000000e+00
0.000000000000000000e+00
1.059781839847365070e+01
5.234563250035583870e+00
6.028863673808781964e-01
0.000000000000000000e+00
0.000000000000000000e+00
7.503299154883479316e-01
0.000000000000000000e+00
4.063567133008533894e+00
0.000000000000000000e+00
0.000000000000000000e+00
0.000000000000000000e+00
0.000000000000000000e+00
5.185104251096698924e+00
0.000000000000000000e+00
0.000000000000000000e+00
0.000000000000000000e+00
3.268532876071252424e+00
0.000000000000000000e+00
6.494563573160728964e+00
4.029858411729360768e+00
0.000000000000000000e+00
0.000000000000000000e+00
0.000000000000000000e+00
0.000000000000000000e+00
4.085880577709354533e+00
0.000000000000000000e+00
4.544861659048671676e+00
0.000000000000000000e+00
6.347065876565340048e+00
5.292052313613473835e+00
5.842538614985271828e+00
2.156080088765091052e+00
0.000000000000000000e+00
2.214669134021772123e+00
0.000000000000000000e+00
0.000000000000000000e+00
0.000000000000000000e+00
