-9.972764818919721552e-01
9.984964463982890504e-01
-9.151785989694231072e-01
-8.799352841878286258e-01
4.331128788856304923e-01
2.687983941880398020e-01
9.999537407266285705e-01
8.999756654721032811e-01
-9.999905951115667380e-01
9.999999711476340591e-01
-9.999838775314352501e-01
-9.885165241346411946e-01
-8.816085295654082499e-01
-9.997682003805162809e-01
9.894711059324903246e-01
-9.999577508498331824e-01
9.943690154745613574e-01
5.559118796449894484e-01
-9.839505846620509866e-01
1.297191491058564440e-02
