-8.733654296768893488e-01
9.834555237618299861e-01
-9.797126672437596051e-01
-1.286423108271575466e-01
7.061616471697047537e-01
-8.504882135218192474e-01
9.999994956926832046e-01
4.352977133475813831e-01
-9.999983417030022803e-01
9.999999999723551136e-01
-9.998890166849682126e-01
-9.694260724914322003e-01
-9.771973575038920279e-01
-9.998984625009281757e-01
8.764780186723224453e-01
-9.967556108136670368e-01
9.985527878519580014e-01
9.930087986877722539e-01
9.677945279898485520e-01
-6.818076285165006745e-01
