-3.261636980049976930e+00
2.567163904162419907e+00
-1.100866461405253016e+00
-1.852157551145853009e+00
-8.926022554693656685e-01
-2.004897693740824161e-01
5.182919726089439294e+00
3.417832856620889537e+00
-4.309583673704249662e+00
7.855353957018211375e+00
-8.566584683044229820e+00
-4.725009671258716182e+00
-2.165075419059455886e+00
-3.044931297001783665e+00
3.962533359204142958e+00
-6.186707318715989778e+00
3.207417643437136423e+00
2.319434362756844337e+00
-4.938292950030926498e+00
-7.086639489579446005e-01
