-1.960990377330291690e+00
1.679781907564996679e-01
-9.948169938493311992e-02
-7.971584412246350837e-01
2.688391432717721408e+00
-1.251129231709755540e-01
5.248446347880006968e+00
1.933641965240922023e+00
-1.869118196686360145e+00
7.829407068057513186e+00
-6.489699715621025433e+00
-3.111800078156112370e+00
-1.687414462346774613e-01
-3.271292608496484178e+00
2.730692082578515922e+00
-6.014788646918968418e+00
4.731942171683628295e+00
2.988326175843489807e+00
-5.536374898840413117e+00
-1.899180767980661877e-01
