1.729354100470053131e-10
4.556110889069749925e-01
1.255517398470224755e-01
9.861342955780502129e-01
2.259931806249714653e-02
3.358838692414172104e-06
1.823296805568128467e-02
8.170542559273968539e-03
9.996951777951230689e-01
8.901471953017591810e-05
9.999992802718542517e-01
1.481911829682500646e-02
1.558855667736755088e-02
9.999999073395781091e-01
2.838505963469262552e-02
3.716374317634251086e-04
9.999973003206129585e-01
9.999997011227989008e-01
3.350869176193927747e-03
4.653817833367234202e-01
9.981195443506913900e-01
1.387178786458087055e-04
8.979079305111985487e-01
4.799474584422112194e-02
9.999983666567748841e-01
1.492049170184183149e-01
7.475944579083249443e-04
9.969034054342101880e-01
4.425685244333164327e-03
9.981832289881104048e-01
9.999999995560635568e-01
9.908457270949132534e-01
9.240569389729168526e-01
4.884876856122220661e-04
9.992862524071601804e-01
3.796537972298689480e-03
9.733997659580296835e-01
9.570097425272485747e-01
9.932969786620865493e-01
9.999129202621270807e-01
5.661550361604659413e-04
3.708033289721920922e-02
2.047871087120137212e-01
9.178566825243624772e-01
9.917900603248088753e-01
9.998703556657179137e-01
4.357747927254997642e-04
1.297330561697994655e-01
6.416330432786492288e-01
5.234836785459053704e-02
