5.598053183144550569e-08
9.984425542517630925e-01
2.548272583926017486e-08
9.999999998467832274e-01
6.529900953834629876e-17
8.015626473938783705e-03
9.999999998225930220e-01
9.999997284911215090e-01
9.999994097983380126e-01
9.999489390394635802e-01
9.999984784783011449e-01
1.273579040949655171e-09
1.222163029504066722e-07
9.972095413152917143e-01
1.645244921596470653e-08
1.181492125027991212e-21
9.999999999316848687e-01
3.758704686997824339e-09
2.842811616272557934e-02
2.281226484481245712e-05
1.553857040274260357e-20
1.896112239229647630e-04
9.999995238067633796e-01
8.248568041973796832e-07
9.999981362351559877e-01
9.922218245847411744e-01
1.682598877092509049e-01
1.885773402352443502e-04
5.692011749042242039e-11
9.999978077166438162e-01
