-9.995157595707190312e-01
9.918888599414060758e-01
-4.009291520577117907e-01
-8.227823677752739429e-02
9.672039642290394257e-01
-9.553314463435047532e-01
9.999726948563480988e-01
9.339839904431719297e-01
-9.999265627918143551e-01
9.999999995634976102e-01
-9.985322874137806393e-01
3.134811666573533717e-01
-9.436084555377372007e-01
-9.999893520161274862e-01
8.864509705753832458e-01
-9.974894158977353209e-01
8.755255569809465843e-01
9.771631956683749509e-01
-1.475260965424568527e-01
-3.796255810551539267e-01
