1.792471549912078022e-04
1.286532267370414824e-03
1.317632687830768258e-03
9.999999999999980016e-01
7.325226032386551978e-14
5.955227622795238788e-07
9.999999999819553231e-01
9.868327726093636398e-01
9.999999999856210575e-01
5.165967461215471672e-04
9.998713967521616341e-01
9.810328907749964709e-04
2.508181973210333315e-01
5.253415234378912974e-03
2.833502769647218140e-09
9.956167454653137356e-17
9.989979989207892208e-01
5.146393847064671852e-03
9.999970447874962920e-01
9.996056686797766266e-01
2.351248461207647107e-17
7.202281143281063250e-12
9.999999999999302780e-01
1.156835383666526273e-01
1.000000000000000000e+00
9.999999999979476417e-01
9.999999413998453823e-01
9.986538988352862134e-01
1.572276063471813100e-10
9.999999998612925101e-01
