4.283044325824190146e+00
-2.259827893538992605e+00
-3.194241364823806162e+00
1.070830834057672831e+01
3.554736889452761783e+00
-2.583924845340794363e+00
4.355992650835606717e-01
-3.261372202143313359e+00
-2.347549140495985398e+00
2.092072161569308086e+00
2.926952080754274821e+00
4.630193186822630480e+00
-8.582101303752200039e+00
-7.952548112327258778e+00
-5.909245421230214568e+00
3.724838441688908652e+00
-7.261528289982936535e+00
1.961979331667732307e+00
-2.031596004066321903e+00
8.699589877400336846e+00
-3.373730230673592345e+00
8.079249792932650109e+00
6.680715407669824302e+00
-2.090002442183017006e+00
9.361687532587925631e-01
2.515363448931026813e+00
6.395688117808409068e+00
2.481255590218570006e+00
-1.802737597455028595e+00
6.048487818658904835e+00
9.573911631045062265e-01
7.103175505231407172e+00
6.483333609016912469e+00
6.792359908612570329e+00
9.068037031947985271e-01
2.722987959556897319e+00
3.084548094028878751e+00
-1.294145395890169636e+00
-1.276072390896267272e+01
-2.426306661141185206e+00
