-1.533508290913985217e+00
2.174159459706124231e-01
-3.542980112582965191e+00
1.989339670151771156e+00
-3.595923229770786600e-01
3.695574297175238110e-01
5.149861179562986280e+00
-2.816019063105613007e+00
-3.633802609232429148e+00
6.295108710835481958e+00
-5.438182902829789001e+00
-3.536731005011819029e+00
-4.701525298606725300e+00
-4.615217970124532165e+00
2.220084104840785777e+00
-6.339239301294530726e+00
1.571894679640436943e+00
4.291244803159268706e+00
-3.638522311641409601e+00
-5.921828174533840361e+00
