1.815792516536148563e-09
5.062553911020881703e-01
9.856550217361241817e-01
7.670804928804604572e-02
5.847388986898994778e-01
1.841185551493083071e-07
7.445045115685977599e-01
7.248191274273160234e-01
1.634279900372881678e-01
9.806067512782277173e-01
9.996226095168792014e-01
9.849331702543357922e-03
9.999477037262021195e-01
9.998664337449598705e-01
2.808971665689250256e-05
6.954476858881655193e-06
9.999998617677998691e-01
9.999847872332023879e-01
9.985436289018301270e-01
8.539295249143717507e-05
3.064958695830734183e-03
1.096496371131382326e-03
1.647093479937730004e-02
9.995532349316574861e-01
7.490422589423674227e-01
9.966158760926097093e-01
2.683203046492050551e-03
9.999999911407194686e-01
4.896000925579108709e-01
9.312008647832900055e-01
9.998417917813786637e-01
4.733374159920273466e-03
9.983283664327942120e-01
3.613265584933509885e-05
4.126045597658065667e-01
9.378723043174285179e-01
9.346264381901501217e-01
9.662353352690924435e-01
4.638762581914757793e-02
9.999977472799300715e-01
4.963680175663116142e-08
6.464993539853004512e-01
8.681443437640099514e-01
7.203317533212848511e-01
9.961750995546323484e-01
5.426266087770917901e-01
1.149282300626135872e-02
9.889024711013135738e-01
9.999913377133974324e-01
9.999991689546786633e-01
