3.850408242262487235e+00
4.311007140688570161e+00
0.000000000000000000e+00
9.213267312043482704e+00
5.049656910087422901e+00
0.000000000000000000e+00
0.000000000000000000e+00
4.527437525955167352e+00
0.000000000000000000e+00
2.561282018850548070e-01
9.688117582159135877e-01
6.865880349799677873e+00
0.000000000000000000e+00
0.000000000000000000e+00
0.000000000000000000e+00
9.723052039209791886e+00
3.777952719878720611e+00
0.000000000000000000e+00
0.000000000000000000e+00
1.015583136848210799e+01
0.000000000000000000e+00
7.163808615117341905e-01
4.224019235841725894e+00
3.334528363505296689e+00
0.000000000000000000e+00
3.663953504846218845e+00
1.810510993950329217e+00
2.613421051293937647e-01
0.000000000000000000e+00
3.122926740775648025e+00
1.790099133257097463e+00
6.115902880983837164e+00
0.000000000000000000e+00
8.642113480414048254e+00
1.507227206566360334e+00
0.000000000000000000e+00
7.505922051661294780e+00
0.000000000000000000e+00
0.000000000000000000e+00
0.000000000000000000e+00
