9.999975624136451247e-01
8.503755031269430997e-01
2.974163477133190683e-15
1.000000000000000000e+00
1.110761024079821269e-17
1.392223792701536933e-07
1.024047560438939991e-01
9.999999944462507617e-01
9.999999999999982236e-01
5.213994321781980634e-01
6.125296419402137538e-01
1.155838532094700022e-04
3.787928652128071639e-07
1.260231832557115731e-09
9.999994071583326871e-01
4.047634075569341345e-15
9.999982670628010384e-01
9.962972505392717615e-01
9.999997426347445595e-01
1.623591834074175622e-01
3.183972435873620855e-16
6.078909223922831682e-05
9.998525400252555873e-01
9.983350438604818855e-01
9.999999999988213872e-01
9.999999986438548039e-01
9.999999999258031291e-01
1.739258309146191661e-05
3.812008232682784692e-04
9.999831669840774095e-01
