1.292449976950894630e+01
1.737549219031679026e+00
-3.344881357960967705e+01
3.874179314103434990e+01
-3.903890119321671648e+01
-1.578719319212699368e+01
-2.170786078863527813e+00
1.900879259565530788e+01
3.399382679087248960e+01
8.565005056976082720e-02
4.579579857144113753e-01
-9.065398699067127808e+00
-1.478627593225439796e+01
-2.049197013755468078e+01
1.433833788359209471e+01
-3.314064386336296053e+01
1.326569105326966636e+01
5.594970016191457951e+00
1.517276927645162488e+01
-1.640778326340629034e+00
-3.568323187703493460e+01
-9.708039398107057849e+00
8.821806305826214611e+00
6.396290154809100237e+00
2.746664295439632042e+01
2.041861963516362266e+01
2.332430051023280626e+01
-1.095944930899507064e+01
-7.871802953012345228e+00
1.099215153345182472e+01
