1.158014563679416187e-01
9.999467302724582840e-01
7.557443073747542872e-01
9.566227377374174508e-04
7.753650519914743189e-01
4.413249265938842673e-05
1.550548579088654455e-01
8.855894192271160925e-01
8.596468055660865248e-01
9.999851649550836052e-01
9.104353421182964645e-01
9.999994453966307706e-01
9.997761706636020262e-01
9.947713332928446173e-01
3.277207721576429059e-05
9.170416002775957365e-01
9.927920409743733465e-01
9.995894245517736865e-01
1.115966128473190877e-01
1.660173692274550399e-07
9.621795541800101104e-01
6.839320097307054480e-01
4.856209731257791519e-03
5.432727013507218095e-01
6.573983805687230175e-01
6.371251295896634970e-01
6.902258976775824811e-06
9.999814833952188620e-01
2.093086938708717260e-01
3.138833974442009622e-01
4.003240251544588901e-04
9.210744428395226668e-01
9.713652814368819444e-01
4.044071820442763920e-01
4.355378175350126391e-01
7.976463815655219225e-01
4.394036356273990640e-02
7.749877628233418081e-01
9.879790253968353531e-01
9.999999495901471525e-01
1.851406113242139401e-04
9.295320875603260147e-01
8.769821826630629369e-01
9.683589201908949784e-01
9.995264287385826618e-01
1.168340207605717274e-01
9.992869791413915292e-01
9.999984925045520834e-01
9.978373114006955369e-01
3.614377183784398505e-03
