7.032388568205813151e+00
-1.398686932460190313e+01
-2.160687522139712868e+01
2.248386407221218519e+01
-4.539865072651733158e+01
4.838129917844036232e-01
1.228529902280598307e+01
-4.538955956661697044e+00
2.386326032325039037e+01
1.954239975222101222e+01
1.703891320262834697e+01
-5.988148905179690118e+00
3.241547888173062120e+01
-1.537405467149634397e+01
-1.001719661145621920e+01
-3.365935757934125405e+01
4.403434657959195420e+00
-3.614914669003416403e+00
-5.805906239946018843e+00
4.919691424970007887e+00
-2.648308583600504207e+01
5.141262791558746770e+00
4.630298020308082840e+01
1.347128920397800833e+01
2.398620151468443140e+01
-1.321833221973364303e+01
4.555272428931507633e+00
-4.950583233371496306e+00
-2.289941453182764164e+01
5.382408680993422401e+00
