8.364133456871032379e-01
9.834472991416128851e-01
8.041089482255929702e-13
9.999999999999815703e-01
0.000000000000000000e+00
9.999976372651643297e-01
9.999994581409642480e-01
9.999975528817693915e-01
9.817998996822600022e-01
9.999999999992235100e-01
3.227327532556609757e-01
5.754285718263485034e-06
9.999999895958547880e-01
3.944051183259363008e-11
9.626218190976651989e-01
2.460289783662958661e-20
9.999986327117905693e-01
2.070869631093616783e-02
9.951184584484144002e-01
9.838407691914310416e-01
0.000000000000000000e+00
9.999999999974906739e-01
9.999999904901047953e-01
9.994472133519455292e-01
9.999772000218205559e-01
1.046974371380784654e-04
9.519988056268580134e-02
1.116082268268098502e-04
2.583018124108747571e-07
6.028242399844270238e-01
