-9.994342440685619611e-01
-5.937447731915912463e-01
-2.496109316660728439e-01
-7.543008970521607459e-01
-9.916634225076966791e-01
-9.126943356417482889e-01
9.999740348580687943e-01
-9.097518969220024232e-01
5.940841939528597182e-01
9.999946920371037828e-01
-9.999943167100627806e-01
-9.324038672927104088e-01
7.328924178211650986e-01
4.071100460397738541e-01
9.973240008554634661e-01
9.989218907126932168e-01
9.996500296091694882e-01
9.947063341092950983e-01
9.792466582229278904e-01
-9.998880337005542351e-01
