-2.764763040393492410e+00
5.487454300045611966e+00
8.739713858858614515e+00
2.565863050370319698e+00
-8.198310210971984091e-01
4.923908479005745242e+00
1.799229989140072705e+00
8.952088827789697945e+00
-5.431167113266030633e+00
1.763463396946620687e+00
-1.289823113408185229e+00
4.968012485648966248e+00
-9.545392117755274741e-01
-8.326965269866013486e+00
3.953106194097864901e+00
6.623278468619489878e+00
4.936898720764188120e+00
2.787152096757266051e+00
-5.365464376537797397e-01
1.533243310578444873e-01
-5.527514091617498071e-01
1.771963530535498599e-01
6.520086957229684899e+00
6.643291293701214073e+00
-2.518252176660658925e+00
1.821974663883857648e+00
1.571193467701013091e-01
1.320467803251950123e+00
-7.848339792521525027e+00
3.911757591916446675e+00
1.566370419836558225e+00
2.508704102762287391e+00
6.459068633326210396e+00
3.775486799754946610e+00
-3.598953012064897816e+00
-1.105184412774647740e+01
2.638287789842628683e+00
-2.286522387132209122e+00
-4.001721436958175282e+00
-2.053795123011266544e+00
