1.887789645267002925e+01
2.164506186159484535e+00
3.107725434081208604e+00
-1.377825195402911707e+00
-3.863087001916327701e+00
8.581429450576105733e-01
9.301828966552687206e+00
1.788782761857757198e+00
-8.600394994289992212e+00
4.588484603518886651e+00
-1.255510619943493822e+01
-4.980549619691169383e+00
7.055794752838441042e+00
-7.776451354440187202e+00
2.908607682208377732e+00
2.745206480798612958e+00
-3.825799464349252776e+00
-9.916381206568905426e+00
5.384858798668425983e+00
-3.213907580146510679e+00
-1.433076704217116060e+01
8.987024515654242762e+00
8.583801267695978510e-02
1.090573531265536245e+00
-2.648132371612478053e+00
-3.942894177357654684e+00
5.887201513854172674e+00
-3.863226511529467722e+00
6.899473865261565919e+00
-3.235927924149693435e+00
-2.116589285419968292e+01
-3.705603079009029521e+00
-3.845587259523792767e+00
8.696594675861682333e+00
3.275217388888441938e+00
1.634816989748976379e+00
-3.505103952393712419e+00
2.245841105206995536e+00
-7.451130530691872700e+00
-8.487909565947420631e+00
-2.538933219963212196e+00
-1.380682424836177979e+00
-5.504525156802473340e+00
-7.034943331524125654e+00
-2.943596183358367480e+00
-1.257589427751326205e+00
5.952928135407989707e+00
2.400135079537633054e+00
1.718092417544065942e+00
1.539619530174267226e+01
