9.999999554235952104e-01
7.498523497487690204e-01
9.762495415876161209e-01
3.900510467838490258e-02
1.460493989965556960e-01
5.917482335452858289e-01
9.999680553984249265e-01
1.736723295244526621e-01
1.497891220994774890e-03
9.975679522403243515e-01
1.825805985179995898e-05
1.907298209464632077e-02
9.997689826710224326e-01
1.306804445911400854e-03
8.786175114816330289e-01
9.467318004423623812e-01
8.029728459803989193e-02
2.949287191569496683e-04
7.760114665368226250e-01
1.469048938954358764e-02
1.900917592681594532e-05
9.998236602727558209e-01
7.135188965379621884e-01
6.097321050427481071e-01
1.626817871598050524e-02
1.014462823345986531e-01
9.978789741921720857e-01
5.358213756046310838e-02
9.987440851889635152e-01
3.200163474774792710e-02
4.533470899858798757e-10
1.553146770658373962e-02
1.138535779892506511e-01
9.998054694801243869e-01
8.396559156223395437e-01
9.473401674910136849e-01
9.909682244940962864e-03
9.667800548057099430e-01
1.187126807725106918e-02
3.290190658688839712e-03
7.348225214286469020e-02
1.986362332747445558e-01
6.282980345451996684e-02
4.128039052432645913e-03
1.401173495272917645e-02
1.920050844760832348e-02
9.975225496092592348e-01
7.444561292603399938e-01
2.112093939496988426e-01
9.999998925821678153e-01
