1.074126048519552290e+00
1.154958716391128570e+00
6.389626831601049162e+00
4.865596184963226101e+00
2.457084059922336028e+00
1.015980545452862760e+00
-4.671806674189681874e-01
5.882107834233301524e+00
-3.417431947641877965e+00
1.298175605103706332e+00
3.537145808109017242e+00
3.363443066620765420e-01
2.052672008406447368e+00
-1.187141633993197587e+01
3.733889553850782583e+00
6.937248698135823233e+00
2.326216967724815010e+00
-1.664128182883563567e-01
-2.677831591337388462e-01
2.857360678209957427e+00
1.132344620732714802e+00
-6.723730517475905444e-01
6.363450007263027786e+00
7.613454366001636053e+00
2.560266320154351405e+00
1.159158266527946513e+00
3.404777620815867323e+00
9.595008683802143112e-01
-4.389215127092503721e+00
-1.013139687925089572e+00
2.139162349012643460e+00
1.177306268967181158e+00
3.448979840468778590e+00
3.493739095359074120e+00
-5.270940291878237760e-01
-7.061962568356171310e+00
4.214062520683832247e+00
-1.588679112883559341e+00
-2.903504763968176139e+00
-1.262733117690203688e+00
