8.670917304124138525e+00
-6.550814803274244369e+00
-2.057403246361531046e+01
4.135216140978858590e+01
-3.832781301746297942e+01
-1.248045472007975754e+01
1.882529072457771457e+00
1.212076274906607765e+01
3.412431455087394028e+01
-4.209855546006255889e-01
2.204280977792431706e+00
-2.189700876574913480e+01
1.211305343386552380e+01
-1.039646361925913176e+01
-5.913479639263159449e+00
-4.104302272474620139e+01
5.257574397265601718e+00
3.160406972521775604e+00
-2.127590655480859461e+00
-1.350704766966512338e+01
-3.988693780822702450e+01
6.346381951810578848e+00
-5.200531839773898657e-01
8.790756677533774877e+00
1.178406198463957821e+01
1.025079100518951236e+01
2.932173403700894454e+01
-8.499566492067765822e+00
-3.529072958326643317e+01
8.961379510712695895e-01
