-2.174980624922445926e+00
2.921852300010613135e+00
4.737291424462197753e+00
4.577333626362753982e+00
3.296805407562185319e+00
-7.355734351806504367e-01
7.646322155064277926e-03
4.466000501658963451e+00
-4.565693277198676903e+00
2.455670059606238631e+00
2.442705793665608471e+00
3.853946537268617689e+00
1.448690363850538843e+00
-1.077219591300048940e+01
1.822053044875787897e+00
6.705141915267480712e+00
4.110391688653749043e+00
2.145627768605659291e+00
1.115073864172066109e+00
2.711393262277493221e+00
-2.032039325389564333e+00
2.158386332939589813e+00
4.202739071612942467e+00
7.833567287294066261e+00
2.144502016953987678e+00
3.619112094922628753e+00
4.966386116606953394e+00
1.532148067223292109e+00
-5.317463716825766795e+00
5.802482082020503640e-01
2.501998794374962642e+00
-2.792544624230961503e-01
1.362580702724959902e+00
4.966500454359615624e+00
-4.040222531972198716e+00
-6.856049349429709672e+00
2.387445730273247690e+00
-1.153391260960554554e+00
-1.254723840546973834e+00
3.110536273712416921e+00
