9.999987678751796061e-01
9.992721139462198421e-01
9.078325362323342862e-01
1.349963771605139362e-01
1.415902120370078343e-01
1.510757793651940984e-03
7.461621140132000951e-01
5.179415875260227065e-01
5.022333964180350496e-02
9.946307045980822270e-01
1.012281494372387503e-03
9.944265701460575091e-01
9.943204955597159111e-01
2.714809848274434955e-03
1.042150249225203412e-01
9.868012932089883504e-01
4.386936924422895068e-01
4.361891938575337481e-07
3.256983503950215686e-02
3.383215224611770797e-05
6.582127219560063057e-06
9.999377865599125004e-01
5.566620177947467774e-01
9.833257624627240734e-01
4.604593362352580807e-03
5.832638256665668985e-02
8.040849330868286016e-01
1.638356078536309284e-03
8.612224632173615113e-01
3.842583311287640739e-03
1.669147849585604571e-14
4.206077128777720442e-01
4.403476996808772053e-05
9.091980573883623462e-01
8.578873273635174712e-01
2.222312743295900683e-03
1.242512539180740117e-01
5.216731742375393943e-02
5.583102594266914354e-01
9.893806537271863100e-01
5.197736831810735314e-01
9.444698003179872181e-01
3.395085725295513557e-01
5.233122561784432358e-01
2.694010867472422174e-03
6.616219812735310915e-03
9.998695796785288525e-01
9.999847790293162619e-01
9.815152514289396946e-01
9.986237910530251227e-01
