1.007339917719049538e+01
-1.749889066848664498e+01
-3.266119658550550753e+01
3.660119259426698335e+01
-5.055834259170423906e+01
-5.614740546817772682e+00
-3.583973948574413537e+00
1.747843067309323217e+01
3.691082514285313465e+01
8.913425710099053489e+00
-3.803259762731261873e+00
-2.624936845257511031e+00
3.291108765584816354e+01
-1.421874336178055209e+01
6.889099912877262533e+00
-3.896750514441310287e+01
8.718879410136968211e-01
6.730163814485594642e+00
1.251284368023665605e+00
-1.937653615231009141e+01
-3.372865760063783824e+01
-1.858533988300223427e+00
1.801312066049379013e+01
1.608149087295698720e+01
2.790653176436349980e+01
-9.227054282912749983e-01
4.109124381457360187e+01
-1.024611628182707257e+01
-2.968483930925405545e+01
3.710346807380761280e+00
