9.999610044117651642e-01
9.715534553039636423e-01
3.223728338853464881e-01
1.124807774409352637e-03
3.692998267755613906e-01
8.086812736453080630e-02
9.654366209116144182e-01
9.971173400669517406e-01
4.358369902161217217e-03
9.999037392657791345e-01
1.570308404065610952e-02
1.867956354291477050e-01
9.997919671990956880e-01
4.479135727071002077e-02
9.984774392553469324e-01
1.252903997965250371e-02
7.416770391889107583e-02
6.362432583769533234e-07
7.889499779317228345e-01
1.369129281653784676e-03
2.095782198941203869e-05
9.999244640212505697e-01
1.428837658767002222e-02
9.890572079818514828e-01
2.519191294346826565e-02
3.924975553492141694e-03
9.993743163613858504e-01
8.337828297316644821e-02
9.944905161077098876e-01
6.846662786944147927e-02
4.172362338936779545e-12
8.879342091887045818e-01
2.972202654713042985e-02
9.999900732713620233e-01
9.902532595100616009e-01
8.885229759666048999e-01
4.842362401748852052e-05
9.970165839255017426e-01
5.849001889017815259e-01
9.928528240825081896e-01
9.767108142104991442e-04
8.539404295244434895e-01
1.251976773350508554e-01
3.716638352590596606e-01
4.614690899768250643e-01
5.006275326358128590e-04
9.997988921826438391e-01
8.324703812709576267e-01
9.977987011854053678e-01
9.999997622113824258e-01
