2.241458010859941297e+01
-2.300976252812324674e+01
-5.081287252066336180e+01
3.930132821017444655e+01
-5.148530322009938942e+01
7.497391706997834859e+00
1.609310065742997731e+00
3.280092778971348366e+01
2.831634727580181021e+01
1.316997638321545239e+01
-1.231261948469633083e+01
-4.343379915017616000e+00
2.371870576738586678e+01
-1.076111772100274244e+01
6.361820061709466678e+00
-3.013146829212330147e+01
4.230654835939544611e-01
1.052003798699294101e+01
9.314236535434964992e+00
9.183295535220088457e-01
-4.314641911484964254e+01
1.533941328116909197e+00
1.190951533929492889e+01
1.605854879803743529e+01
1.654568751422431916e+01
1.296305735022098116e+00
2.432288094533883438e+01
-1.664729122068196432e+01
-2.564259155625654429e+01
6.319332487529487175e+00
