1.518622710115584340e+01
2.318464446038685622e+00
-1.104588743295499276e+00
-5.836737208280299072e+00
4.251623478254987099e+00
1.589645249686019746e+01
1.513944613245548076e+00
1.220358929354888655e+00
-8.022548432001162411e+00
1.167790858489835593e+01
-1.486944489352734244e+01
2.404519377122928070e+00
5.769077406745473091e+00
7.565801044319405477e+00
9.628270588685580833e+00
-2.004640072718965271e+00
-2.369848205986660261e+01
-5.610190143517180594e+00
4.998229032785245884e+00
6.406401564039692076e+00
-4.430993292121472749e+00
6.573656688061859654e+00
2.276050949718588789e-02
-5.113698736570683856e+00
-5.735407160166012375e+00
-7.139168804399749213e+00
4.917831499644672810e+00
-2.375226994072485276e+00
9.484059748262630762e+00
1.643920926486082568e+00
-5.913593865226487445e+00
2.867705210353650891e+00
8.733336210124086563e+00
6.972125400677378515e+00
-1.290402616074982234e+01
3.708199228153429061e+00
-2.277047371047471458e+00
8.832108544071623157e+00
-1.838610234525185128e+00
-8.135317944557968417e+00
3.772001846114291013e+00
2.946985672876533346e+00
-7.911788336859705062e+00
-1.117632317464771985e+00
-9.954109438103783125e-01
-5.564229360171887073e+00
6.850920777738539691e+00
2.997604992058537920e+00
1.791917260655103927e+00
-1.004536184860790016e+01
