-9.996176485416222723e-01
8.596968442715393621e-01
-9.886140194406987103e-01
-9.832967786788111564e-01
-9.937749392587199582e-01
-4.410366179081980920e-01
9.998987698198404939e-01
3.341922919690915039e-01
-9.946308107087795669e-01
9.796618747218315271e-01
-9.999991478842978898e-01
6.257859006232913135e-01
1.764944611983540468e-02
-9.508359989473144092e-01
7.809205423552839642e-01
9.338696242014881133e-01
9.968338057644288153e-01
9.906833619604762387e-01
-8.016363942937397846e-01
-9.999971318290613587e-01
