9.999940131345276262e-01
1.145638698455789283e-04
0.000000000000000000e+00
1.000000000000000000e+00
0.000000000000000000e+00
8.915760338792563799e-02
9.909535188123322902e-01
9.999999999409956430e-01
9.999999999937776440e-01
9.999996653552735149e-01
9.999781333703330333e-01
1.063640697435591946e-05
9.999999961095042966e-01
2.585297454817085645e-10
9.999626223857204232e-01
1.751168566285902950e-12
4.782019105364678224e-01
9.999648984490501213e-01
2.687791082508960631e-04
9.867864233080299030e-01
1.218265252562232804e-11
9.999981220976430496e-01
8.479761488201566222e-02
9.992072929422858296e-01
3.280593977118850813e-02
9.074764070326736265e-01
9.999985761902128178e-01
1.954478018700573512e-06
1.508404394735252488e-09
8.675690937885122134e-01
