9.999936324373147611e-01
6.565479053446908563e-07
3.424092196406010607e-20
1.000000000000000000e+00
2.365198772702174160e-22
7.706595903550197968e-02
9.999829274205809249e-01
9.999999994617312371e-01
9.999999993142210108e-01
9.999999656033567996e-01
8.992736738008398900e-01
1.867870869306731190e-03
9.999999747528929284e-01
1.755033963459956242e-10
9.999933977701868093e-01
1.113418900593601334e-12
3.291232566492753485e-06
9.999999124879658252e-01
1.342334851982969398e-06
1.108396560808251434e-02
1.200602890930712421e-09
9.999998809780692444e-01
9.786896332253580688e-01
9.999740486090535896e-01
8.545242224246304419e-01
7.945319420929251031e-01
9.999999870823024217e-01
1.287137467394504741e-07
9.400229176724120168e-11
9.811804615082793113e-01
