9.993538729332227533e-01
2.026630404041843570e-03
8.327276667833686512e-22
1.000000000000000000e+00
0.000000000000000000e+00
2.406690802613347183e-02
9.999997968605538468e-01
9.999998721348687392e-01
9.999999999957074337e-01
9.999999997207567048e-01
9.999891840668720944e-01
6.070860656725112061e-06
9.999999999956052932e-01
2.948289906609828149e-11
9.999966911653269674e-01
3.780321432190050241e-15
8.224808100307842013e-04
9.999783337823262563e-01
9.605449785252554774e-06
9.749590303195738994e-02
1.118374299050754683e-10
9.999877062767793534e-01
8.503618734819878844e-01
9.993603506360223543e-01
9.921272099142848244e-01
2.119217685537997387e-01
9.999416784950450054e-01
2.133626667360719650e-03
1.844563274324350704e-09
8.996350121585456883e-01
