9.999999990208705558e-01
9.365802366141050550e-01
8.972420583561320218e-01
1.969518467814877348e-04
1.409485948929674239e-03
9.999218672935836771e-01
7.606343567411048834e-02
9.124706635503990748e-01
4.598581787345155242e-04
9.999900666150849382e-01
8.392462717894701499e-07
9.973458535502085498e-01
9.998742633267712066e-01
3.977883114794858064e-04
9.930092355472970311e-01
7.407441569498699474e-01
4.220511657518263793e-06
8.375310738714163630e-07
9.994012094904002330e-01
3.617236335893427857e-01
2.589706734689900709e-04
9.999994783611688698e-01
3.806608395092598435e-02
8.452906029999179838e-01
5.575252573644053169e-07
9.191987283104837703e-01
8.027779429830648183e-01
9.066898958224914873e-01
9.994825638138711277e-01
7.340687225334698029e-02
2.630393968986652419e-10
8.144693320228533952e-04
1.642045797968023357e-01
9.821314160331033882e-01
3.353302652489486765e-03
8.307000561980454334e-01
1.545960463261636941e-01
5.137998919227995120e-01
2.159730635292250386e-02
5.305288945791254360e-03
1.805567590482524409e-01
9.994523495379968869e-01
1.955619030217821809e-04
2.573243157925915181e-01
4.161138051072326913e-03
4.252039848030720291e-03
9.999849939874004834e-01
9.818600630287696029e-01
9.355895046159663497e-01
8.954623877724420256e-01
