7.343868039829774652e+00
-6.199352077776483227e+00
-4.853733557377593399e+01
4.577486872907650195e+01
-5.739544407693492190e+01
-3.702556244790650375e+00
1.540937296336483975e+01
1.587228966226632387e+01
2.617415268919588911e+01
2.199893799084220802e+01
1.143447940538863605e+01
-1.201200410347750136e+01
2.615060407870734593e+01
-2.424721071331468636e+01
1.261891118421423563e+01
-3.320896735392354060e+01
-7.102362587633539448e+00
1.073973463324434618e+01
-1.155317032910347841e+01
-2.225362872837634232e+00
-2.291397481770009037e+01
1.130640943929851794e+01
1.737442102919961595e+00
7.353950546503493335e+00
4.836438813570835826e+00
-1.313380173102024262e+00
9.749481342265305273e+00
-6.147796180319977211e+00
-2.011102329331232141e+01
2.193175719264238044e+00
