0.000000000000000000e+00
6.115662301852220040e+00
7.689913032509596569e+00
0.000000000000000000e+00
3.988530876862468877e-01
9.157021676498706686e-01
0.000000000000000000e+00
9.466345152644437988e+00
0.000000000000000000e+00
0.000000000000000000e+00
1.590952379036850051e+00
1.433710320115237469e+00
5.367983358806629468e-01
0.000000000000000000e+00
3.112137368275190497e+00
6.066299955439796499e+00
5.477874582611292453e+00
0.000000000000000000e+00
9.020304545470815283e-01
3.121742563182443586e-01
3.467061685962662843e+00
2.334134043060118291e+00
4.106039317388630039e+00
6.141568060803956897e+00
6.844035472890643845e-01
3.558465773007076116e+00
0.000000000000000000e+00
2.815930028382778172e+00
0.000000000000000000e+00
6.044950550539620604e-01
1.289450728906472943e+00
0.000000000000000000e+00
5.798520988643109497e+00
4.726422797296006451e+00
0.000000000000000000e+00
0.000000000000000000e+00
0.000000000000000000e+00
0.000000000000000000e+00
0.000000000000000000e+00
0.000000000000000000e+00
