0.000000000000000000e+00
7.419602195714461779e+00
8.394381545572350944e+00
1.037797921476723451e+00
0.000000000000000000e+00
6.224141062373296229e-01
0.000000000000000000e+00
9.351970004412008208e+00
0.000000000000000000e+00
0.000000000000000000e+00
2.524936051681571092e-01
1.017629414243405250e+00
1.422266937535633602e+00
0.000000000000000000e+00
4.077027902571167317e+00
5.829101430576693055e+00
6.529269644163270492e+00
0.000000000000000000e+00
1.199653497619268983e+00
0.000000000000000000e+00
1.291441158567817382e+00
9.367122748441630842e-01
4.476414185522177291e+00
4.341372938274314919e+00
0.000000000000000000e+00
1.365402837513721490e+00
0.000000000000000000e+00
2.162221916677899092e+00
0.000000000000000000e+00
7.730423238181420853e-01
1.040379536156863072e+00
0.000000000000000000e+00
2.724735514296700245e+00
3.897505657830361514e+00
0.000000000000000000e+00
0.000000000000000000e+00
0.000000000000000000e+00
0.000000000000000000e+00
0.000000000000000000e+00
0.000000000000000000e+00
