-6.767673226351722526e+00
6.737208996640324798e-01
-3.907243689244777052e+00
2.655717578286697633e-01
-3.064201953567269321e+00
2.351023584874716299e+00
4.436989297802954368e+00
-3.539887844861766553e+00
-3.277937129970540653e+00
2.087289856694178880e+00
-5.311741364780189656e+00
-3.562536067130653628e+00
-1.312705851094602583e+00
-2.546850788024152656e+00
3.382038210076481199e+00
-1.811499288719260248e+00
9.030288918763189621e-01
5.261266784671355667e-01
-3.399488055541683984e+00
-8.113630417169137132e+00
