9.999998092890538537e-01
2.275934578714258066e-04
1.644846435042235520e-14
1.000000000000000000e+00
0.000000000000000000e+00
5.963782739252226905e-01
9.979125056746945832e-01
9.998253216880147454e-01
9.999999999311586230e-01
9.998965606741331280e-01
1.773482074834125928e-03
2.055979063664188384e-04
9.999999992108983271e-01
4.664295231808272698e-12
9.999934955371142520e-01
5.267265847459088075e-17
6.125554205326644991e-02
9.999966130097048822e-01
9.020045268636454061e-01
3.088279783386241057e-03
2.298801748014674432e-15
9.999988012881221300e-01
5.111036482052557783e-01
9.999685815712827663e-01
9.999388266223392385e-01
9.998961803981291085e-01
9.999999999239568282e-01
4.854240432155196988e-02
5.163964432018486003e-12
5.097859694089439397e-01
