9.999999998881787810e-01
9.316224394414059917e-01
9.370854840188228563e-01
1.191155492066022122e-02
6.210726114388180966e-03
9.988962985337466183e-01
9.435397636088331819e-01
9.323077010782589158e-03
1.209254174963210037e-03
9.999940580354330644e-01
1.347025782639622224e-06
8.794716328511016368e-01
9.998919545780156071e-01
7.815640165960716090e-03
9.978883747872847598e-01
6.163275685688475169e-01
1.500241376033347907e-06
1.261320769349617089e-07
9.986086883897999922e-01
1.622947599228825311e-01
1.830494237056301890e-02
9.999995964127247339e-01
7.911032023968737059e-01
7.128856813846774776e-02
1.823838518067502081e-04
7.564557888504671590e-01
9.993540137803353929e-01
9.547376717352251685e-01
9.966607756665938345e-01
1.866804828361659507e-01
2.141275331280798554e-09
1.821765403281950542e-05
3.649994048186493145e-02
9.999437877545745978e-01
7.336423046986898650e-03
9.719437973718897394e-01
5.061166322094220842e-03
9.301039918253204419e-01
8.298733699702687261e-01
2.933270085559238922e-03
2.507722212528896155e-01
9.991638004249618898e-01
2.101179071449062766e-07
1.712235465939096002e-03
8.918798474008563654e-03
9.546543518227760400e-03
9.993734350342661221e-01
5.616591960765391356e-01
9.994253811047133507e-01
9.726442443132959914e-01
