-5.608814988236969334e+00
-1.052768714014939988e-01
-2.975079305592634782e+00
-1.473326032313552414e+00
-1.593659773088175413e+00
-9.001450808019971772e-01
5.322488207900558876e+00
-2.900255810570213200e+00
-3.346466738206533176e+00
7.961757944162926037e+00
-4.094671915216465230e+00
-8.261533089492834048e-01
-9.717931230721704727e-02
-4.818963232265111252e+00
1.256814858853842587e+00
-9.630049488225588261e-01
7.204261947290495627e-01
2.042864128099117327e+00
-1.068352398429240901e+00
-5.974787093853406894e+00
