-9.999999473177376696e-01
-9.008900412255647083e-01
-9.999747890859547184e-01
-9.998735024937287497e-01
-9.993206244055115040e-01
7.373834739893945223e-01
9.554432176736713522e-01
8.235276290013072986e-02
-9.923125890076285316e-01
9.999990685671749091e-01
-9.998048651230873052e-01
-7.581243836352113963e-01
7.822867341145941511e-01
-9.371529634518446228e-01
9.377640663919848407e-01
-9.966125492930398844e-01
-2.516502016696162691e-01
9.994023822416304714e-01
-9.992854973145496311e-01
-9.999973738588177063e-01
