-6.168644898427947387e-01
6.236630718283042718e+00
7.586502911352316580e+00
1.815263315645594955e-01
-3.075837718555924472e+00
3.904815177590313713e+00
-3.235246860303922389e+00
9.920318781517202922e+00
-6.524855599627644054e+00
-6.148534780578703840e-01
3.843325252207392406e+00
3.701831122917645711e+00
-1.148210824392130291e+00
-7.738862963977570786e+00
7.383488145175501893e-01
4.604458347898781057e+00
6.245413458350433267e+00
-1.768033903536471996e-01
-2.553964404507327757e+00
-8.228687667481044965e-01
1.325383154616983639e+00
2.167014170675679585e-01
7.107722593016875479e+00
7.003745728152026118e+00
-2.013333116775280374e+00
4.353142377968701737e+00
7.509816583245263466e-01
8.288009454057840841e-01
-6.857435147486927285e+00
3.059671249666781723e+00
3.906168663962616083e+00
1.424095516902091685e+00
4.293786484426012962e+00
4.267189365125743095e+00
-3.094112574855470310e+00
-1.108203869652215090e+01
2.601595095463173024e+00
-2.096209689430790224e+00
-4.388543936784010668e+00
-6.509631872112541240e-01
