0.000000000000000000e+00
4.642545605928233066e+00
6.318719534187420273e+00
1.174811618146378800e+00
0.000000000000000000e+00
2.960749787999223059e+00
0.000000000000000000e+00
1.043135746001366648e+01
0.000000000000000000e+00
0.000000000000000000e+00
2.323652525967713878e+00
3.134234593657774681e+00
0.000000000000000000e+00
0.000000000000000000e+00
1.023251370076858624e+00
4.400819928666977354e+00
4.913109254003770410e+00
2.074397703195425713e+00
0.000000000000000000e+00
0.000000000000000000e+00
3.893689799154029352e+00
5.328843014549453638e-01
8.172027402172329147e+00
7.052363482664853578e+00
1.601511811997599066e-01
5.189125443280112826e+00
2.886934168488373587e+00
1.409464006908198730e+00
0.000000000000000000e+00
3.173328611686657030e+00
2.718447415222273289e+00
4.522334335975366493e-01
6.828147071667236112e+00
4.652638645167952447e+00
0.000000000000000000e+00
0.000000000000000000e+00
1.892437557670462400e+00
0.000000000000000000e+00
0.000000000000000000e+00
0.000000000000000000e+00
