3.218485666370706877e+00
-2.045858172195215730e+01
-1.957715142104171946e+01
4.633999018693993577e+01
-4.408798614905502689e+01
-5.575511987203800146e+00
1.421243440176267114e+01
2.047797600757776593e+01
3.833513309789344703e+01
1.885882145560249867e+01
4.352167059355505074e+00
4.298225764809596505e+00
2.077798149329976596e+01
-1.220231381674761728e+01
2.390713881751865344e+01
-3.751599089591682201e+01
-1.740887975419274625e+01
6.523456848081883308e+00
-2.887896363917640841e+01
-1.400444775550792187e+01
-1.956096603204852613e+01
7.348932282283720419e+00
1.587664004008743390e+01
1.725491655838621696e+01
1.821053003282356997e+01
-8.181338023495298373e+00
3.295645167647977303e+01
-2.214366911153987161e+01
-3.198388059718447352e+01
1.164158789386242354e+01
