-1.961152339162655078e+00
5.464189892719284458e+00
8.773135036072652326e+00
8.346040137263571745e-01
-6.596953003676608862e-01
1.817668313506062505e+00
4.931496787135561388e-01
9.145639532136673466e+00
-5.023073872486395253e+00
1.678527783465262324e-01
1.837262989060679086e+00
4.440841345834998677e+00
-1.400197466626637688e+00
-6.584505122459070492e+00
2.243855836505495471e+00
4.945310393206961308e+00
6.370609990057251260e+00
7.790357623532457865e-01
-1.125732639405483404e+00
1.454693004255104727e+00
8.315529557161813745e-01
-2.512635095743886993e-01
5.783530699250777118e+00
5.773125762066401379e+00
-1.849887703284045726e+00
3.379602897728189337e+00
1.840166540596980482e+00
2.983366989160562976e-02
-6.410032954756982093e+00
4.020048023811068738e+00
2.934888046784756899e+00
4.916507992039471642e-01
5.660512141878855985e+00
5.195666217532836306e+00
-2.544557019210631044e+00
-8.064331788704276249e+00
1.142038728831545447e+00
-2.097461138213847942e+00
-2.836665803990296553e+00
-1.080934676997642452e+00
