0.000000000000000000e+00
5.225772496007021317e+00
8.210351810653687465e+00
0.000000000000000000e+00
0.000000000000000000e+00
4.485064407229334971e-01
0.000000000000000000e+00
8.645917612645780181e+00
0.000000000000000000e+00
0.000000000000000000e+00
0.000000000000000000e+00
4.646721155775133560e+00
0.000000000000000000e+00
0.000000000000000000e+00
2.651440819288628070e+00
5.242922011894379786e+00
5.061874491270786258e+00
0.000000000000000000e+00
0.000000000000000000e+00
2.142350890537281227e+00
2.582484756927017955e+00
0.000000000000000000e+00
4.245028691480307259e+00
6.090041972500081613e+00
0.000000000000000000e+00
2.016585651229339859e+00
0.000000000000000000e+00
0.000000000000000000e+00
0.000000000000000000e+00
1.733436738079985773e+00
1.420995594508437376e+00
3.223047504912290862e-02
5.305123692974812677e+00
4.790204045570551905e+00
0.000000000000000000e+00
0.000000000000000000e+00
1.249166904752852192e+00
1.209126981385476141e+00
0.000000000000000000e+00
0.000000000000000000e+00
