9.999824418654389424e-01
6.539837984541613247e-01
9.581076885192126857e-01
5.668815999900484034e-04
5.462803272199646676e-01
9.964448576131237356e-01
9.998050778914012726e-01
9.836461616203591163e-01
7.626566829872221819e-05
9.992227345370371383e-01
2.650700929131293335e-05
2.937083794032702925e-03
9.999782578344049710e-01
8.478223310559459235e-04
9.977877430353095933e-01
4.713015472989117716e-01
2.809922430644874736e-02
7.787461973605042153e-05
9.993206896763174862e-01
7.272234550618724702e-01
1.361359474687140821e-06
9.999956782875334405e-01
7.485684215176404699e-01
7.121000261017079724e-01
1.538810481538911657e-04
1.722894306197756964e-01
9.929064050171479971e-01
2.780692259752217677e-01
9.872833522900735792e-01
1.966023321577102800e-01
3.266762881981562448e-09
1.662852102219464917e-02
2.561933692328061118e-02
9.991638121694763619e-01
2.742433147280000025e-02
9.926398947305464793e-01
3.317496428912752610e-03
9.679315049770350621e-01
1.721441322450000325e-02
7.896552564369043944e-03
8.881004848078668523e-01
9.399824460837793438e-01
1.588633309610643432e-02
1.842796351324597903e-02
1.057483332626800963e-02
1.384646948122768804e-02
9.998806251455917282e-01
6.280838402930947195e-01
9.998273965642138217e-01
9.999997955553756590e-01
