-9.999999909008178145e-01
-5.812639695864769696e-01
-9.997143463087299065e-01
-9.812153759626451865e-01
-9.987851072650677509e-01
9.945551820133813337e-01
9.980400581571491347e-01
8.661307908679397594e-01
-9.769699004234224660e-01
9.999138279722181721e-01
-9.999953524368259128e-01
-9.848307860349982956e-01
6.533332412269534650e-01
-9.985113240050559336e-01
9.949906478536164611e-01
-9.869032548967257013e-01
9.639655626586037807e-01
9.999221978780116205e-01
-9.999999308139336796e-01
-9.999490281052318963e-01
