2.332870313044252075e+00
8.607567557261049274e+00
-3.062569991406700609e+01
3.777359863367113491e+01
-5.223892008648741836e+01
2.562800694891280706e+00
-7.824893289536307250e+00
-9.186595960184890330e+00
2.672561941684006825e+01
-3.167499201945785714e+00
5.372181917375257854e+00
-7.643735196685525146e+00
1.528118934970456166e+01
-2.531612874743924024e+01
1.048151360659162634e+01
-3.599903088048420585e+01
1.204249665136594238e+01
5.750846830517533093e+00
6.044190340487453739e+00
2.055741574310558650e-01
-2.429098686195201751e+01
1.060056857317884216e+01
1.590643288104303643e+01
1.308616202752545377e+01
1.756173055005617556e+01
4.111007049807124503e+00
3.350100251916625638e+01
-1.037078327329284289e+00
-1.404201832690863228e+01
8.082013593683948116e+00
