1.724112191679048678e+01
-5.100453814893519677e+00
-3.636355013656361734e+01
4.456201351609027483e+01
-4.968616781852438180e+01
2.810038805822835162e+00
7.328140964897595921e+00
1.151636987074318341e+01
1.404649712029061881e+01
9.483965552627982021e+00
-2.239515261021137960e+00
-6.060656375548853170e+00
1.226811341870454442e+01
-2.756403149392658136e+01
1.038673068297049618e+01
-2.607290313344665833e+01
-1.179634038359302473e+00
7.502211878335621975e+00
-3.341938351778797056e+00
6.296388150818066798e+00
-2.600062356587719847e+01
1.826623590025606703e+01
5.334761167487655165e+00
6.976966857055504789e+00
6.876166144182271900e-01
3.287999043331121918e+00
1.351592910190420760e+01
-6.605451588763198600e+00
-2.037299539952645233e+01
3.368070233877402231e+00
