1.792004538035618655e-01
5.377543427866276815e+00
8.168851565871756648e+00
0.000000000000000000e+00
0.000000000000000000e+00
0.000000000000000000e+00
0.000000000000000000e+00
8.049937702393330952e+00
0.000000000000000000e+00
2.774895174741015325e+00
3.464781851310340333e+00
5.771332305696933673e+00
0.000000000000000000e+00
0.000000000000000000e+00
1.506614668877027441e+00
4.301003436366943156e+00
6.431332040458889843e+00
6.487841366645047403e-02
0.000000000000000000e+00
2.152637726373403559e+00
2.338842056129734281e+00
0.000000000000000000e+00
5.080373669663758029e+00
4.137276256723623646e+00
0.000000000000000000e+00
1.762936420389830339e+00
1.358150473741484898e+00
2.764449373880787597e+00
0.000000000000000000e+00
2.306876360612487353e+00
0.000000000000000000e+00
2.150376736505628994e+00
2.792335267665818854e+00
5.850204796410119812e+00
0.000000000000000000e+00
0.000000000000000000e+00
1.434913017359368492e+00
0.000000000000000000e+00
0.000000000000000000e+00
0.000000000000000000e+00
