-4.992271136845250368e+00
-7.974895105710220200e-01
-6.218683525986479665e+00
-3.671183755198754284e+00
-2.739474424601549885e+00
-4.867847143565626755e-01
1.960598701756921969e+00
-1.115842334001084568e+00
-2.278569335927568495e+00
3.360360210041523743e+00
-4.698119273013554142e+00
7.365940371545276477e-02
-1.553804635596152117e-01
9.100897526221546352e-01
1.743401126211171270e+00
-3.361760934102798193e-01
1.018190346090811271e+00
4.862437286491594790e+00
-3.812955992392214721e+00
-9.812692478174209754e+00
