5.437925252281279320e+00
1.952045668983824811e+00
-4.690439717185464730e+01
4.660651512281438613e+01
-6.131637941584030216e+01
-8.696556331945116680e-01
2.408507952063696500e+00
1.446945279099050907e+01
2.321844477857524680e+01
1.117475065765600917e+01
8.940374476352421773e-01
3.935668393950437327e+00
1.489380405913417960e+01
-1.440987246873053529e+01
2.801104695204498540e+01
-3.286364683441814094e+01
-5.234042056615497707e-01
6.358027795641339353e+00
-8.855200730512665430e+00
1.028433507175115780e-01
-2.670878831281448385e+01
2.125190737892367565e+01
-7.261391715098252320e+00
9.175296101972119089e+00
-2.378827914074991501e+00
-2.786768750699366137e+00
2.005508038703494478e+01
-1.450551175489898270e+01
-2.019009276583746271e+01
2.279406989742544187e+00
