-7.146481275653749243e+00
-1.623164076731375971e-02
-3.863148818034431997e+00
-2.075851618552637223e+00
-3.124068565246984175e+00
5.930469599134280401e-02
5.339887096930014287e+00
-1.133648703008721892e+00
-3.061934117089366580e+00
8.054466199907921009e+00
-3.845002737996479958e+00
-2.361230935786753360e-01
7.027484410449501562e-01
-4.295146889772226473e+00
2.117121617325940619e+00
-1.019373030618113685e+00
2.257587925407626983e+00
2.653491715921219907e+00
-2.432379779215321669e+00
-5.651348444767410051e+00
