4.882062226262414484e+00
-1.350408419261054149e+01
-4.231809334819622848e+01
4.697087431798693302e+01
-5.413573658292198587e+01
1.284111631884330151e+01
7.518853965956173724e+00
1.973083870240672510e+01
2.147959875007943964e+01
1.345071295734701700e+01
-7.315441018162719189e+00
3.141721099326907574e+00
1.392480935074840076e+01
-1.083841497758620775e+01
1.542202308702100133e+01
-3.010054018630875206e+01
-9.593593965324817674e+00
1.322381377040976957e+01
-1.036276081844785324e+01
3.949826966464415001e+00
-3.469776849760108917e+01
1.310318027413042508e+01
9.950393087378342827e+00
1.330381476731308510e+01
1.315622908997905505e+01
-3.606654905655850563e+00
2.925135847879059980e+01
-1.570442942416065968e+01
-3.315590651794377663e+01
1.026937888157461742e+01
