9.999999999750877056e-01
8.863772261808928743e-01
3.005176939675491266e-01
3.918856187849948519e-02
2.866847832180782242e-03
9.987364047908219300e-01
9.979869741531851579e-01
1.624364344023354612e-01
8.011591331548809656e-04
9.998756003192683650e-01
9.193521979030057967e-07
5.552084463837264616e-01
9.998689315510034259e-01
5.759514482867576779e-02
9.950021342676387270e-01
9.504107126687355578e-01
8.963884292597142512e-05
6.081858967745023153e-06
9.944200635534303778e-01
8.375779910318056354e-01
6.673933048537445821e-05
9.999819481676038846e-01
5.085197747065806073e-01
1.283836141550195598e-01
7.794786275426639991e-04
4.161369042761115661e-03
9.878652752286166683e-01
5.814493838150288640e-01
9.995259386518952072e-01
1.973947913179763258e-02
1.436955900774963580e-08
1.584412601424354736e-02
1.036119569010711533e-01
9.999332950076814663e-01
3.809839835441329592e-03
9.975295747991694828e-01
2.228580817964696537e-01
9.945692007725417394e-01
9.027670818626575000e-02
7.655757137798163518e-03
4.918639624548697964e-01
9.655554664996006675e-01
9.436107434601155195e-06
1.934985565994266606e-03
1.032955966445744528e-01
4.337479049619469978e-03
9.999718769546420694e-01
3.621524446646900430e-01
9.427584021297590322e-01
9.719872264504578752e-01
