-9.999578508527310339e-01
6.409644463656094526e-01
-9.998063580389737748e-01
-3.869413943059749061e-02
-8.771099789469513075e-01
-2.242512659597376556e-01
9.998425561619884716e-01
-9.931621674826364154e-01
-9.988283755085066717e-01
9.996771026875175270e-01
-9.996721735304076040e-01
-9.106048431121944731e-01
-7.313940095418564047e-01
-9.820672488888023688e-01
9.411094016760576109e-01
-7.521075258828202603e-01
9.793598843393851450e-01
9.013015362805354425e-01
-6.673883280483636771e-01
-9.999996557782175888e-01
