9.999999999782438476e-01
8.513340066177348398e-01
8.463955471927887553e-01
5.542456683097537334e-02
3.187381712804635177e-03
9.990197780606923095e-01
8.022728951361188798e-01
8.477403659042020978e-01
9.367372225277745138e-04
9.997533364046549131e-01
3.839419436071214107e-06
9.981198705263033544e-01
9.997604601910025091e-01
1.039872250225992535e-05
9.703902527577658033e-01
8.290234430421149492e-01
8.485839015243197450e-05
3.745630204869614749e-08
9.982977214935927490e-01
4.688552563855921673e-02
8.017763071064092886e-05
9.999986945685428452e-01
6.470854073368761394e-01
3.738249989694104602e-01
2.072649083144186404e-05
3.540105741591024757e-01
9.645400880844913205e-01
2.593555587106320393e-01
9.954567028429334163e-01
2.473177494976839044e-02
4.700913734450360520e-12
6.310413468362124911e-02
7.998116619343367817e-02
9.598356733401353091e-01
8.043125766157245282e-01
9.614950895183863588e-01
2.147220223574190442e-02
4.800520800130529397e-01
6.562975670857589504e-03
2.127536603732721118e-03
9.678671594969239234e-01
9.735384943556124604e-01
1.296034260716815920e-03
1.108427334511529194e-01
2.541126680936411746e-03
1.929233496623091251e-02
9.999843326180701819e-01
9.958767479117478505e-01
7.306824242295615335e-01
9.996436926103251519e-01
