-2.389431723793053575e+00
7.456428841406538943e+00
8.736912649892449423e+00
9.616400699193033974e-02
-1.217360702380838156e+00
2.135915683734244119e+00
-1.586170289415093082e+00
9.389471154615669946e+00
-5.106915042432521368e+00
1.380219662505038913e-01
3.740035039994369814e+00
5.124701913533266762e+00
-1.616840767448730176e+00
-5.414674369118481323e+00
1.098711651127100009e+00
5.263277313469510332e+00
6.844469739517535345e+00
1.280605940535585630e+00
-3.456796389763477695e+00
8.478543448743716127e-01
-1.019315953614989834e-01
-5.881499611237734904e-01
4.949459703575501024e+00
8.444648766078481472e+00
-2.111866246144098902e+00
3.091639698957479698e+00
-3.215983122966470376e-02
-5.254559751750017549e-01
-8.192033711205901625e+00
3.460515009971464107e+00
3.510926172774635035e+00
-3.188164587452391174e-01
4.979918552075458749e+00
4.354527691865794914e+00
-3.605796165214927296e+00
-9.024750691396810964e+00
2.425260879185178631e+00
-1.468396123590224533e+00
-3.505355005513528965e+00
-5.863733217866210490e-01
