-9.997344421043720120e-01
9.238793876385982262e-01
-9.390157182232573563e-01
-7.336682768600025772e-01
-9.973147989809749703e-01
-4.847587335403003017e-01
9.999820856056177432e-01
-8.837862226459667347e-01
-9.991321478091211850e-01
9.999994798543008212e-01
-9.997471950988090494e-01
9.803823472727393185e-01
-3.401196520145651769e-01
-9.998864351635698977e-01
9.445391257594902834e-01
-1.912980402396096957e-01
9.927705049257857794e-01
7.328352593328965048e-01
5.107370389686951562e-01
-9.999803225344864321e-01
