-3.782724934739269074e+00
4.618750672837859561e+00
4.459639795484894975e+00
7.947963165438789446e-01
-1.802560878403582034e+00
1.486544994828238098e+00
7.743747054008596198e-01
8.382122822364845405e+00
-5.274382547925923426e+00
5.215210420155270699e-01
1.500984755649431790e+00
4.504356586093448911e+00
1.914563690568734433e+00
-6.563979482290726253e+00
3.751306461986680496e+00
4.838696034332644835e+00
6.739523318060292034e+00
2.686217563148731280e+00
2.327109959664532823e+00
1.581969840159652474e+00
-4.131115868872968777e-01
-2.060654768159106975e-01
5.069680641997555526e+00
8.959107208301235303e+00
1.047982259226716728e+00
1.129293535237002599e-01
1.227500709088117814e+00
-1.258916880421129258e-01
-6.389945930765509097e+00
3.869325354590961719e-01
3.043550519731102355e+00
1.192877525978847775e+00
4.330606638039731671e+00
3.522691160296023583e+00
-2.301461454964748299e+00
-7.790785202891410854e+00
2.414691812491781775e+00
-1.537648449560504171e-01
-2.331639880735452142e+00
-4.181046489776816699e+00
