9.999999976190510065e-01
9.942261981653860436e-01
6.256959164178393928e-01
2.798079600581578150e-03
9.148621067180306987e-02
9.829575857676250417e-01
9.986509655322762802e-01
9.360695958434422925e-01
3.844600407225912488e-04
9.936535584478031202e-01
9.034118727143805331e-06
6.938768047088444968e-01
9.981594714635172449e-01
5.567182512428549626e-04
8.053468527158039736e-01
9.961076670238767639e-01
6.428965633080504713e-03
5.983915448914266746e-06
5.639880206890180991e-01
4.967051724079731695e-02
5.973862064737400753e-06
9.999986699416381075e-01
6.860359371453430555e-01
5.300559107017580596e-01
4.924801766886615327e-04
8.825020707230495087e-02
9.965247601436424407e-01
2.974660514914979209e-02
9.572302558005012507e-01
1.168242095162543015e-02
6.328495997883709513e-11
2.643478235264306586e-01
5.351338001577443659e-02
9.981198462946536676e-01
2.063340481076583396e-02
3.788548528844965652e-02
1.606551394980232231e-03
9.600173803123336347e-01
1.968412325031591859e-01
3.597416880887288615e-02
1.058815866015445917e-01
4.456259483022714241e-01
3.907638129661650944e-02
8.215785781723595332e-03
1.744525621001188354e-01
2.262510679228397614e-03
9.999963671207643401e-01
9.450551268253912784e-01
9.740366047187897225e-01
9.799912221388924483e-01
