1.326779372034651905e+00
4.318184161569000423e+00
7.509089718970882288e+00
3.763744339186313681e+00
0.000000000000000000e+00
0.000000000000000000e+00
0.000000000000000000e+00
4.222247921587801933e+00
0.000000000000000000e+00
2.187241981198669194e+00
3.611832396098443976e+00
0.000000000000000000e+00
0.000000000000000000e+00
0.000000000000000000e+00
2.543829192361554803e+00
6.864934738434782524e+00
0.000000000000000000e+00
0.000000000000000000e+00
0.000000000000000000e+00
3.079593261296475148e+00
3.031151250615585102e+00
1.565132615493441515e+00
3.689846794147301434e+00
0.000000000000000000e+00
1.364041164465739087e+00
3.151589153134990440e-01
0.000000000000000000e+00
0.000000000000000000e+00
0.000000000000000000e+00
0.000000000000000000e+00
2.454034204040104861e+00
0.000000000000000000e+00
2.514066418080390886e+00
7.076608325289758916e+00
0.000000000000000000e+00
0.000000000000000000e+00
4.448957542971376800e-02
2.473439374074932307e+00
0.000000000000000000e+00
0.000000000000000000e+00
