-9.864407248980909815e-01
9.698528190703297192e-01
-9.950356128327638716e-01
2.799341896436514654e-01
-9.806784008643765205e-01
-7.491901958690445618e-01
9.999027948930596654e-01
-9.984861606590652583e-01
-9.377448386619033904e-01
9.999477797567903892e-01
-9.998942267105184190e-01
8.410078877804391118e-01
2.362418940579424087e-01
-9.821612237669617995e-01
9.864645248360160990e-01
8.002048445374947416e-01
9.844137302001148004e-01
9.873994836293814581e-01
-9.884187928169727022e-02
-9.999972851679256314e-01
