7.733519421089910750e+00
-9.115748504677803510e+00
-4.496101163552737034e+01
4.566960610768257567e+01
-5.937867031836963605e+01
5.887583088387422947e+00
2.251259703368346243e-01
1.451780211905483498e+01
3.155074315114950778e+01
4.466490816990230428e+00
-1.128826539613946522e+00
1.136238379188791336e+00
2.638303004015785191e+01
-1.856642563884260255e+01
1.620520221342290412e+01
-2.822497445270852623e+01
-4.596521253109580485e+00
1.122958359928076533e+01
-7.086294808284236524e+00
3.855545690904902401e+00
-2.874047207974591345e+01
1.364171540470671928e+01
1.235386817648074675e+01
1.495072717266594964e+01
1.375590870157042112e+01
-4.619962272486509036e+00
3.091199008801153170e+01
-1.685062908706126450e+01
-3.357833083618675829e+01
1.016015766442717805e+01
