-5.641373422276409144e+00
4.052298003318374420e+00
6.806362951148566154e+00
-1.709699818097855095e+00
-4.654199886692870769e-01
-2.006224529638422460e+00
-1.004741819190519747e+00
8.364292988139022000e+00
-5.511580333534923604e+00
6.267217962096002237e-01
2.035748008869635139e+00
4.640086753423654287e+00
-1.899904415982351935e+00
-6.355468125489331044e+00
3.426848367733405176e+00
5.048370685775680045e+00
6.299427917388077169e+00
-7.752597560285416911e-01
-9.289360457031557994e-01
7.812034654961375058e-01
2.649885832006589226e+00
-1.826734372594675193e+00
5.066268404909289202e+00
6.991372650459593885e+00
-2.036606923220558141e+00
2.890789998089379864e+00
5.418815171616622184e-01
3.163432637027678851e+00
-8.282761056057973192e+00
2.183540822930677194e+00
2.716967715754431634e+00
3.223922080202074714e+00
4.400286190424113286e+00
6.204270462062468461e+00
-3.372144165501839375e+00
-1.138948655416105638e+01
1.171965512798011755e+00
-3.741339481182973881e+00
-3.581672549139212514e+00
-9.273544878023299853e-01
