-9.999313458336615001e-01
-9.984955119685061664e-01
-9.959652928910268654e-01
2.654863136973966697e-01
-9.999406028952894099e-01
9.866873535601423661e-01
9.999879639790627550e-01
2.172651102000262013e-01
-1.403244673240253704e-01
9.899388596405620522e-01
-9.999975231059672343e-01
-9.934927467730815254e-01
5.967446759134816814e-01
-6.915709678074893896e-01
9.976138830951363223e-01
-9.606175481570701224e-01
9.998209094049517187e-01
9.990156640020009249e-01
-9.999991530557069686e-01
-9.999674660265034376e-01
