-3.891350312485504226e+00
5.083121943033184209e+00
6.075219803146834074e+00
2.195251603770966842e+00
-5.506051920704269076e-01
1.407489188848427775e+00
-9.565679095772618989e-01
9.986982081654554477e+00
-7.622855029892366296e+00
1.527841001568708279e+00
1.559605463519335711e+00
4.793307284387367417e+00
-2.217920598343789962e-01
-8.076975647190552721e+00
2.607620707833990359e+00
6.742314466163678688e+00
7.408069530477228604e+00
1.608258451420590873e+00
5.452282119186354636e-01
1.430829439994533825e+00
6.179162310733121721e-01
-9.311533843621901951e-01
4.882831199486945550e+00
6.901232150857850911e+00
-7.438155396915369089e-02
7.686043463359770733e-02
1.019880050603245714e-01
5.304962355451232625e-01
-7.771462798668268945e+00
1.049025741112414867e+00
1.449514090255810128e+00
4.901063855215166409e-01
2.241316826324893707e+00
4.761347464898935122e+00
-2.550103870444256238e+00
-1.070952662411767164e+01
2.198619746627884286e+00
-2.006947666161719379e+00
-3.617852445204788658e+00
-3.545402405277475744e+00
