-4.662183192662078035e+00
5.157154750525879905e+00
6.406366189457793681e+00
2.869330193516013594e+00
-1.301839464525368140e+00
1.710068270207967478e+00
-6.611039219771377429e-01
9.025085930652531729e+00
-7.466819135266978158e+00
2.037004671982159287e+00
2.998628003577946455e+00
4.833795717616499843e+00
-1.248164862988724533e+00
-9.433658613448407948e+00
2.268356494643956278e+00
6.265424585791533829e+00
7.287494161536348436e+00
1.587807668770674363e+00
-5.934940495449628761e-01
3.282763795826544317e-01
1.837851826688385870e-01
-1.692467622187617593e+00
4.501678905709002976e+00
8.271223276325599727e+00
-1.864668363453036548e+00
9.517399725075512684e-01
1.871352375831915715e+00
1.329690810924700983e+00
-7.847837958603619768e+00
4.382307802392113594e+00
2.734717067871958118e+00
1.772461352365860332e+00
2.742722923285438874e+00
6.151811766336585663e+00
-1.720881292370743054e+00
-1.127286383157611738e+01
3.494098490229001541e+00
-5.049938223847409979e+00
-3.998523955640552074e+00
-2.655107987497219213e+00
