-9.999984081598265462e-01
6.163766860345903931e-01
-9.999221189787079744e-01
-9.975184849909289886e-01
-9.998252347821633412e-01
4.746250448585400128e-01
9.998963690306073016e-01
-9.789117540003160478e-01
-9.411190856204593169e-01
9.992758889689130619e-01
-9.985256288680515180e-01
-6.592940801699844755e-01
-5.630810287757093829e-02
-8.924627949887569134e-01
9.820887937901382481e-01
9.855980670634950647e-01
1.842012773082955246e-01
9.943959092481807760e-01
-9.440093706016309261e-01
-9.999989643747527746e-01
