-2.684794435863769202e+00
5.952183744285621358e+00
8.158237305564897568e+00
2.739087830942900759e+00
-2.292530429256275926e-01
1.157438128502290553e+00
6.039512012692906939e-01
9.781569005980548681e+00
-7.213926880758788407e+00
9.174501668031365131e-02
-1.425697584913544480e-01
3.018125875245902812e+00
1.890488286344155222e-01
-6.966312727560204365e+00
3.787997515487135480e+00
6.593670007586940329e+00
6.184203641052419265e+00
5.715794707195875901e-01
7.939956778744098331e-01
1.333132958351663788e-01
2.441459086605905160e+00
-8.759641415059924441e-01
4.907418062498470235e+00
5.741855191836844341e+00
-1.731742024497116228e+00
6.121097908843324831e-01
-1.115087973492707718e+00
9.695998958689536762e-01
-8.185889586177669486e+00
1.858399014312734021e+00
7.244372956906767191e-01
-3.981347279529812155e-02
3.852471434094685954e+00
4.985691470716386853e+00
-4.248776910122767703e+00
-1.076783501101174068e+01
9.372721079409713774e-01
-4.042086357698325472e+00
-1.774791412306367722e+00
-5.347428142026862119e+00
