-9.999992240067404614e-01
-1.756060599016592283e-01
-9.994833246447515362e-01
-6.188239882494185329e-01
-9.998849437469321533e-01
9.604518706343699863e-01
9.997428890568031967e-01
-9.747867738064680543e-01
-8.364059325012594970e-01
9.959252941554440630e-01
-9.999118702993244900e-01
-9.845287900820816063e-01
5.594625404818673320e-02
-8.185326943315130999e-01
9.986638747772748070e-01
5.473651698542647548e-01
9.857212024019958996e-01
9.857506053045806960e-01
-9.981524602515442490e-01
-9.999994048640461486e-01
