9.867238495939014697e-01
5.169454293675864731e-01
5.097677437631535216e-19
1.000000000000000000e+00
0.000000000000000000e+00
9.545875489409024750e-01
1.315783712639794802e-02
9.993473644093926467e-01
9.999999999994737543e-01
9.984263182945074533e-01
9.312166109847921369e-01
9.999083877973916623e-01
9.999997815295065262e-01
1.500446284703811422e-03
9.999999999997666311e-01
3.083123839624533362e-15
9.569171294950847839e-01
9.987319602515307704e-01
1.839551348412111776e-05
8.701787457993689912e-02
2.040054243423515090e-08
9.995179097797813883e-01
9.990781762020377599e-01
9.999998400666620935e-01
9.997758002282558509e-01
1.841392475937355788e-03
1.000000000000000000e+00
3.328549147940770761e-06
8.498918770689446151e-11
9.999772445658650089e-01
