4.308420989673743762e+00
6.780768651056812146e-02
-4.212033173527063212e+01
3.771693677920161036e+01
-5.310045596214497010e+01
3.045493041415368918e+00
-4.317492550318233313e+00
7.333838790008138098e+00
2.827281039646146255e+01
6.452762448337618473e+00
2.605529638019107086e+00
9.297854462509489437e+00
1.533661465424316717e+01
-6.500491118907826049e+00
2.908608699814580234e+01
-3.341283307826830651e+01
3.100591311624254942e+00
6.669014231694132988e+00
-1.090338535978332146e+01
-2.350602750056746792e+00
-1.770770432613571543e+01
7.636897076089633529e+00
6.988234212233271236e+00
1.564850858677935896e+01
8.402748840509083550e+00
-6.295390123251241477e+00
3.918253829363001728e+01
-1.261297071166734796e+01
-2.318849707089258771e+01
1.069068382232410741e+01
