-6.129496485888625834e+00
5.418417046950602334e+00
4.058655676590732675e+00
1.127763244346495553e+00
-1.411826158890095773e+00
-1.165151236135807400e-01
7.528110582712139731e-01
9.537960490367977329e+00
-6.477668063359789841e+00
-6.767045996210773184e-01
1.936185015306308710e+00
3.184184831673170901e+00
-5.572276043616090080e-01
-5.607951937548563137e+00
3.466450698112377715e+00
4.035847871758851291e+00
5.634090223602767011e+00
2.007099656542203459e+00
1.722554477860715583e+00
-4.742629456560700785e-01
1.196174047530818463e+00
-1.937745774630070361e+00
5.086767324566947579e+00
9.498030840403950847e+00
-9.033044011630151360e-01
1.322122361256853562e+00
-2.869748867122323688e-02
1.740718543740602975e+00
-7.038830675387179880e+00
8.791851561478418731e-01
3.758130217499922932e+00
7.125898873491665064e-01
4.040397097961366590e+00
4.336067407196572354e+00
-2.136451328227817026e+00
-9.516501696921100262e+00
1.898435442753348079e+00
-2.423390433310891101e+00
-2.206937487637334883e+00
-3.633401863647939045e+00
