9.999999999884725543e-01
9.125973683435162354e-01
9.351085658805028400e-01
3.542977693814442636e-02
1.454395795653633510e-03
9.997605483491005529e-01
9.966244179260507208e-01
3.996375904800586465e-01
2.353816324226981691e-04
9.996941048775331851e-01
1.469507388192724542e-06
5.521967764669772905e-01
9.995118383416420338e-01
3.954219668428426786e-04
9.848129121387368956e-01
9.551121454219476670e-01
7.325075031312854291e-06
2.322412369328580034e-06
9.989899799237955680e-01
3.017180314887316639e-01
1.394674954258750730e-04
9.999935228675003174e-01
5.898862494712067694e-02
9.254301404263651776e-01
2.975534230058457055e-05
3.008074144413172904e-02
9.997804279943652839e-01
5.991297643768088710e-01
9.999138013880379816e-01
2.454824862731790069e-01
3.911214258474611467e-10
4.751931837528036544e-03
1.305692538557586685e-02
9.999596792002692913e-01
8.180029952797197162e-03
9.977955752109216592e-01
8.253426538142536947e-03
8.303269935205653818e-01
2.453434206035293164e-01
9.102314483328230107e-03
9.035084593228254191e-01
9.752296551528155666e-01
3.859682982627922194e-04
9.550383021424967448e-04
1.170661634550717797e-02
5.304084185664078438e-03
9.999693485382088465e-01
7.688473023819846208e-01
8.038521557821008967e-01
9.546709820677390379e-01
