1.532809851863804340e+01
-1.471098456732088700e+01
-3.162583131544909776e+01
4.845851862855334957e+01
-6.313589181944622908e+01
5.749251461230531213e-01
1.159371019898329891e+01
1.381804791747367034e+01
3.668067771955147549e+01
1.256298759941344478e+01
-4.287324981391799739e+00
-8.668397685493953730e+00
2.277796703779928578e+01
-2.626347072587730125e+01
1.681002270681023703e+01
-2.914315760985056158e+01
-1.460764630986384383e+01
1.947461439079419776e+01
-3.645260016434096251e+00
-6.087379872170274986e+00
-2.790147883761758152e+01
9.092710623483503340e+00
1.275713161301118426e+01
9.698367132391203072e+00
2.152715793362553853e+01
6.761709269181830351e-01
2.873207329294298518e+01
-1.387877189748818196e+01
-3.323405879391961548e+01
5.334013290610053915e+00
