-6.270327437081564703e+00
1.058134644267804569e+00
-5.201904161139879079e+00
-3.173425593372499964e+00
-2.400707625662437561e+00
-4.604195904121659577e-01
5.051528161658422889e+00
-2.340186374867800012e+00
-3.402961708125458173e+00
4.531849059440013150e+00
-4.149324682905454864e+00
-1.281808762009057467e+00
-1.030449802444929785e+00
-1.877013570974277457e+00
1.822461344556639329e+00
2.087016991404394839e-01
-1.072352684446516435e-01
2.104136864874084800e+00
-4.974567578661992506e-01
-7.714772470488915346e+00
