-7.273256395918957118e+00
-1.013824844768476119e-01
-6.630147050936674447e+00
-4.180003061293344757e+00
-4.334689325167783380e+00
5.815895995005215813e-01
2.025781956893812907e+00
9.000600361980876096e-01
-2.318074300191271142e+00
2.460170297023545505e+00
-5.901676852750827429e+00
-8.186810347157793544e-01
-2.118742349157519134e-01
7.733541710035821692e-01
2.504361096981137180e+00
-1.011168386024362986e+00
3.483166985716250608e-01
4.950417869984384822e+00
-5.237317884663881706e+00
-9.048490975342534881e+00
