0.000000000000000000e+00
7.871808722057092034e+00
7.371305359144503910e+00
1.166572427918554089e+00
1.400724778984222541e+00
0.000000000000000000e+00
2.361391241587545986e-02
9.286693903174422005e+00
0.000000000000000000e+00
0.000000000000000000e+00
2.903478143720694238e+00
3.930497442730240820e+00
6.623466280921026517e-01
0.000000000000000000e+00
1.916008662561760723e+00
7.201610605944459564e+00
7.428812184939828533e+00
0.000000000000000000e+00
0.000000000000000000e+00
9.835278665245392737e-01
8.016492288324454929e-01
0.000000000000000000e+00
1.487407521956544798e+00
9.417647995375004299e+00
0.000000000000000000e+00
1.921280530548682863e+00
0.000000000000000000e+00
6.349022062415973222e-01
0.000000000000000000e+00
0.000000000000000000e+00
9.424879682813830373e-01
0.000000000000000000e+00
3.296352847070474823e+00
4.882438216274880283e+00
0.000000000000000000e+00
0.000000000000000000e+00
7.429850862357751939e-01
0.000000000000000000e+00
0.000000000000000000e+00
0.000000000000000000e+00
