-5.525201522384149300e+00
-4.213374537948579857e-01
-4.753185399768515396e+00
-3.349435764534252957e+00
-4.982498368561866231e-01
-6.209891277844088453e-01
3.683849938986540007e+00
-3.571648138419369900e+00
-3.630654132186372784e+00
5.578311239381710251e+00
-3.707780787951198143e+00
-1.267222333312222782e+00
-7.065645565192808508e-01
-2.052248628291895027e+00
1.941588291240454733e-01
-2.270235903860039206e-01
-1.320655997741261856e-01
2.549885440174868734e+00
1.270290431675039633e-01
-7.487008131435100466e+00
