8.497049738468821041e-04
1.452803370875326680e-11
1.103561482887067793e-09
1.000000000000000000e+00
0.000000000000000000e+00
9.999979782965692232e-01
9.999999999981461496e-01
9.999995513080678355e-01
9.999999999998971933e-01
1.000000000000000000e+00
1.340655460959942237e-02
6.970771635115107408e-10
9.999999996418851289e-01
2.246327894779058148e-14
2.525416460985589057e-02
0.000000000000000000e+00
9.999986130853044664e-01
1.673158845813345442e-08
4.952940771927641080e-08
1.627504705926563097e-06
0.000000000000000000e+00
1.602836082848043320e-04
9.999999676607761456e-01
9.830927324051708105e-01
1.000000000000000000e+00
3.608095909966773339e-03
9.999999999999975575e-01
7.711312438548712867e-04
1.925892541150901336e-19
9.999986701781889975e-01
