6.945146997608058648e+00
3.289738080155673039e+00
1.358308480493614523e+00
4.559396619847256638e+00
4.562050966484924253e+00
0.000000000000000000e+00
0.000000000000000000e+00
9.250869705697764012e-01
0.000000000000000000e+00
0.000000000000000000e+00
6.400790317299630772e+00
0.000000000000000000e+00
0.000000000000000000e+00
8.061938466647982082e-01
0.000000000000000000e+00
5.088385305839277173e+00
0.000000000000000000e+00
0.000000000000000000e+00
0.000000000000000000e+00
2.291430794478188204e+00
0.000000000000000000e+00
4.844080055739246049e+00
3.197225060988800660e+00
9.848678080854234018e-01
0.000000000000000000e+00
1.271756437530838557e+00
0.000000000000000000e+00
6.535874346344295871e-01
0.000000000000000000e+00
2.947356764857647082e+00
4.349972011594203991e+00
0.000000000000000000e+00
4.848116735951349732e+00
3.819857320326770278e+00
0.000000000000000000e+00
0.000000000000000000e+00
2.938154421521601556e+00
2.378497463209461760e+00
0.000000000000000000e+00
0.000000000000000000e+00
