-2.073447791746111601e+00
1.926242070954711894e+00
-2.985664407145733001e+00
-2.692526673688621752e+00
-4.822670662127014340e-01
-1.793490993399333933e+00
5.610877982028076083e+00
4.574153231839397371e+00
-4.933607649288788366e+00
8.672018831159180152e+00
-7.638370605984378336e+00
-3.376246491295513685e+00
-3.621956684966019857e+00
-3.967343038289173673e+00
1.683054021680225443e+00
-6.538514844429344386e+00
3.380241082397709818e+00
4.770997643220849405e+00
-4.190365861825616989e+00
-2.117621487630052535e+00
