5.446673702095549352e+00
5.363866208592879659e+00
3.570626810059135625e+00
5.541358894612957720e+00
3.697572263368092305e+00
2.097267119843772676e+00
0.000000000000000000e+00
1.089697685914106984e+00
0.000000000000000000e+00
0.000000000000000000e+00
5.699571148275132337e+00
0.000000000000000000e+00
0.000000000000000000e+00
2.544245791418170644e+00
0.000000000000000000e+00
5.467053949258970924e+00
0.000000000000000000e+00
0.000000000000000000e+00
0.000000000000000000e+00
2.351359044337692161e+00
2.037457488186310339e+00
5.748308992228340131e+00
1.601633739650221600e+00
1.992026708155569370e+00
0.000000000000000000e+00
2.997895872775563131e+00
0.000000000000000000e+00
0.000000000000000000e+00
0.000000000000000000e+00
1.412084829676856224e-01
5.286261554163814935e+00
5.910758722372240204e-01
5.929144913010195417e+00
8.021692613755528001e+00
2.175390976153949829e+00
1.152594024891718805e+00
8.089129112800700350e-01
4.747117093414370825e-01
0.000000000000000000e+00
0.000000000000000000e+00
