-8.496447137737387578e+00
-2.062952498559015879e+01
3.917737836430175591e+00
8.432771467966240664e+00
-2.606742536042236047e+00
-8.560893682616406153e+00
2.859515849924709485e+01
1.663348933188521173e+01
1.539596682033316810e+01
1.856627807473275382e+01
1.105032013229988408e+01
-1.069854536827413938e+01
1.025688279370005063e+01
1.001286523371492265e+00
-1.904504170066164193e+01
-2.644131590552133559e+01
-1.060697557788784628e+01
-3.505216207879002344e+00
2.533462532961257452e+00
5.216207203673454806e+00
-1.131399925816901408e+01
-2.996993926694443289e+01
2.144921959748344165e+01
7.823043563995287109e+00
1.581044376435361620e+01
2.748126323228476764e+01
1.032358921004328245e+01
9.002941121587204165e+00
-7.542562756649957123e+00
8.591793585045497395e+00
