-7.220668497292103138e-01
9.921455658295795788e-01
-9.627190985598760298e-01
9.919045781468960321e-01
-9.994530036875932666e-01
9.806180175008988309e-01
9.999711319647740515e-01
-7.436278534049292066e-01
-9.893646872417076743e-01
9.999239808748376923e-01
-9.999892020457328279e-01
-9.984303347856023914e-01
-9.960346334575287397e-01
-9.434863841225186176e-01
9.998666870532315620e-01
-9.959099529299214604e-01
9.999607524496862965e-01
9.345662981897036037e-01
-9.916985331410672622e-01
-9.840033619376934437e-01
