2.987158967291300371e+00
9.478653869663038467e-01
1.722630342128028236e+00
6.548852030918221878e+00
2.294026083518491355e+00
-3.127629817341248231e+00
-2.423863718970336478e+00
-7.455688371292346073e-01
-1.047800942946590208e+00
-1.268487837625614567e+00
5.319859672792770500e-02
1.363967281607550763e+00
-1.400864802641238249e+00
-2.004432206572701602e+00
1.034666258298870378e+00
4.770503562016921606e+00
-6.910857431305791110e+00
-2.262838486770652136e+00
2.678352098074138210e-01
1.017135801675718376e+01
-3.806439322160776850e+00
2.385279555160524367e+00
6.591881002892060692e+00
-5.649605677113193281e+00
1.301737534278455399e+00
-2.850740552813070927e+00
2.124463951068628731e+00
-2.040689829211137951e+00
-3.313398120733261898e+00
-1.960505705046922120e-02
-7.165451405276124230e-02
4.485489236922894918e+00
1.359025355290879311e-01
3.493612699799495402e+00
1.173269071748662018e+00
-3.189234939974834759e+00
1.002520650498185395e+00
4.365402372507494633e+00
-1.163263903546005196e+01
-1.487057208895108396e+00
