-9.119499435465298065e-01
2.767944637948416275e+00
-1.981802458108693044e+00
2.752773917945096738e+00
-4.101971071024100191e+00
2.313410153835554262e+00
5.572954184475745087e+00
-9.585465541842925763e-01
-2.615695378744171684e+00
5.088817386369601792e+00
-6.064647821524135729e+00
-3.574627480704107185e+00
-3.110659756415589783e+00
-1.768878573156214884e+00
4.807945866158209292e+00
-3.095149431763017489e+00
5.419374542333500244e+00
1.693300500553377663e+00
-2.740155429363760220e+00
-2.410246701656509227e+00
