7.285370638286254863e-01
-3.664341018344992040e-01
4.820308494571693636e+00
5.334168502461904993e+00
1.262409735702854752e+00
1.014291719590219243e+00
1.600360126558495244e+00
1.291111943874144963e+00
4.110210822952438114e+00
-3.015001900554051595e+00
4.634490995485224252e-01
6.134816294566138861e-01
-1.857409147293217266e+00
-1.198022401463270326e+00
-3.552561347892465804e+00
1.715448334379577666e+00
-5.715981678315491088e+00
-1.501781754694301307e+00
-4.414979163071804935e-01
7.057799633785311499e+00
3.760466531966089043e-01
3.957123630808442538e+00
5.730870812387275137e+00
-3.947433563511532739e+00
-5.761649287384217333e-01
-2.965935038054682948e+00
2.969539202040626602e+00
-1.434054279596079784e+00
-3.945184716124071400e+00
3.748005100886093732e+00
3.434296142484744019e-01
2.768336728637258215e+00
4.944422772432756297e+00
2.075508097497362314e+00
-1.749675379975700995e+00
-2.389108579450169856e+00
-2.142157215647966240e+00
4.108590003376535016e+00
-8.998409379747874581e+00
-4.314156331475948569e+00
