-7.354647904102953326e+00
1.042920816442746812e+01
-2.036732148774303419e-01
-3.844176818851644750e+00
2.243128955074177533e+00
4.445361939331193835e-01
-7.335316254887080945e+00
-2.182442789610060530e+01
6.467612929727909687e+00
-7.063039761425340402e+00
5.344382481660933770e+00
-1.061044122972140791e+00
3.078810823890196779e-01
9.342800161402930570e+00
4.131707604785020749e+00
5.876755369056189338e+00
-3.394776953306108958e+00
1.523751325854830196e-01
-1.179948476848869277e+00
-2.125291294058432090e+00
7.509580818569864924e+00
-9.100605329927311971e+00
3.760095400614322791e-01
-3.518920498363319993e+00
8.185464906052396517e-01
4.270662529638362237e+00
4.447720494794602963e+00
-5.539182349434947028e+00
-3.913434034705374209e+00
-1.171396020074319644e+00
1.765684170583480483e+00
-1.681125296405468816e+01
-3.825250680564072692e+00
1.034130368496852626e+01
2.047912210132700750e+00
4.506652274298421190e+00
3.792521795238259052e+00
-5.703100430266097476e+00
1.120381440216194235e+01
1.994004887251775049e+00
4.945134160685417335e+00
5.347628932869053386e+00
-2.195433969719558398e+00
3.220637028817066039e+00
-1.260558905824182041e+01
1.332694248702671480e+01
-1.588048398577953435e+01
4.400024233691728348e-01
3.876543662697369830e-01
-1.516486438850172647e+00
