9.921455708070310298e-01
2.372756823739446782e-06
2.803243946068081194e-08
9.999999955333214174e-01
2.402188243954918662e-15
9.999920970813046539e-01
9.999999999999660272e-01
3.084028681462149812e-01
9.974558542460063570e-01
9.999989232037929110e-01
6.470453212522659552e-05
4.914086156581800441e-05
9.999996812036765492e-01
1.785769709526089153e-05
1.473952599620319254e-10
5.356208877953735101e-05
9.979239620829872814e-01
9.884237381391675070e-01
9.999999917563185958e-01
1.000000000000000000e+00
6.339870117103908788e-16
3.379983223333813715e-03
9.999999999999997780e-01
9.999969760197104929e-01
1.000000000000000000e+00
9.985280615793769021e-01
9.991120971759932523e-01
6.822353882163592360e-05
3.339620742286566041e-10
9.999987118298838684e-01
