8.481466709963003323e-04
9.916501242752665535e-01
9.380970270037777281e-01
3.636434048694671683e-01
1.376808532690396436e-01
3.091831750097513037e-04
9.965220408202675184e-01
2.897722629617318080e-01
6.930600221379009662e-01
1.252601351618961023e-01
9.934133336746195919e-01
9.998275915526513291e-01
6.188920034223025501e-01
9.999680651433330292e-01
9.594917260167569614e-11
9.760289804001176517e-01
9.999905756926664724e-01
9.999999985633605259e-01
2.930709885222488285e-03
9.215626083777094470e-08
6.675777135731034845e-03
5.730188270937202136e-03
6.955519287572728970e-01
9.912215250154582380e-01
8.316081202711060882e-01
5.443934623680803941e-01
1.132790819422805544e-04
9.433135808373759312e-01
9.880750011230057250e-01
9.081131896549288207e-01
9.999997575508240422e-01
9.997813124648093908e-01
9.999998280244342119e-01
7.358783897255336548e-01
9.997124294622754537e-01
5.911841172408340839e-01
9.999278098383419522e-01
4.638326096001953690e-03
4.040866243688679690e-07
9.785404220033228073e-01
4.423187996186775139e-08
2.262769939719483074e-05
9.999906978894106402e-01
2.412051505829782266e-03
9.999997925582280178e-01
2.823109273664573537e-01
4.818720503390473697e-02
9.999858688958835895e-01
5.659375940723779430e-06
1.050531546936493872e-02
