-1.987153557328852127e+00
-1.383367331374113007e+01
-7.976520287911624152e+00
4.137020941054702661e+01
-2.367414326483105214e+01
-2.046329622099579382e+01
1.735304955437020880e+01
1.797085926272245970e+01
4.532815354346985259e+01
1.208976077759842838e+01
1.505529878493964979e+01
-2.188463101230801122e+00
3.979522369075904287e+00
-1.341706540345511911e+01
-4.220303136455576087e+00
-3.958326265789848009e+01
2.261132804597714596e+00
-4.386248781079997272e+00
-3.300913956167089935e+00
9.388100602052988464e+00
-4.379529895471738854e+01
-2.546130488027745553e+00
3.366711328393795810e+01
9.039391066890994253e+00
3.691881369960480441e+01
1.756994661348800690e+01
2.659054905053633888e+01
-6.723124672528927093e+00
-2.764723213402924173e+01
1.450572316568675291e+01
