4.813803252868715354e+00
-1.236516436411228170e+01
-3.801601209932480296e-01
3.494767085879193758e+01
-3.036654173134811430e+01
-2.388593216673101693e+01
2.934758560670984906e+01
1.264377007100489614e+01
2.997929540111331903e+01
1.429591759401185591e+01
1.606393281342415325e+00
1.162014341006135965e+01
9.980834378495839765e-01
1.627509124299959353e+01
-3.666766818338960565e+00
-3.684341215698065497e+01
8.081865173331413743e+00
-1.155631510728753142e+00
-1.023321244844822342e+00
1.517589884506685749e+01
-3.656743269076674352e+01
6.271813722332030494e+00
4.386629476562437446e+01
1.120667456991515998e+01
3.794746695637799405e+01
4.440164346569831721e+00
1.713949850526389440e+01
-1.769147118908530913e+01
-3.007495940714953875e+01
1.339196331425310937e+01
