5.278130996970085143e-01
1.743308940302523702e-02
-1.452580576592871875e+00
5.633304141480205196e+00
4.123386705820357712e+00
-1.162444976971834576e+00
3.138734148127700241e+00
4.204326949406996583e+00
-1.779587247390572280e+00
3.038051485268199681e+00
5.147802638656462371e+00
-7.115520344456043311e-01
-6.340329837628719822e+00
-7.458898154640779765e+00
-5.572008654841437369e+00
7.146605479565671715e+00
-8.548833761908684048e-01
6.097185502499765875e+00
-6.341320641331106955e+00
2.416120370777098181e+00
1.366222003216926328e+00
2.624786983027886489e+00
1.628439515264946458e+00
4.178625256536683708e+00
-2.878454501119565911e+00
3.674045491937137697e+00
4.299003389862271263e+00
4.673932703584174675e+00
-4.376076576972436349e+00
-1.337927124518124344e+00
4.571562086686117965e+00
1.201545359348827002e+00
5.159164361609153815e+00
8.982348646321753449e+00
-2.566039033393725077e+00
4.227048538607328432e+00
-2.676403326880263389e-01
-7.627284364803565975e-01
-1.755631219088906292e+00
6.186609886103108025e+00
