4.228950049399781775e-04
9.999999999940509809e-01
5.353816241088296679e-02
9.502352013442766365e-01
2.182789058204723799e-16
2.621684139563732266e-02
9.999999685479189493e-01
8.916373466871151121e-03
3.452365520005068266e-05
9.999995717090421898e-01
9.999994267264586956e-01
1.965613450461976483e-03
9.937713273527734037e-01
8.422997509854317499e-01
1.345749076431199809e-05
5.461491245760277821e-09
9.999985544551256433e-01
4.853409479561440407e-04
9.366850658340547531e-01
9.999999998916360155e-01
1.935834206119091395e-13
9.999999995073445280e-01
9.999999999998978595e-01
9.966625826119883500e-05
7.790220294515215471e-01
3.863360221750076887e-04
5.464902621025956135e-03
1.429425665054321615e-01
6.647563798283564465e-04
9.962984904503939809e-01
