-3.251343048683646764e+00
6.025244895417146473e+00
4.144922661275245446e+00
8.656082340598930003e+00
3.438479882824430067e+00
-2.526837327555387258e+00
1.378862764861290779e+00
4.305639955400408780e-01
-2.518289146462645789e+00
8.480116314040458958e-01
-3.341500585076779828e+00
3.990422509214734070e+00
-6.684989723551161944e+00
-7.219275870183004429e+00
-2.784378585906954751e+00
9.447060212257543554e+00
-1.179876288646017457e+00
1.344427374777153350e+00
-4.366683423094593230e+00
7.533729927893856093e+00
-2.485849452436008633e+00
3.686611030850034165e+00
5.974341895105630407e-01
7.137546688380037807e+00
-5.415652564557572823e+00
2.520308438674963014e+00
1.505074801898800718e+00
5.316514828862865194e+00
-7.866594674855461378e+00
2.633711416038247766e+00
1.027140455364147886e+00
1.185984212832990270e+00
4.355250502600761742e+00
4.273282821211179971e+00
-1.353508074221807078e+00
-6.386400328649073366e+00
4.693009253118813895e-01
-3.566630589139515806e+00
-8.588250029236579763e+00
1.748189981579012287e+00
