-1.476498960870755717e+01
2.767642557515508805e+00
-9.004487513519617847e-01
-1.895959141082701649e+01
-3.091644304504343466e-01
-5.112279784650515246e+00
6.473728081472811979e+00
6.963124012687553765e-01
-5.465057263287995681e+00
5.470676534015095349e+00
2.082576993288008271e+00
-1.385136987043965640e+01
1.109257782614350596e+01
1.569577642435447196e+01
3.858141662907896396e+00
-4.190550091212250194e+00
9.269015636208637332e+00
5.194346452117197366e+00
5.882599003251741898e+00
-9.751389604397653343e-01
-1.216781981765207021e+01
-9.056038954215422265e+00
-5.625824990675331705e+00
3.784540329039451367e-01
-5.611026700750546325e+00
-1.129482840729001403e+01
3.558805532263868976e+00
4.364865349907661063e+00
7.281494286039379205e+00
6.077140455783560213e+00
-1.408560428444250778e+00
-2.744323315668707242e+00
8.196575064563631940e+00
9.745262016200339161e+00
1.188732833371300579e+01
6.445190737745543075e+00
-3.781211953453524455e+00
1.611474699051253268e+01
-2.635499979842828022e+00
4.482624372508009714e+00
-1.529536216162641082e+01
-5.984557911377572204e+00
-1.802264124285958280e+00
8.200444021892163704e-01
-5.929799097227344440e+00
2.431271192706287110e+00
-1.622374203292570538e+00
-1.135625656591799348e+01
3.554268922478243997e+00
2.934799466345568675e+01
