9.779173918015339195e-01
8.805874072747482684e-01
0.000000000000000000e+00
1.000000000000000000e+00
0.000000000000000000e+00
8.939548429415549169e-01
9.995487135059236694e-01
9.999987770325289294e-01
9.999999928182439213e-01
9.999998898962053628e-01
9.270522631348552256e-01
5.166581797471058143e-09
9.999995756853361506e-01
8.414413923906725833e-15
9.999999977384632643e-01
4.072812384883476824e-18
6.692605525169242897e-01
9.995251862458374159e-01
9.871880727573262107e-07
5.742926220100665643e-05
8.232210739758662576e-16
9.999999992557053741e-01
5.185650511167522187e-10
9.862333200202073602e-01
4.868402207037757570e-03
5.529022481246642640e-01
9.999999999374449278e-01
2.394542664769270957e-06
6.898197255171110473e-09
9.916837628386470094e-01
