-9.999999771940377702e-01
-9.013400511988357566e-01
-9.999991568425257160e-01
-9.998866622927545800e-01
-9.955226067654797673e-01
5.510604595218742130e-01
8.995342259433771748e-01
6.371852134463161788e-01
-9.995413987876543560e-01
9.996601613519039420e-01
-9.983945065370724015e-01
-8.317355404970352417e-01
-1.068702543984277747e-01
-8.645584160039104793e-01
6.055264383065339651e-01
-9.884827586861693050e-01
-5.001452601138252074e-01
9.995910452751857189e-01
-9.999683826282610433e-01
-9.999999106353268941e-01
