1.766646036292123911e+00
7.888276013921937668e+00
5.105010727740753929e+00
3.095557317426302024e+00
1.340130789094151176e+00
1.349924806149648049e+00
0.000000000000000000e+00
4.342240938957717233e+00
0.000000000000000000e+00
2.409365877292249714e+00
5.964093051904868936e+00
7.047541654341967110e+00
0.000000000000000000e+00
0.000000000000000000e+00
0.000000000000000000e+00
6.868776505306314339e-01
4.839586593572692275e-01
0.000000000000000000e+00
0.000000000000000000e+00
0.000000000000000000e+00
3.861377923283020763e+00
1.171957128592632680e+00
3.056941768147662497e+00
2.870907458078688634e+00
0.000000000000000000e+00
2.878742620679743069e+00
0.000000000000000000e+00
3.091582989566254103e+00
0.000000000000000000e+00
0.000000000000000000e+00
1.782975577633702180e+00
3.371343916914608219e+00
4.856646113143685994e+00
5.509071457697715779e+00
0.000000000000000000e+00
0.000000000000000000e+00
0.000000000000000000e+00
0.000000000000000000e+00
0.000000000000000000e+00
0.000000000000000000e+00
