-9.988639332861903863e-01
3.768578752862296044e-01
-9.900977842089262460e-01
9.398152088534806881e-01
-7.316831555347516058e-01
8.127760912689241390e-01
9.999060144637366143e-01
-9.997788330951745683e-01
-9.924109098712537991e-01
9.986450750973936419e-01
-9.999878469458296504e-01
-9.857876930136457716e-01
-8.051855856973780812e-01
-9.788412873464834574e-01
9.986184156083156571e-01
-9.564818267938931529e-01
9.986329748166126175e-01
8.125815210115350240e-01
-9.823797342414619660e-01
-9.999999135289605601e-01
