4.168367641365407827e+00
-1.451599478686991684e+00
-3.020609236631221250e+01
4.411427342926796769e+01
-4.924081924573157210e+01
3.815117695444842472e+00
1.133121300229704431e+01
1.530684300039817813e+01
1.804568082328991352e+01
1.518351077089227630e+01
-1.216637715382744922e+01
6.518886141018844782e+00
3.784201307509550638e+00
-2.083492693175743682e+01
1.760910850457149834e+01
-4.411201004678202509e+01
-8.277906145585077979e+00
1.025412421416494624e+01
2.261544838719530048e+00
7.748144009581772185e-01
-2.723561440542708922e+01
1.796543517057665795e+01
1.722202912749853931e+00
2.709033250524252523e+01
1.392774439405545017e+01
2.587097976867040128e+00
1.448763554353393168e+01
-8.613871454148585016e+00
-1.360529697144716366e+01
1.456505600632962327e+01
