4.030849616399188040e-01
5.743909490315020960e+00
4.233242762264293191e+00
5.364342322506596705e-01
0.000000000000000000e+00
3.868164530983901894e+00
0.000000000000000000e+00
2.638128482968562061e+00
0.000000000000000000e+00
0.000000000000000000e+00
1.282291046088426700e+00
4.649810266886302279e-01
4.248985354569365658e-01
0.000000000000000000e+00
4.679689600478681655e+00
3.555827582312747204e+00
2.966234900980145639e+00
8.610376989253460955e-01
1.258031222055964626e+00
0.000000000000000000e+00
0.000000000000000000e+00
2.974149487965392691e+00
5.764532879423317269e+00
1.824461291367059479e+00
0.000000000000000000e+00
3.060366066029925891e-01
0.000000000000000000e+00
1.614120420979384907e+00
0.000000000000000000e+00
5.084199907789103356e+00
0.000000000000000000e+00
0.000000000000000000e+00
2.257512965514856695e+00
6.923738176791874643e+00
0.000000000000000000e+00
0.000000000000000000e+00
1.533836276939350984e+00
0.000000000000000000e+00
0.000000000000000000e+00
0.000000000000000000e+00
