-5.019056300119324909e+00
1.498140880522602636e-01
-1.054887191908985722e+00
-1.252081783192827480e+00
-3.916835787613893949e+00
6.551450458890197837e-01
6.535747945942563142e+00
-1.736839530955794464e+00
-5.037783507208329681e+00
6.308397210196497795e+00
-5.672583300728296862e+00
1.844164557303303864e-01
-6.242301059746806491e-01
-5.516856317129716025e+00
1.662560380870940602e+00
-3.122365005800762816e+00
1.725163955427658213e-01
-7.628073088846970551e-01
-3.746747212938734140e-01
-3.682118488554244173e+00
