0.000000000000000000e+00
0.000000000000000000e+00
9.553905053183688878e+00
7.106739211344484275e+00
4.254768700150617811e+00
1.105756449016191389e+01
0.000000000000000000e+00
9.557326770438578478e+00
0.000000000000000000e+00
0.000000000000000000e+00
3.886022757344082645e+00
0.000000000000000000e+00
2.255986780012594117e+00
6.116870698089904579e-02
0.000000000000000000e+00
7.788445049735296166e+00
2.677596639193497108e+00
0.000000000000000000e+00
0.000000000000000000e+00
0.000000000000000000e+00
0.000000000000000000e+00
6.630268972155672902e-02
3.944346593466885320e+00
4.960110335564927198e+00
0.000000000000000000e+00
0.000000000000000000e+00
0.000000000000000000e+00
0.000000000000000000e+00
0.000000000000000000e+00
0.000000000000000000e+00
0.000000000000000000e+00
1.367755920838885419e+00
2.291487702911851443e+00
3.357359605180700868e+00
0.000000000000000000e+00
0.000000000000000000e+00
2.260223405663186469e+00
0.000000000000000000e+00
0.000000000000000000e+00
0.000000000000000000e+00
