9.999999999345319246e-01
6.175898979483434442e-02
7.151689133823189992e-02
9.924652735867256492e-01
2.095114149260770761e-02
9.997221444704225135e-01
9.918506001690907681e-01
3.113325147740574894e-01
9.286834717982224777e-03
1.406990396774566165e-01
3.634413118991813738e-05
8.384364484317341493e-04
1.409185403988200969e-01
4.505358288416525469e-05
9.279316946918911846e-01
9.955393307794693225e-01
2.794005957391606002e-04
5.765716475887071590e-01
1.052209014867537540e-02
9.993514564304517567e-01
3.770021238080178416e-01
6.514534972817788427e-02
9.839860707985700339e-01
8.647753362813113554e-07
9.998929508378705533e-01
9.069335925680871435e-01
7.436563218157337118e-01
9.975699178589907401e-01
4.755142834194493046e-02
9.925440965976392027e-01
9.999805834338429955e-01
4.019722042850560340e-01
9.999971808407668306e-01
3.973466297937499059e-01
4.097978278974459543e-02
9.704204933901104946e-01
1.956513784630022415e-03
9.998725548306257593e-01
1.443701183562277335e-01
1.552044396411998127e-06
1.070483457155052137e-01
5.711601235520004718e-03
4.197995160319802186e-04
2.186241880747652025e-08
5.264648476275428368e-02
9.997622400779216933e-01
9.597451247039566757e-01
8.952361099877099715e-01
3.507603188228190934e-04
7.549827139134435150e-01
