2.344945845993279576e+01
-2.720767307886078790e+00
-2.563618524264098308e+00
4.880669500489498880e+00
-3.844388416425589483e+00
8.188131362993537721e+00
4.801628207112636382e+00
-7.938970292735049172e-01
-4.669827277261378029e+00
-1.809496083105404995e+00
-1.022244147505006140e+01
-7.083132983412200545e+00
-1.807681752461597346e+00
-1.000761299119451664e+01
2.555343771085507143e+00
5.407985827069801132e+00
-8.182584539299449844e+00
3.087152921663522398e-01
-4.543700569328099625e+00
7.340132617382924884e+00
-5.022922889048473394e-01
-2.663770139851485919e+00
4.118152822661089729e+00
-1.396079522581609389e+01
9.142115314974965656e+00
2.276755934118936509e+00
1.065059958016829844e+00
6.017397179733711354e+00
-2.997224285256007370e+00
4.891265319788251631e+00
1.084936451391562429e+01
-3.972542913401043707e-01
1.277906904255252840e+01
-4.165331666864739990e-01
-3.152833313815153637e+00
3.490647698615933603e+00
-6.234632640524905511e+00
8.967696876694555286e+00
-1.779457632927562649e+00
-1.337593597863122241e+01
-2.121251879337017421e+00
-5.159527893284661992e+00
-7.775313415775675807e+00
-1.763849668852654418e+01
-2.890072853460334379e+00
8.344011335975988430e+00
3.171436632214748919e+00
2.145378341964491842e+00
-7.955056598255296763e+00
1.125366089996895802e+00
