4.040788274825757756e-07
2.856792783661479262e-01
1.339502087433742591e-02
9.999999999652913196e-01
7.396699785694798326e-13
3.357093213301244598e-10
9.999999999999975575e-01
4.435542505956843205e-07
9.999999999965953901e-01
9.994286963250964551e-01
9.999999999828212971e-01
1.003984509124603020e-03
9.999999193156369204e-01
2.400623167748233977e-01
4.390985637024261421e-07
1.805218880718616609e-14
9.999813958303498396e-01
8.020505360688959806e-01
9.986434737032873210e-01
9.999999553289671272e-01
3.400001671611160957e-11
5.629522610594110514e-03
1.000000000000000000e+00
1.510042247921310735e-06
1.000000000000000000e+00
9.999979617552170463e-01
9.999999999999846789e-01
9.999325738020051757e-01
1.288092433677868254e-09
9.999998791943479626e-01
