-1.472165545640817363e+01
-9.164622741859544952e-01
-4.299386674175830869e+00
2.408403214407645621e+01
-2.793257228309422402e+01
-2.181477544514657296e+01
3.367136816797678733e+01
-1.462844527534505268e+01
2.640588924609766153e+01
7.467018192795172205e+00
2.478735190643769926e+01
-6.902774198151232277e+00
1.633272096648234850e+01
-1.152337891295837746e+00
-1.463854149128878568e+01
-3.164550945392758763e+01
1.089210622328569578e+01
1.399159852990098152e+00
6.601470593133962339e+00
1.692394053286920652e+01
-2.410466009962816614e+01
-5.174085206186522790e+00
3.777262675984953688e+01
-1.340337141872961624e+01
5.563003281366082575e+01
1.310341948278286850e+01
3.180336967038378049e+01
9.604409492812781224e+00
-2.047010344527331327e+01
1.592908264313323663e+01
