2.003880441666794354e+00
0.000000000000000000e+00
0.000000000000000000e+00
1.189718466968885124e+01
1.812864728816817150e+00
0.000000000000000000e+00
3.851722708291656527e+00
0.000000000000000000e+00
0.000000000000000000e+00
1.037191101137783455e+00
8.444231715882272171e-01
2.206172095278946088e+00
0.000000000000000000e+00
0.000000000000000000e+00
0.000000000000000000e+00
4.480045476213058819e+00
0.000000000000000000e+00
5.042353986431866275e+00
0.000000000000000000e+00
8.880221299105862443e+00
0.000000000000000000e+00
5.717835074264174366e+00
5.724449495876520189e+00
1.384555852814340904e+00
0.000000000000000000e+00
0.000000000000000000e+00
3.513796047024863256e+00
4.686824899840888570e+00
0.000000000000000000e+00
2.642469629324439406e+00
1.773719157175313477e+00
6.287669129168214965e+00
6.969140555544992566e+00
7.225891923489530022e+00
0.000000000000000000e+00
1.178691749922242682e-01
4.021382281782633905e-01
6.887886260613418354e-01
0.000000000000000000e+00
0.000000000000000000e+00
