0.000000000000000000e+00
0.000000000000000000e+00
0.000000000000000000e+00
9.819927946908361349e+00
0.000000000000000000e+00
0.000000000000000000e+00
3.392067886300781376e-02
0.000000000000000000e+00
1.963966334666367608e+00
0.000000000000000000e+00
0.000000000000000000e+00
2.207243868802041931e+00
0.000000000000000000e+00
0.000000000000000000e+00
0.000000000000000000e+00
4.980838225692743926e+00
0.000000000000000000e+00
0.000000000000000000e+00
0.000000000000000000e+00
1.017839110661690150e+01
0.000000000000000000e+00
2.451841746389679777e+00
5.642065628599526761e+00
1.365577694836697553e+00
0.000000000000000000e+00
6.397091169843333036e-01
1.809803895053551992e+00
6.859974650074077474e+00
0.000000000000000000e+00
6.647356826240589989e+00
3.879745318349058891e+00
7.103563511231204330e+00
8.491093918503143101e+00
8.131096469888518641e+00
0.000000000000000000e+00
0.000000000000000000e+00
3.606882539595808179e-01
0.000000000000000000e+00
0.000000000000000000e+00
0.000000000000000000e+00
