1.021554871911712171e-07
9.871852870893761400e-01
9.342043346739358212e-01
5.332151900961769851e-03
7.066302063693624680e-01
1.110314842044850481e-04
9.993607092880026910e-01
9.990027905930105590e-01
4.754805451379951475e-01
6.586534262647415483e-01
9.999994055781792346e-01
9.234053713687339141e-05
9.913722771309658732e-01
8.005001835700652491e-01
2.714295720307218635e-03
4.600127210299871129e-03
9.990709573938527654e-01
9.997481435543187356e-01
2.685537003042247073e-01
2.768473037209635073e-05
9.572363463060050773e-03
2.099396568368335940e-08
7.447091948744360949e-06
8.714216222956530089e-01
9.898275283597312013e-01
6.364713412454906850e-05
8.542607678974452057e-01
9.489887854867762318e-01
9.927892025567721657e-01
9.997068802182974556e-01
9.607809102319980754e-01
9.999996041820692350e-01
8.881300862662941942e-01
6.433402203966845487e-05
9.999995604033519170e-01
5.087769026792277050e-02
1.206609892838064963e-03
9.996236561014036903e-01
2.415911692591867562e-04
9.999983010094046776e-01
6.970127752044076058e-07
3.451399481970971045e-06
9.999993922872854046e-01
8.669733651938268393e-01
9.991347787362633293e-01
7.996742585766735134e-01
1.798164336443919820e-01
9.954268165415409708e-01
6.402518131024920178e-02
9.999999999894493286e-01
