-9.998234954738774993e-01
-2.569255142557456129e-01
-3.861571832021966633e-01
-9.123047370328976058e-01
4.455625416068166311e-01
9.123994956542205159e-01
9.999841091012318106e-01
7.745808703325638422e-01
-9.998786127912376864e-01
9.999998913733036954e-01
-9.999988022114664199e-01
-9.972855045651570771e-01
-1.392165529391747592e-01
-9.943813254376391297e-01
9.863803748436621444e-01
-9.944956727452383127e-01
9.999430562470701389e-01
9.147078416727610906e-01
-9.907899946860089235e-01
-9.343943851859791705e-01
