-9.999998108796172014e-01
-7.230451413514720205e-01
-9.882947540342791326e-01
-9.999268642413625674e-01
-4.745520882049757971e-01
2.460658381779511628e-01
9.994213432421896748e-01
9.985418795345024634e-01
-9.892933675230807244e-01
9.999920084724663871e-01
-9.999992734355882540e-01
-9.962204610296410134e-01
-4.724002824553108493e-02
-9.113204477651084545e-01
9.518274258299884716e-01
-9.528137186671012948e-01
9.993467675063522071e-01
9.993268813643937376e-01
-9.998927906156204193e-01
-9.999178182412770122e-01
