-1.378553507057940219e-01
2.301293728830424712e+00
1.174719627288893786e+00
4.904453980597842211e+00
2.168301093074512575e+00
-5.729598689143333701e+00
-4.619950265975021786e+00
3.495334511974427016e+00
-1.208747203025167138e+01
3.235813962756564965e+00
4.425226540450452717e+00
6.077991457399654074e+00
-3.514025323067804685e+00
-1.051709822846935616e+01
-7.986153347151999649e-01
7.571584949908348072e+00
2.491559288219773904e+00
3.380617094282134971e+00
-3.115828729704136713e+00
5.513661050798571495e+00
1.267769284678126329e+00
1.570447942248343498e+00
4.431167360582839443e+00
5.621097099585060874e+00
4.336202150635691588e+00
7.008997966600015950e+00
4.472889439616159812e+00
3.315268110812744418e+00
-6.171354806273050997e+00
9.425988788243437888e-01
-8.146328241576911156e-01
-1.256210375208222096e-01
1.629509034900201492e+00
8.565709206509470874e+00
-4.809272482589120878e-01
-3.883941375573207289e+00
3.686764485679897341e+00
-4.235361538380292501e+00
-9.127974131672099034e+00
-3.755248630948920807e-01
