3.592586664338929925e+00
-1.040588806322940485e+00
-4.005367553741132980e+01
3.083945829576349951e+01
-4.025414592014420379e+01
-2.763076475863700754e+00
2.097323618569578585e+01
6.898367286877011395e+00
1.673268250412207392e+00
1.597792020336979313e+01
4.742126894270793258e+00
1.168550099234483497e+01
1.215982026352535428e+01
8.709840451258109795e+00
1.868335873874555908e+00
-3.434663600864168842e+01
2.732448166904639653e-01
7.189978496969635202e+00
-3.055983676110476388e-01
1.523707079271093434e+01
-2.838770646968420053e+01
9.262474278207879053e+00
1.846721181449141014e+01
1.288525949345668664e+01
1.695236724596105660e+01
-5.172807210750752560e+00
1.317240539118484932e+00
-6.369740065931232209e+00
-7.301767169626483422e+00
1.566213965757884630e+01
