0.000000000000000000e+00
3.665326994333907962e+00
5.775643128237652135e+00
4.511328253580438208e+00
5.063062883382152712e+00
0.000000000000000000e+00
2.293223647778699803e+00
2.297591589457788963e+00
0.000000000000000000e+00
5.041898147806292307e+00
2.971806028892301388e+00
6.916733059098820746e-01
9.571732801317822670e-01
0.000000000000000000e+00
7.069259374525368678e+00
5.452724982310718893e+00
4.660480582507658731e+00
1.932243567552117014e+00
4.353914631430267690e+00
2.307580959372629081e+00
0.000000000000000000e+00
1.093748532121286310e+00
3.457214189118105629e+00
5.545345479604459449e+00
0.000000000000000000e+00
0.000000000000000000e+00
5.167358151143059075e+00
4.467724308337897021e+00
0.000000000000000000e+00
4.524842358820799326e+00
1.589778116744925196e+00
1.860963490072519821e+00
1.815328043476045705e+00
3.406894135822347902e+00
0.000000000000000000e+00
0.000000000000000000e+00
1.184284323585913734e+00
0.000000000000000000e+00
0.000000000000000000e+00
0.000000000000000000e+00
