-3.654586958640340555e+00
3.733483514930198588e+00
4.802185060646251280e+00
-2.544277866342350980e-01
2.688135628555446299e+00
-1.660989868476661302e+00
7.744428323948577830e-01
2.863789057539277927e+00
-4.667163743447803270e+00
2.071760713838424639e+00
-1.280617661196516543e+00
4.651027293746874847e+00
-1.305935592948465729e+00
-5.170041111848243887e+00
5.435464999899852323e+00
2.098685893333573027e+00
2.378917909663134989e+00
-2.242714756811171828e+00
1.978267502368570074e+00
8.871250671274104604e-01
6.944737470014756830e-01
-2.134198776427438382e-01
4.371695350490428567e+00
3.907428744947536448e+00
-2.181660404348359172e+00
4.462671777333307332e+00
1.347527250287157141e+00
4.706439337483236507e+00
-6.358335448642853827e+00
2.698116101626137908e+00
2.067203433623382214e+00
3.819015574425295600e+00
4.408599286372624881e+00
7.617483060159028874e+00
-4.020298268374179251e+00
-1.172043021084324721e+01
5.844504528041341018e-01
-4.212838469042635481e+00
-7.428922308383289597e+00
-1.332122019592774986e+00
