2.532789664839034671e+01
-2.739763188299431818e+01
-4.792321655034122330e+01
3.983797395909883221e+01
-5.035188744920690596e+01
9.453303189829238562e+00
-1.670599534879275927e+00
2.696466146955813414e+01
2.875097453190630858e+01
1.193507714260670483e+01
-1.189019537851328501e+01
-2.596023245630487253e+00
2.208578093172134871e+01
-2.096357626411485242e+01
3.186093124949930910e+00
-3.669758545807417249e+01
5.769738181322098924e+00
4.966355370497854693e+00
1.117992768123285430e+01
2.767403005541402727e+00
-4.481486044331614238e+01
-8.591862268737063602e+00
1.072787235105697512e+01
1.562205053506184171e+01
1.661698972527419826e+01
1.369089514101744509e+00
1.441211584463903606e+01
-8.045591898127574026e+00
-3.599890971587298338e+01
6.597775317778800108e+00
