0.000000000000000000e+00
8.180199383979418482e-01
5.977838625250043947e+00
2.708715853492404069e+00
0.000000000000000000e+00
0.000000000000000000e+00
2.026381424764484018e-02
8.654658482725997359e+00
0.000000000000000000e+00
3.463643994251420999e+00
0.000000000000000000e+00
5.268027572965969796e+00
1.852586602413254013e+00
0.000000000000000000e+00
2.623174871157641697e+00
7.251871645689965007e+00
5.223061502759584585e+00
3.703784501942298246e-01
1.193476346306653557e+00
1.801829910313132332e+00
1.564905258407133459e+00
0.000000000000000000e+00
7.090824332558950616e+00
5.268144650192339462e+00
1.811927769791194187e+00
2.436643585189581795e-01
3.996500122226346985e+00
1.246672924738937649e+00
0.000000000000000000e+00
3.175205672140344326e+00
0.000000000000000000e+00
4.530631559094302929e+00
2.853358474889124530e+00
8.806646928212469305e+00
0.000000000000000000e+00
0.000000000000000000e+00
4.195980194117434614e+00
0.000000000000000000e+00
0.000000000000000000e+00
0.000000000000000000e+00
