1.815566735098605022e+01
1.541780016794933372e+00
5.069904971118230463e+00
-4.718848750362994338e+00
4.016164654030959902e+00
1.921937100341419846e-01
8.027472763945791456e+00
1.293718312670889770e+00
-6.339519246447644640e+00
1.199206858195590364e+01
-1.207776720689348693e+01
2.272115660848610830e+00
7.318545244548949391e+00
-7.425780204021183550e+00
3.136789736623047942e-01
5.515280744899224707e-01
-1.070917604325856765e+01
-6.341900055492721400e+00
8.404206161551440957e+00
-4.397358735704196775e+00
-4.681955357779946425e+00
4.150012087720020837e+00
-8.655721688819369319e+00
-1.106919604709182936e+00
-4.459295173311084604e+00
4.180800531889809157e+00
4.805491816957429663e+00
5.576394307778090642e+00
8.842768567214028153e+00
-3.374569595184457871e+00
-1.929953404030472086e+01
-5.095898072413905133e+00
1.275894684211881014e+00
7.889815005141966431e+00
-3.619324502997509185e+00
2.516221399693421734e+00
-2.504155908945026265e+00
6.155111746683236795e+00
-5.043221839762115799e+00
-1.419578060649750118e+00
-6.514955990777257178e+00
-1.368057794974031349e+00
-1.605472545495438830e+00
-3.751038665932794558e+00
1.156180953013455692e+00
-6.558394491098063384e+00
8.816879638559722565e+00
7.853462248268943569e+00
-2.421408715299495640e+00
6.509436489671561077e+00
