0.000000000000000000e+00
4.183265539897358387e+00
6.465691629057692680e+00
3.018894512871853841e+00
0.000000000000000000e+00
3.595937669000054959e-01
0.000000000000000000e+00
1.127471734194124409e+01
0.000000000000000000e+00
2.213035021098319621e+00
2.116055916268423598e+00
4.395774163305363302e+00
0.000000000000000000e+00
0.000000000000000000e+00
1.136197347759263732e+00
6.535139717378354085e+00
6.723636513176018958e+00
2.599339104685136626e+00
0.000000000000000000e+00
1.379796313822691634e+00
9.474621915778571601e-01
0.000000000000000000e+00
6.030416537738007676e+00
8.940270145785424560e+00
0.000000000000000000e+00
0.000000000000000000e+00
4.773028901279063874e-02
0.000000000000000000e+00
0.000000000000000000e+00
1.432506898519326777e+00
0.000000000000000000e+00
1.002891010063590826e+00
2.380181004931154476e+00
4.772271065751886532e+00
0.000000000000000000e+00
0.000000000000000000e+00
3.991856282092547836e+00
0.000000000000000000e+00
0.000000000000000000e+00
0.000000000000000000e+00
