-4.353361457875400298e+00
4.183265539897358387e+00
6.465691629057692680e+00
3.018894512871853841e+00
-9.725440829801197395e-01
3.595937669000054959e-01
-3.714179174970284047e-01
1.127471734194124409e+01
-1.131493534770942588e+01
2.213035021098319621e+00
2.116055916268423598e+00
4.395774163305363302e+00
-2.285899918884889637e+00
-9.062085096590905664e+00
1.136197347759263732e+00
6.535139717378354085e+00
6.723636513176018958e+00
2.599339104685136626e+00
-1.544870922540016345e+00
1.379796313822691634e+00
9.474621915778571601e-01
-1.937301036213839200e+00
6.030416537738007676e+00
8.940270145785424560e+00
-4.993556966650726237e-01
-6.076731081376012256e-01
4.773028901279063874e-02
-3.218312696427161335e-01
-8.044184841456743840e+00
1.432506898519326777e+00
-2.411523795925317959e+00
1.002891010063590826e+00
2.380181004931154476e+00
4.772271065751886532e+00
-1.732755892942078324e+00
-1.316325893368652800e+01
3.991856282092547836e+00
-5.444265808486965952e+00
-3.813060607488040432e+00
-2.860979389969606324e+00
