9.282491182822955045e-03
9.992265682542269545e-01
1.746480502311933017e-05
9.999998594401235952e-01
3.035732064447590090e-10
1.288366924722087224e-06
9.984386042505019043e-01
2.569357878730896185e-03
9.999236316283058867e-01
4.507268789231167611e-02
9.999999822757911216e-01
4.168702991442882979e-06
9.976596360240872485e-01
1.160381632502471266e-09
6.353439245485454290e-09
1.346918816135467396e-10
9.982403709981443329e-01
8.674246834369875314e-01
9.999768062608197505e-01
9.982481222907602092e-01
9.537552944545055238e-13
9.995060990230704157e-01
9.999999999988764543e-01
2.046258728461304899e-05
9.999999999999997780e-01
9.999786015751481738e-01
9.999999999977629006e-01
8.328737004166818503e-01
2.149631578229017285e-04
9.987874710131889877e-01
