1.441556428437864579e-01
9.382292039439287024e+00
6.522003377122936207e+00
-1.426751892267594357e+00
-1.493477886306850966e+00
2.093146284852669403e+00
-2.312099812292388368e+00
9.480677000037630364e+00
-1.236820982933480906e+01
-1.748157333688490578e+00
2.864388288963596985e+00
2.954635592299268421e+00
-3.620533199118912471e+00
-4.144235203994236727e+00
4.031189091865036156e-01
3.513629099326699645e+00
5.657458409971908075e+00
8.554075603985060727e-01
-5.650241707798745461e-01
-2.413272319220531870e+00
1.550568686588837952e+00
3.307790658912408421e+00
3.854685022767886160e+00
6.152895341437168319e+00
1.180266120968760379e-01
6.034388736692203103e+00
-4.110131146225905141e+00
2.147386259473369030e+00
-7.244111699485596745e+00
6.911542114617543753e-01
-3.523366947725258269e-01
-2.220438667531328125e+00
5.039452929867455744e+00
5.465961418845735054e+00
-4.823323742374043377e+00
-5.590469288752121457e+00
-5.540554182355810209e-01
-3.295199929772965053e+00
-3.363484203254241578e+00
-2.082029554967736118e+00
