-3.517470280331483234e+00
-9.399919837493348140e+00
-3.905594529709453155e+01
4.082394091224860233e+01
-5.286917671559094600e+01
3.283121928485248642e+00
1.671350336263114755e+01
2.121705612840962729e+01
2.957913488188746598e+01
2.254157531720848695e+01
3.740027850459664460e+00
-7.731384041255768835e-01
2.992576681991333842e+01
-2.504468099437723794e+01
1.835783062592262382e+01
-4.390525846578078983e+01
-1.195833906533152380e+01
6.791079087525603519e+00
-1.301198076967769524e+01
-9.338781100844398608e+00
-2.005028184276098813e+01
9.952467344169381391e+00
7.813874491065668781e-01
2.044623880888229905e+01
1.596105463293618953e+01
-6.163465002141894189e+00
2.022827403070147767e+01
-1.290882048944392047e+01
-1.356093614799221747e+01
1.093708214247041965e+01
