5.578829527260844579e+00
-8.964525241647319120e+00
-3.772165799672738018e+01
4.793841401866579588e+01
-5.159531195581510588e+01
5.967187178529680835e+00
1.118234160578733594e+01
1.907991245769922628e+01
2.332676192511630830e+01
1.926018370749516961e+01
-3.368457094855796807e+00
-5.637476791466408343e+00
1.906289415972772261e+01
-3.053877925306180074e+01
1.910189228925191074e+01
-2.969572921382961894e+01
-9.053484884774293917e+00
7.456567841097623273e+00
-1.477541018918480198e+01
-1.080811863893088143e+00
-2.708041394365501375e+01
1.755641392217663110e+01
-7.977568132172914162e+00
1.530043464735077485e+01
5.252719641379343329e+00
7.330807875104827787e-01
1.786600059092339876e+01
-1.508276243846846754e+01
-1.415408672464887907e+01
5.520324553244757126e+00
