1.973381531580143999e+01
3.059543321825588080e+00
-3.938310274602481176e+00
-9.454571236270213674e+00
-6.119886634497002653e+00
1.436044992243727592e+01
2.463920898398037629e+00
-4.888658392030325928e+00
-7.479459165451057601e+00
9.046961658755115820e+00
-1.593217831151416242e+01
2.645052090267770772e+00
6.233124998755514845e+00
-2.220029973627435371e-01
1.499268412645287007e+01
1.029033167770897350e+01
-1.616402669898944922e+01
-1.246320677242392883e+01
5.936635149111149090e+00
2.281357663236506905e+00
-4.195805614926893412e+00
1.440993274635886934e+01
3.187806675909751863e+00
-7.760056739727644093e+00
-6.583815465082755836e+00
6.395956775881045386e-01
5.172873525561631602e+00
-6.598532423388363988e+00
8.698715207094654289e+00
-3.835267542909662541e+00
-2.236737034362162646e+01
-1.369348327775555951e+01
-2.246852597108462302e+00
1.280184310889919530e+01
-8.126320226139526426e+00
1.645169810798418730e+00
-1.862662737414774616e+00
6.527365904970165111e+00
2.943614497908054517e+00
-1.137119132940201638e+01
-1.329318901519437102e+00
1.013212227674685195e+01
-1.091275859662322212e+01
-3.838469764751574864e+00
-2.955871334423161745e+00
-2.462658621029114592e+00
7.362039156192355271e+00
-1.294555561575108760e+00
8.793611896443034315e-01
-3.993604544202641105e+00
