3.920385271883565709e-06
9.989756805052223410e-01
1.426401027477115958e-08
9.999999999997817302e-01
4.663587230351712692e-12
8.180474586903451265e-03
1.329656177634935266e-01
8.059296401545948951e-01
9.999993437562003651e-01
1.210136241464562779e-01
9.985588772366410515e-01
8.378875959495211134e-01
5.601939560229259873e-01
7.749823595711743257e-03
6.524126463442986995e-03
1.146224824090642391e-09
9.927357014261121160e-01
3.102066710739262434e-02
1.007209739619588373e-02
9.999992523716295656e-01
4.802244556294726795e-14
9.999866843215502454e-01
9.999999999999975575e-01
2.791769801088846426e-01
1.000000000000000000e+00
6.394332951992193204e-01
1.000000000000000000e+00
7.860849232382382916e-06
2.327807220804286488e-06
9.999999553608398539e-01
