-2.091801707872409377e+00
-5.257330468099992160e+00
-3.215385470958807446e+01
4.320178305227792492e+01
-6.176921615141341704e+01
1.713190497407855162e+01
9.394528276369122466e+00
9.648315183804390127e-02
1.947403626160136625e+01
4.433592744164994492e+00
2.090413141570846012e+00
-4.875494050233458054e+00
1.547733830239318920e+01
-3.361353100844978314e+01
1.474023099288731320e+00
-2.718261725387157313e+01
-1.576952950829733702e+01
1.754169282962238086e+01
2.904060014597849460e+00
6.381895690171197622e+00
-3.221735651622052643e+01
1.970396159590351814e+01
1.833857281996631627e+01
-3.340083347245650813e+00
2.239798447108601209e+01
-1.862652863981626439e+00
2.029967141735431468e+01
3.993971098391245089e+00
-2.705477447355938736e+01
2.197767515711134934e+00
