-9.999766625299484346e-01
9.375483270382998224e-01
-9.140644429313848907e-01
-9.999507867028246677e-01
9.781540085234056159e-01
-9.888813902813079482e-01
9.997241272107215693e-01
9.450499305873260036e-01
-9.984735926169386877e-01
9.999989708422709622e-01
-9.999465126568497508e-01
-9.660511636009364578e-01
-4.286099649335419759e-01
-9.758535167170351299e-01
2.732096871031502450e-01
8.939299094349369978e-01
-1.234496896270067534e-01
9.799249182371471134e-01
-3.643498027893230518e-01
-9.991558973609007133e-01
