-1.830225104652636769e+00
3.015525496255397453e+00
-4.445109966692725578e+01
4.316811555975095160e+01
-5.559122962497227860e+01
1.284079614942340086e+01
1.111868113448850970e+01
1.714353836689709354e+01
1.383301902100413727e+01
9.955747673126204234e+00
-4.768685571876875251e+00
-1.623361443198339416e+01
-4.188786333246333982e+00
-1.535476675059994101e+01
3.192716959429979795e+00
-3.998499383846616695e+01
7.969157973353295787e+00
-6.827737820754589571e+00
-3.050445335495085786e+00
-3.556453987824053087e-01
-4.500807797118673648e+01
9.638247765016386026e+00
-1.272486112110940581e+01
-2.462426275189010472e+00
4.389086724663290084e+00
-4.554824976917029922e+00
1.092332248383838866e+01
-8.073011614349701048e+00
-2.527952950327150816e+01
4.901913522640776399e+00
