1.537873000889035069e+01
-2.437806551777128661e+01
-2.015302774645934392e+01
3.966871754175600273e+01
-4.543741122539604760e+01
-6.037623308832456459e+00
1.724274648554598244e+01
3.019159897940905424e+01
3.625082346839714376e+01
1.537146919023664005e+01
5.089511738111752948e+00
-2.971822536264296843e+01
1.382497645308724188e+01
-3.651635098753489928e+01
-1.275102000334567620e+01
-4.092758947885845089e+01
5.890599381511703925e+00
-2.568396991317468459e+00
2.146794749491231613e+00
-1.474741976039163127e+01
-3.008291998825144020e+01
-5.352333001592166184e+00
-1.203438447372880304e+00
7.096769588739679779e-01
5.091200099992832406e+00
1.393709052449536223e+01
2.032021926328113182e+00
-5.447968158282622042e+00
-2.940140707437999623e+01
-7.112419427537154171e+00
