1.560871719505314914e+01
-8.677613173884273223e+00
2.598688752441072225e+00
5.609982382239869780e-01
-5.424845919003701944e+00
1.919608984298173127e+01
-1.151384169107226407e+00
-4.378991655208412936e-01
-8.498633474590455705e+00
7.907319306877360177e+00
-1.473574979484274472e+01
-2.758025923427321224e+00
3.489790024208713426e+00
5.156794739013488282e-01
6.579149407244595515e+00
-6.373405787135431044e-01
-1.494614707178710233e+01
4.104989727574044345e+00
1.080880091673931176e+01
8.956698099435492111e+00
-1.382566265065895195e+00
2.228675714314182876e+00
3.583411577713500051e-01
-1.056443113811220691e+01
-3.567630799513681339e+00
6.274898615274077329e+00
-9.374640890325669496e-02
1.048979629082448817e+01
6.095204036844995343e+00
4.182272997849771912e+00
1.304329657517986085e+01
-7.249737841538267169e+00
1.659620966149487842e+01
-1.149984376785412099e+00
-1.293624017223368661e+01
5.253155177025861988e+00
7.230511171480193955e-01
5.395912268222007313e+00
-5.072035050681563462e+00
-1.529591978156840071e+01
7.437452404397218997e-01
5.578815116633024651e+00
-1.085314660938444220e+01
-1.158455503231781414e+01
-1.538987351518430025e+00
2.614983715614426885e+00
3.639362974003573115e+00
6.662232168921072173e+00
-1.751732895478443353e-01
-1.118714235450696570e+01
