6.082574495085078858e+00
5.153692526842993615e+00
9.265289012376248579e+00
3.767351424776273827e+00
1.871822577890262795e-01
5.290821932956680129e+00
-9.851625578863373534e+00
6.458936016341116471e+00
-7.721933900389704064e+00
-3.136326211575199086e+00
7.678978357463310367e+00
3.213342267705561639e+00
-1.389807126866660747e+00
-2.562635102084415806e+00
-1.517488894050672776e+00
4.752774598908427350e+00
2.890843709421923036e-01
-7.239823009168565804e+00
-4.799854635620965482e+00
6.125983096194534960e-01
1.188032030293077801e+00
-8.839247349240286766e-02
7.766042686365610237e+00
-1.165019108794579594e+00
1.526732965759628691e+00
-1.971137038246187689e+00
-5.694571393225754896e+00
-6.960484350107023488e+00
-7.173944064513964491e+00
-3.624895855358251651e-01
-1.241468426718773443e+00
-4.674850890223370969e-01
-9.629918150373202312e-01
4.898597033123865963e+00
-2.516579198340105794e+00
-1.048188394554889769e+01
4.549403455105780480e+00
1.487406045732311499e+00
-1.277664818170474703e+01
-4.939518658517615179e+00
