9.999999988677998886e-01
9.144020998531025013e-01
4.043116233837984463e-01
5.397910976072254393e-04
2.348832106098576455e-01
9.999999969008159795e-01
9.173403855549082664e-01
9.859678474682323154e-03
4.777977831225298233e-02
3.281035700221642815e-01
2.677006157855688932e-05
9.999944582839199736e-01
1.395327846041742592e-01
3.480620327196346214e-03
3.918036441420949881e-03
9.977448824133521299e-01
2.432489246831046640e-06
7.826642018675272761e-01
9.984438733921092712e-01
7.753406506541814514e-01
9.996015703277941755e-01
9.999950234079115763e-01
9.999871535740635364e-01
5.541765079593326515e-05
7.840788775973145993e-04
9.999431291468011684e-01
2.280220229682724045e-02
9.999602043494587589e-01
4.907890639988220505e-01
1.747389882805721328e-01
9.994593899119759151e-01
2.083086238024238718e-04
9.999913425949110701e-01
9.991337844344450048e-01
2.082076439081000270e-03
9.982583969923841671e-01
8.636253101942055477e-02
3.510805218720416399e-01
1.209811039267755794e-01
3.386641747873329585e-04
9.678750373906188642e-01
8.053527640881236183e-01
6.565203601107863062e-04
1.689658337700705894e-07
7.964843474311291693e-01
9.852396447783656752e-01
9.977283253452248202e-01
8.555396169854661004e-01
1.802300620135492172e-03
2.738962352708692103e-07
