2.139937789429247061e+00
1.767251850757389109e+00
7.856744751202656474e+00
0.000000000000000000e+00
2.419553671395051175e+00
1.952501769475101900e+00
0.000000000000000000e+00
3.642948068151182994e+00
0.000000000000000000e+00
0.000000000000000000e+00
1.042564213109023008e+01
0.000000000000000000e+00
0.000000000000000000e+00
1.364013193185674044e+00
1.861410270297853220e+00
5.758740723709796505e+00
0.000000000000000000e+00
0.000000000000000000e+00
0.000000000000000000e+00
0.000000000000000000e+00
5.250026494246140985e+00
1.723808346099903854e+00
6.533050014389534255e-01
4.035814664558691756e-01
8.771776393035730646e-01
0.000000000000000000e+00
0.000000000000000000e+00
0.000000000000000000e+00
0.000000000000000000e+00
0.000000000000000000e+00
3.674827652905323649e+00
3.380456495424783991e-01
4.433057608077839440e-02
4.825739503387630691e+00
2.323531042733642860e+00
0.000000000000000000e+00
2.084486177768537729e+00
1.869996595223280822e-01
0.000000000000000000e+00
0.000000000000000000e+00
