9.796679794103512195e-01
5.956407322550285677e-04
3.093709154092936370e-02
9.960416524136684879e-01
5.120354747150062114e-01
9.532332236597065300e-01
9.990186271116066052e-01
5.679408317460559602e-02
4.102102950989958835e-02
4.479519036420657099e-08
1.241651955203079138e-01
1.351344058271845516e-05
4.301071415459655516e-06
9.406291416559086072e-01
9.997427759580621576e-01
2.773475913604541571e-02
9.999423426601951048e-01
8.107819229766661806e-01
4.432710893450363121e-02
9.998692483455308144e-01
6.161186095511790306e-01
7.576527456086183665e-02
9.963123051709664724e-01
1.404370232918664390e-04
9.999993697579954155e-01
7.308222417115731728e-01
9.988863780913475043e-01
7.698076263302770089e-03
7.881016734178389327e-03
9.446179801519141161e-01
9.999996909861696981e-01
5.385165090077912060e-03
3.413980737367475291e-03
9.998849854110493096e-01
9.933090469368314190e-01
9.272600467947932357e-01
2.704938513158887045e-02
8.613050517990993027e-02
8.446284433692129445e-01
2.161520983411320177e-05
2.621962006835460435e-01
3.629529719501826544e-04
5.448486366826976561e-03
2.349616744882935802e-06
4.941954168852655260e-01
9.999953789823624595e-01
2.360026948874495781e-03
1.869768073445769003e-04
9.124253358465487240e-01
9.997658957466419860e-01
