-9.368859391460699015e+00
-3.557950517986540717e+01
2.185941928531813261e+01
2.737429832180634648e+01
-2.340492934962918881e+01
-1.221720848522751091e+01
5.293412423520502585e+01
2.202335091020863800e+01
1.942518931621179945e+01
4.151779497083852277e+01
1.259498304673369518e+01
-4.012528237534007758e+01
1.132992299431281324e-01
1.620110504934370965e+01
-2.874483025984691764e+01
-4.779224000755240809e+01
-8.809773328180727781e-01
-1.656441043290755744e+01
7.451802495961106221e-01
-1.919996536693893674e+01
-4.202447743304362149e+01
-3.884077087077279611e+00
1.780281848381273235e+01
-1.185197339064249356e+01
4.140429065597358971e+01
9.739407020043319818e+00
6.182492187003374440e+00
1.642037114895126049e+00
-3.990442114364156367e+01
-6.881944220688670732e+00
