-9.999927106710928548e-01
9.974399551320961566e-01
-4.063965094292636970e-01
9.947500890792321249e-02
-3.881033913175880867e-01
7.402613698924724872e-01
9.912200910362065631e-01
3.419068297345317364e-01
-9.967857480080875021e-01
9.999999789364523162e-01
-9.999835248696355983e-01
-9.995644696650856087e-01
-7.443451097750472013e-03
-9.928262294743510630e-01
9.997067840833350205e-01
-9.968365847668678725e-01
4.437459027322236960e-01
-3.101264596196017242e-01
-9.999408732993013693e-01
-9.285868814618214451e-01
