7.479249712844857623e-01
0.000000000000000000e+00
1.837409896683944277e+00
1.019047547021097699e+01
6.562026846688895354e+00
1.352886894478611435e+00
0.000000000000000000e+00
4.891019002848609354e+00
4.677083468364366503e+00
0.000000000000000000e+00
7.348629414272932481e-01
4.689462640097680213e-02
0.000000000000000000e+00
0.000000000000000000e+00
0.000000000000000000e+00
8.194279026697978807e+00
0.000000000000000000e+00
0.000000000000000000e+00
0.000000000000000000e+00
6.966039268383150684e+00
0.000000000000000000e+00
2.059647242153769486e+00
4.996313330147270193e+00
4.558028463516556883e+00
0.000000000000000000e+00
0.000000000000000000e+00
0.000000000000000000e+00
0.000000000000000000e+00
0.000000000000000000e+00
0.000000000000000000e+00
3.275008701854224213e+00
5.769140317504005466e+00
3.820850670541535266e+00
6.446898422302848708e+00
2.497604268321868659e+00
0.000000000000000000e+00
5.818774350089018554e+00
1.825122960591213594e+00
0.000000000000000000e+00
0.000000000000000000e+00
