-8.174568433057796568e+00
4.844740789193574315e+00
4.904185886835933594e+00
2.479069955078748055e+00
-7.276489050393019298e+00
-4.252040837780244331e+00
9.249897883163306744e+00
-1.967200211962993883e-02
2.315095831737285614e+00
-1.002231703455298906e+01
1.562879882503199980e+01
-7.866250467608826291e+00
-2.303974578591110323e+00
1.616134174168604609e+00
-9.364346259095082559e+00
-1.751349622519132954e+00
1.047468891720629536e+01
7.730801911101486290e+00
-9.336943162388418926e+00
3.096119220923017612e-01
-4.111557056185988657e+00
-2.180347811947022407e+01
-1.691737831901359179e+00
-2.565562288443321126e+00
3.859055681538908544e+00
-7.626421886488900626e+00
3.569878453070781887e+00
3.313968596680559209e+00
-1.879770685057261081e+00
1.375482767987245047e+01
2.094933620214758818e+01
9.428707906977667363e+00
5.683705959647681105e+00
-1.011224835702736513e+01
1.513676754076644393e+01
-6.905214868078523693e+00
-3.354415401598977553e+00
4.566243912866238652e+00
2.180786055950278524e+00
1.293804895552428569e+01
-7.677602176359028974e+00
-1.193794110659431951e+01
1.025507447615346912e+01
-7.618260064522549335e+00
-1.363668693792203568e+00
7.505822140598507275e+00
-3.892976440002473559e-01
5.897467744666542444e+00
-5.405205540647068041e+00
6.321992906477483132e+00
