-2.065170882623337079e+01
-1.981764623570576589e-01
1.729612474670137345e+00
1.338440038134186771e+00
-6.680583968325165323e+00
-1.073035015939474590e+01
-4.225592803841863976e+00
5.210987275458967005e-01
2.867893488131692870e+00
-1.021752117748326327e+01
6.948795795659421515e+00
-2.271628311249340726e+00
-2.391823949035686958e+00
3.528299166347418581e+00
-4.155931886037830481e+00
-6.097069675997931704e+00
1.722452091419055975e+01
3.218044333935796697e+00
-1.867842188835464867e+01
-1.048443491388396076e+01
-5.236348620126729525e-01
-4.874511698662621129e+00
-6.213908344920307414e+00
7.050864796326965944e+00
1.585172137688806338e+01
6.393668064458246647e-01
-1.489325885217215983e+01
-7.023293098674774804e+00
-1.012596209081501542e+01
5.743859749496907696e+00
2.451393415504592888e+00
1.763731868513651690e+01
3.575342597837206871e+00
-1.270607783532262403e+01
1.471468907795535586e+01
-7.386768256547730616e+00
4.632357691302364522e+00
-8.847690112973188192e+00
-7.403146556075266282e+00
6.422376714488967409e+00
-5.524979541084786838e+00
-4.179264987900724648e+00
1.024736092255986009e+01
1.183190219670583154e+01
5.210053369688691483e+00
3.069644996688610572e+00
-3.365913105942616390e+00
1.130409224012031721e+01
-1.191998960480509950e+01
4.980180036176514058e+00
