-4.179460924508008546e+00
1.768439196369533395e+00
-8.227432719289995422e-01
-1.870150228152580141e+00
3.795990656531164076e-01
-1.838447046046282063e-01
4.892012513042730326e+00
3.551005605466168724e+00
-4.034985003214949018e+00
8.377339297043594257e+00
-7.864069800159409596e+00
-3.753419648552631216e+00
-1.680484533628643362e+00
-3.251538243101364856e+00
3.537749247464406110e+00
-6.321938719287643060e+00
3.373202011668588352e+00
2.511388667258281693e+00
-4.955724653484460340e+00
-8.049534180028699026e-01
