-9.984411292154952156e-01
-2.936367783891491445e-01
6.822724282653653827e-01
-9.971581565612599451e-01
8.494492451030850599e-01
-9.989475820606555923e-01
9.999987417822213676e-01
9.829804487629870691e-01
-9.889092531016753229e-01
9.999999994784812829e-01
-9.999590195125561687e-01
1.978396190956505929e-01
-8.397275358310634097e-01
-9.995660779715515032e-01
7.658774946898740943e-01
7.379673547179417259e-01
9.441137244226942560e-01
9.998977202160918010e-01
5.148799915221825563e-01
-9.240985654137161553e-01
