2.088946027641203962e+00
5.998889599111063564e-01
-1.958074855512256240e+00
6.836976539466639302e+00
9.145811267929921939e+00
-1.908413038218060187e+00
2.055896858379811842e+00
9.769761283125377727e-01
-3.863283596236315010e+00
-4.514671894475081437e+00
4.052844400413669668e+00
1.429649461997544169e+00
-6.596678313231746138e+00
-6.841067407292536373e+00
-1.024705310701999750e+01
3.341126752299783398e+00
-4.447473779293894758e+00
4.080752086377835042e+00
-7.236454998580034825e+00
5.800346492404269139e-01
-4.514342539690762379e+00
5.700559622447103791e+00
1.678369660180043521e+00
4.812813310874549444e+00
1.239513367050549819e-01
3.829341667868527033e+00
4.751765635579732194e-01
4.006890073773551109e+00
-5.665609478167440649e+00
-7.276596981664790187e-02
-2.639710366208806169e-01
4.256249825952725274e+00
2.357655261150695569e+00
9.547550181629913979e+00
-3.406865769629717544e+00
1.472646064400857213e+00
1.278578847138299279e+00
-1.502556811391871694e+00
-6.941555734658289012e+00
9.139493334256602042e-01
