-2.137507784294831126e+01
5.060851849598125618e+00
1.342453498879641938e+00
-4.274498750578602291e+00
-9.031829347061151481e+00
-1.788366121544352083e+01
6.594847909763761340e-01
-5.728471975441328468e+00
1.584354429692147015e+00
-1.531221001732558662e+01
5.007999060463637520e+00
-4.753891601824059343e+00
8.925123141915031866e+00
6.448471409899596551e+00
-6.404188516159790900e+00
3.270821701943615878e-01
1.746670123386980933e+01
8.808288195521333463e+00
-6.140033787018007061e+00
-4.479802464297196529e+00
-8.001929938312704493e+00
-7.384043733275019505e+00
-5.176520683612400475e+00
1.856849752310371571e+01
-3.582403863609922468e+00
-5.634280460041929395e+00
-5.245384937119793811e+00
-4.873433518842030132e+00
-6.838609174666501200e-01
2.902962303989694348e+00
-5.762622591797096128e+00
3.760887101686022582e+00
-1.009941291280097531e+01
-4.704532717212284165e-02
-9.815468840726832012e-01
1.523170363501930691e+00
9.276452764009599505e+00
-5.503805374200138267e+00
-2.957368221530860541e-01
4.035979698407580862e+00
-6.858902821881543765e+00
-4.701686498973489670e+00
1.312693821731910226e+01
1.105696453738700846e+01
-2.475748216271446367e+00
8.590573918664137665e+00
-6.240115570927818212e+00
-3.087519138415487419e+00
-7.931572658750529747e-01
1.054498414410585561e+01
