2.929575875843264399e+00
-3.979747263727807738e+00
-1.100140690144294453e+01
2.633829125163141072e+01
-1.982336847354129361e+01
-3.552368852650517539e+01
2.547274606903894068e+01
-3.210060007250064018e+00
2.446982512955089106e+01
5.233354626259107967e+00
2.085590931858243025e+01
-8.836181793003894391e-01
8.385373523525483819e+00
-8.523419809850947271e-01
-1.435128954738426366e+01
-1.834625180639842057e+01
-4.096230277997193525e+00
1.316134681903993808e+01
1.223249304458140685e+01
6.612693522567680837e+00
-2.587165165620247009e+01
-6.082419512196764799e+00
3.172557722986007889e+01
-1.869152283303679596e+01
4.055910218603166584e+01
2.611970575333685218e+01
1.116963184924342123e+01
1.202634437525676780e+01
-7.472931719633948866e+00
-1.012050807942833863e+00
