-9.670229180422595938e-01
-5.384576932026933216e-01
-9.899544343148365400e-01
-9.796137309608869970e-01
-9.987775195536749973e-01
9.883335214785015088e-01
9.999968444408724455e-01
9.979569693179810574e-01
-9.994671797933900592e-01
9.999992943335868079e-01
-9.999998546415892475e-01
-9.994627113972379684e-01
-9.438802633006605491e-01
-9.603900290077511670e-01
9.980658864108741257e-01
-9.999943004029231419e-01
9.999999848918876832e-01
9.992099500987097205e-01
-9.994096921284975066e-01
-9.914901851421125123e-01
