-2.133268510927966322e+00
-3.294916465981834186e-01
-1.035328820179419074e+00
6.525995319162035457e+00
6.200325485429413419e+00
-2.395447830230355457e+00
7.694064097499049293e-01
6.664083516670682883e+00
-6.032962660401583577e+00
2.616160549443120598e-01
-1.178187309122694648e-01
3.958235050395301435e+00
-1.721630496558759660e+00
-1.222418080987030997e+01
-4.083535611395048726e+00
6.163126350245071272e+00
-1.151626613781875363e+00
-9.692575002578531773e-01
-1.542277021281635463e+00
6.023894385854850597e+00
-1.442151887159862644e+00
2.706076500321207057e+00
3.405986988006302951e+00
5.241597692018835630e+00
1.030709663525013919e+00
3.941948463079947729e+00
2.235677620243599950e+00
3.754006534549869656e+00
-5.660551953096554456e+00
-1.417891864678494596e+00
-2.062548677776050443e-01
1.232762113606127752e+00
4.009294139735796847e+00
4.163622037560218203e+00
1.165536613890600481e+00
-6.509281398029679089e+00
4.290625597650185030e-01
-9.239945373816732532e-02
-8.075206012532296640e+00
2.122403469615311788e+00
