-5.712784167961008741e+00
7.749362214565426399e+00
4.143361529908880847e+00
-1.728575700035358320e+00
7.299394248354084347e+00
-1.145098696147335993e+01
-2.484061589794925862e-01
4.441120801564027332e+00
-5.872084453679130567e-01
3.280225128403322366e+00
6.757612447717675330e+00
1.720507887167318506e-01
7.895146018637158036e+00
3.271531958657508454e+00
-2.658547638325319262e+00
-5.839518902963787284e+00
8.266988492688039258e+00
-1.132942733107446109e+01
-1.924099598036945746e+00
-1.441671855925163648e+01
-4.342208576798546105e+00
2.195647132739595886e+00
-3.696654906947572705e+00
2.681171457542836922e+00
2.091009323323938851e+00
1.951914569759627849e+00
-5.126014834366252160e+00
-3.034366565710334918e+00
-4.296790980285705608e+00
-5.218134855844818176e+00
-1.692972593946782212e+01
8.728403746893048876e+00
-1.073706653629291452e+01
-6.168778907891302232e+00
1.119715223291103179e+01
-6.148804383826808717e+00
-1.059179291025699410e+00
-1.811067636964757366e+00
-1.208915548813552565e+00
1.504133669139299201e+01
-8.545594900520915971e+00
-2.053974764957799959e-01
4.550742420650198738e+00
8.003922831856963072e+00
2.937830909825124071e+00
-4.395395397828495199e+00
1.309249974983948572e+00
6.948628297839133161e+00
1.176743368388081734e+01
1.761185457711744462e+01
