1.558974948585800043e-12
9.999999999825122110e-01
2.185545102958399648e-08
9.999999999996995736e-01
7.444664003985860765e-15
9.108860297708967866e-05
8.062034852821975406e-02
6.571768417861994539e-03
9.999999979850280329e-01
2.865272294060167146e-04
9.999958369131486391e-01
1.476428609531150495e-03
4.938520257435823763e-02
7.049937805190606833e-05
1.505922704205460166e-05
2.673988447069114168e-14
9.999696358458332046e-01
7.277986292309183980e-02
7.969437904969211769e-03
9.993449934225544506e-01
1.390940982737323747e-17
9.999999987697387738e-01
9.999999999975206499e-01
1.866283702077517759e-01
1.000000000000000000e+00
4.110350026880621455e-02
1.000000000000000000e+00
3.171283789640970569e-07
5.818588652352244996e-06
9.999999967932022837e-01
