-1.885521734098149160e+00
2.113809669640387412e-01
-1.214662615120595035e+00
5.609713579525831939e+00
5.819398043513816177e+00
-5.153449854064830582e+00
-1.766953115239070060e+00
3.978605736306161766e+00
-5.003232945630654349e+00
2.454093689820237012e-01
6.004406513433381276e-01
7.481902841016048189e-01
1.469625306789292374e+00
-1.148280720028442836e+01
-6.080920544768442237e-02
8.496001510672691381e+00
7.934893862633273232e-01
-1.860430220649209820e+00
-1.590025656646126162e+00
6.263064999252918597e+00
-1.122997854272887341e+00
8.209865694718239126e-01
2.407328552770438446e+00
6.705460234914391471e+00
-4.789890088473544694e+00
3.840811514507455726e+00
3.794213383207045709e+00
6.139362774972191517e+00
-5.317519169754962860e+00
1.367820985570783243e+00
2.377760261931034513e+00
3.858738396550693839e+00
2.735314067602641508e+00
8.611216096453423674e+00
3.415413223916340169e+00
-8.680168116111698140e+00
1.687920726170189623e+00
-3.919897765058414141e+00
-9.477315399370379367e+00
2.811315387160229662e+00
