3.848852979325150248e-01
1.145411879459288906e+00
-3.220443143801084429e-01
3.825506957886573467e+00
1.385366010448020324e+00
1.285859349921917083e+00
-2.396686166718158706e+00
4.440011598724434627e+00
-9.973640918545676470e+00
3.435339794002323366e+00
-7.744858989999682253e-01
7.877921424296209452e+00
-1.053791423300286745e+00
-1.158346818342739581e+01
-6.374587489616009295e-01
6.450786328936001013e+00
2.347285012228383483e+00
3.464651613329416402e-01
-4.273616731215346132e-01
9.951928004542507367e-01
6.683577234832904779e-02
2.498272754106105165e+00
8.484269627774756017e+00
3.439485629216525453e+00
5.110593470033036212e+00
8.218451425012821332e+00
1.635738208259220894e+00
3.512483339058050547e+00
-5.148409886335396202e+00
2.816116040148770150e+00
2.565920697216751423e-01
3.505112897508972924e+00
1.930299989238374980e+00
7.955891734897462264e+00
-2.018461775553293425e+00
-8.037113449633309870e+00
5.430882121603206159e+00
-3.895912376268921395e+00
-1.017042973420051943e+01
-9.181810750723543579e-01
