1.787836319874998381e+01
-1.765605650632862123e+01
-5.150021773035090789e+00
4.043733894685367858e+01
-1.484480282342481416e+01
-2.159756780276401145e+01
-7.687942727086065631e+00
2.631074042103567123e+01
4.579182887029860183e+01
-5.238267054475350903e+00
1.399178308827786843e+01
6.224672429570571985e+00
2.673158569961584519e+01
-2.017044491378110749e+01
-5.151235283808605736e+00
-1.268749989071735840e+01
-2.040891264041963993e+01
2.651289027923610764e+00
-2.276436744428320935e+01
-3.014120656116155761e+00
-3.343938152522770224e+01
-2.804283739301226541e-01
2.579245755071890756e+01
1.909625803273114641e+01
1.935494789210805777e+01
1.488740194501876246e+01
1.980798341959044251e+01
-1.618351642996640294e+01
-3.239520576997146151e+01
-3.731328104702750892e+00
