-9.998119839304216994e-01
-9.483781075233017610e-01
-9.998975784932417898e-01
-6.679630588005101011e-01
-9.996214016852984496e-01
7.996305148187979883e-01
9.999971865762870005e-01
7.239164218117091210e-01
-8.976606243366466176e-01
9.999227401174074492e-01
-9.999212937768270359e-01
-5.605625197630734746e-01
6.992058288827062151e-01
-4.477741120142491038e-01
9.945568911638491549e-01
-9.960137009301915922e-01
9.998598979644226503e-01
9.966568284611790896e-01
-9.942263975426998135e-01
-9.999296821585788031e-01
