-9.999304649790959898e-01
-3.014761002050788674e-01
-9.999426967601332539e-01
4.609219908838158575e-01
-9.995607543735448575e-01
9.643302707076105706e-01
9.999392598170655511e-01
1.061515081609041844e-01
-9.897779300763613897e-01
8.595341200419136518e-01
-9.999447186091342532e-01
-9.835331214014125800e-01
3.352299201861957956e-01
2.248542292611211968e-01
9.818852349628284237e-01
-9.380396510824217104e-01
9.832749793640900293e-01
5.571690415953642894e-01
-9.987539683747179708e-01
-9.999968872825364397e-01
