1.785338305850120477e+01
3.751555124864111690e+00
2.077068950062448405e+00
-1.625575453640196510e+00
-1.571326795211465344e+00
-2.354625198299355127e+00
-4.670727540170427350e-02
4.144109325022306223e+00
-6.189688224208770073e+00
4.410413683292849107e+00
-1.111668667749754214e+01
5.283035772837521904e+00
6.862532909094131384e+00
-1.253865366746890331e+01
-1.620807449704575021e+00
4.782954821488806907e+00
-2.332156974748797129e+00
-1.762745885857404815e+01
-2.893177725408163647e-02
-8.615772293086983780e+00
-7.159627500935123123e+00
1.138988951996966570e+01
-2.397915358605036129e+00
8.512688048841303257e+00
-9.618140615186867137e+00
1.988715110083757232e+00
-5.940639928389652713e-01
-2.390669229173210120e+00
-8.954175839604141540e-01
-5.249622986785007939e+00
-2.981576145276724787e+01
-4.224091001631902209e+00
-1.289003976848142941e+01
2.830498523572522185e+00
1.002567054236691790e+00
-2.037200568460857841e+00
-3.997105012748596309e+00
-6.189300970048337902e+00
-3.169602643627902339e+00
1.377083415583698622e-01
2.042268738755491420e+00
3.134099524419463823e+00
-3.013624462329348219e+00
-4.434095041760280353e-01
-3.741701105854501552e+00
-4.220020651348339591e+00
8.982335893789642256e+00
7.461541249959950939e+00
4.272177460656195969e+00
9.223196920231410800e+00
