0.000000000000000000e+00
4.198945939479860279e+00
5.102645648441369808e+00
6.522778037885345048e-01
2.401073340712172932e+00
0.000000000000000000e+00
1.126505601440551008e+00
6.230497019228963929e+00
0.000000000000000000e+00
1.628116019509193713e+00
3.078929252500124836e+00
4.251164190414604249e+00
0.000000000000000000e+00
0.000000000000000000e+00
4.126755801786694100e+00
4.527097156428009583e+00
4.617425676998990092e+00
2.551784315521979707e+00
1.957461389479918434e+00
3.758213923569657666e-01
0.000000000000000000e+00
0.000000000000000000e+00
3.814094929620377439e+00
7.996760952456314797e+00
2.032118986762022628e-01
1.518565338090285710e+00
1.264977910130520300e+00
2.407481654210099187e+00
0.000000000000000000e+00
5.709991933903586503e-01
9.434256340910710525e-01
1.053879257861787266e+00
1.836445992081898515e+00
4.997633119777726840e+00
0.000000000000000000e+00
0.000000000000000000e+00
1.584831039587213164e+00
0.000000000000000000e+00
0.000000000000000000e+00
0.000000000000000000e+00
