-9.932323661022465222e-01
9.940106633604203212e-01
-9.996252465121583386e-01
5.927166487042131449e-01
-9.971608158960600932e-01
-3.143018169933302630e-01
9.999525919914008520e-01
-9.524443273398364163e-01
-9.945394943394680887e-01
9.999181589723320496e-01
-9.995527295421396952e-01
9.288616876196533756e-01
-1.471693934734071285e-01
-9.874039890507606554e-01
9.960210724717583064e-01
-9.166464387593968866e-01
9.830501556674222652e-01
9.251528788389470348e-01
-9.340076464710546089e-01
-9.999891619754818217e-01
