-7.711226204221079961e+00
-1.032251274311283495e+00
-6.329530534776048434e+00
-1.881449440345564827e+00
-4.012592652969316553e+00
1.735397426496230411e+00
1.551673345214286126e+00
-1.273881742043660559e+00
-2.587825990144777766e+00
2.862994820063867962e+00
-4.784532051992729684e+00
-2.310126150215394247e+00
6.305380346835959271e-02
5.449651868502142227e-01
2.134013118074387538e+00
-2.201093133424953496e+00
1.292325738658590462e+00
2.768518545943255749e+00
-3.463551116908067939e+00
-8.854424336646859572e+00
