2.369107871663219456e+01
1.761476189132646919e-01
-2.010404897536912094e-01
-9.693850590354262664e+00
-5.456972470011160148e+00
1.157695669202443334e+01
-1.405218748415539842e-01
2.413019639689537588e+00
-9.181151780032383414e+00
1.142801387802796320e+01
-1.387582502096301695e+01
7.015462179398602949e+00
9.504563168809285756e+00
-5.396149712538782950e+00
7.068710581396499215e+00
-9.247852880931088926e-01
-1.088596533445232062e+01
-1.267735657983720188e+01
7.872792958104793293e+00
1.937781847286104142e+00
-8.489536232412802974e+00
1.629473354109650174e+01
-1.247230204868806425e+00
-9.966962780414172496e-01
-1.393510140395117958e+01
-6.626054205181640677e-01
-1.401089842921363626e-01
3.098768920887179590e+00
9.897129792940292603e+00
-3.691626291430263773e+00
-2.049639849958222015e+01
-6.347528981748605581e+00
1.118009777476890676e+00
7.679582611709460771e+00
-6.263521573190715230e+00
1.956780241026446099e+00
-2.520725539510350277e+00
4.462691553710077308e+00
-7.097212318930676833e-01
-5.157791631446101199e+00
-1.030943268332771723e+00
9.002281351350756466e+00
-8.603762959018277812e+00
-4.445542733119252077e+00
-2.156418077298922320e+00
-7.697295037755949920e+00
1.324371121751215696e+01
2.239021611668623901e+00
5.592039741790642005e+00
-9.365099204487217222e-01
