-7.592694286358544709e+00
-1.094749076908070329e-01
-5.365359814264784255e+00
-4.891482681251250852e+00
-3.241593770555491361e+00
6.779234951828840838e-01
5.065211345285122846e+00
-1.485069076219956985e+00
-2.146284645745870634e+00
5.514228369275622654e+00
-4.947249796275714928e+00
-1.944131795829837417e+00
-3.627950319013391600e-01
-7.404455819993940313e-01
3.102620936458570178e+00
-7.436134173396866109e-02
1.083957038464424372e+00
3.620098732582209600e+00
-2.006916922431972061e+00
-7.583312476347832565e+00
