-2.473180749606382456e+00
7.683497332411545422e+00
7.562100671700513921e+00
1.210486930952925588e+00
-3.383384510861706218e+00
2.273904560670976793e-01
-2.070493464327534561e+00
7.739341807985946176e+00
-6.738735006709007713e+00
-1.643422264887291373e+00
6.247253625056170545e-02
2.314355494894642540e+00
-2.513827716899729725e-01
-4.066319991453953619e+00
1.797853827415559103e+00
4.266111551332443241e+00
6.589940422468513859e+00
-4.960551400989035575e-01
9.391990494050983518e-02
-5.884768143035439270e-01
1.550447307466898739e+00
5.460822143097909809e-01
5.100581142724743167e+00
7.446377878543072981e+00
-1.024560596588556693e+00
2.059404167802445951e+00
-1.156366138536369270e+00
1.849745108852466569e+00
-7.448301935260010609e+00
3.719373177091844784e+00
7.121806326762291084e-01
-1.367182665860885882e+00
4.365546484127129645e+00
5.325774357079810173e+00
-2.871806650480599910e+00
-9.932774797858311189e+00
5.731059095071854292e-01
-4.274322302968358578e+00
-3.594218603371219345e+00
-3.842254431452643004e+00
