3.090447669439308154e+00
-1.067656868595930675e+01
-4.181509306239617985e+01
4.459533445490343695e+01
-5.360499651557621803e+01
1.953019367250897087e+00
9.651797061024003810e+00
2.445376689750987254e+01
3.153652245553276146e+01
2.031664863784004282e+01
-1.756693718847723851e+00
-3.156210090981101501e+00
1.533465331826301892e+01
-1.995908231479525696e+01
1.660733882746129453e+01
-4.081704844126515752e+01
-3.994349077539571358e+00
5.869988136508715648e+00
-6.202768528607033538e+00
-8.150404854400933985e+00
-2.485347306778959720e+01
9.347505799214065547e+00
-1.622347043800081989e+00
2.149423141017307515e+01
1.427742078134146020e+01
8.096130129620540128e-01
2.238376604113618029e+01
-1.543374867541280615e+01
-1.573146231331927680e+01
8.176420920987531815e+00
