4.270328409485570076e-02
8.471315760692049376e-03
2.049716963895797725e-14
1.000000000000000000e+00
0.000000000000000000e+00
9.997102346850120780e-01
9.999997220576697377e-01
1.774685825560295693e-01
9.999999833883381761e-01
9.999999118643745355e-01
4.322063673798233752e-01
2.938228521678031262e-04
9.999999988102681314e-01
2.714986632000472154e-16
9.961715888868406532e-01
1.513264252621735301e-18
8.835193894768789136e-01
9.993751363468197368e-01
5.951934449409560512e-01
7.290132773529590660e-01
4.738143970044462597e-14
9.999970920344573022e-01
9.965024150638900347e-01
8.399253783409554863e-01
9.999999038461983014e-01
9.754334267015399851e-01
9.999999019224471430e-01
9.992577157693768308e-01
1.540268258041477226e-09
9.139303115473541572e-01
