9.999999965374160027e-01
4.771965895244224647e-03
9.778383614535134383e-01
3.692330735631912386e-01
4.047113947318537602e-02
9.999994208721928457e-01
9.175704352020351839e-01
8.373335676350900092e-02
6.697384828514940484e-04
9.999639058977450867e-01
1.555279006687842563e-07
1.204079821722803950e-01
9.966548424987635713e-01
8.089732606483381939e-05
9.999980280124102228e-01
5.810790729901935125e-02
4.765975194702574716e-09
1.028559261286050938e-05
9.999996819795039515e-01
9.999971669296768839e-01
4.948027262841100948e-02
9.999998689320309664e-01
1.008163463549743566e-01
2.315497171489687422e-02
1.037751158476840814e-04
9.586492879196439887e-01
9.999692071909861424e-01
9.999782719649571439e-01
9.998578979595252880e-01
9.936341480487186351e-01
1.069752545465016066e-02
2.357416653136635233e-07
9.103671411639011612e-01
9.999878907232878644e-01
3.319181553638615896e-05
9.999611869377325046e-01
3.223390954392173387e-04
9.800111183519284452e-01
4.743826208085801244e-01
1.886573974561356581e-06
9.996662517013604754e-01
9.998392626634788893e-01
1.535640181647832556e-09
3.108747236464260311e-04
2.219225275291162713e-03
8.150096480312102321e-02
9.891024449748182512e-01
9.806522494080799519e-04
9.964679867663223112e-01
4.863899879244373281e-01
