9.999999998583042338e-01
1.278004304384528292e-02
9.618383259511639194e-01
7.235241619343560915e-01
2.702463231243365169e-02
9.999969966379061992e-01
9.004318042209826789e-01
4.517376169356489279e-02
7.001998967435123927e-03
9.995027714290644072e-01
1.507082558642329576e-07
5.227719647413914608e-03
9.840384716396870513e-01
1.004636452211083976e-04
9.999648112492750540e-01
1.416086678698238012e-03
1.401215268042362503e-08
2.247557771799092263e-04
9.999985848570909219e-01
9.999938695459497096e-01
4.228017590036364792e-02
9.999943868942485770e-01
3.965442677446254782e-01
1.352860944431838741e-01
1.559656859644766968e-04
9.012320506835520550e-01
9.999918925202383457e-01
9.999965211584403990e-01
9.999102125083421111e-01
9.937528568699387499e-01
2.233542326756762092e-02
3.194239204029750939e-07
9.576322289994003700e-01
9.996746343510819477e-01
2.118574152578677581e-07
9.999952828998679433e-01
2.893929567287546745e-03
9.380648297073114206e-01
6.638631133617868274e-01
2.005850685144271603e-06
9.999881778747760075e-01
9.999284922893052485e-01
4.348437058698203979e-08
6.036603415021899339e-06
2.825845464155128360e-05
1.331164542891923042e-01
9.754666593722588486e-01
1.607592544258213962e-01
9.952836491666866570e-01
4.448348175082345035e-02
