1.589621209702311466e+00
6.246532223316521915e+00
1.048523826615560495e+01
3.690268489012518582e+00
0.000000000000000000e+00
2.421416296360352050e+00
0.000000000000000000e+00
6.871903716744660606e+00
0.000000000000000000e+00
0.000000000000000000e+00
9.036987363591325595e-01
1.786706684605454676e+00
0.000000000000000000e+00
2.512540141904979762e-01
4.618954795685633385e+00
3.838269023362740562e+00
1.407745658147087298e+00
0.000000000000000000e+00
0.000000000000000000e+00
0.000000000000000000e+00
2.508972768499690531e+00
0.000000000000000000e+00
4.598559582742046459e+00
3.675971742847721213e-01
0.000000000000000000e+00
0.000000000000000000e+00
0.000000000000000000e+00
0.000000000000000000e+00
0.000000000000000000e+00
8.632533750103237313e-01
4.725026135883595435e-01
0.000000000000000000e+00
2.229711667344417947e+00
1.983269645356316779e+00
0.000000000000000000e+00
0.000000000000000000e+00
2.136767411379635107e+00
0.000000000000000000e+00
0.000000000000000000e+00
0.000000000000000000e+00
