9.999999999960837993e-01
1.466869779796939888e-01
3.087443141715326966e-01
2.813571803208455568e-01
4.599659422071493697e-01
9.999999993475456872e-01
9.960971579609331217e-01
4.080278493903389224e-03
1.991944518538296335e-03
9.979029514461982275e-01
2.446067839069018132e-07
4.094764068737393597e-02
9.549914371510335176e-01
4.007703166768437214e-03
9.945224843991282704e-01
9.966393283625264443e-01
7.655022095116787383e-09
7.468934153623614687e-04
9.999870182242091010e-01
9.999967712152159072e-01
2.497371532476842793e-01
8.550221960750031824e-01
9.934519138719651865e-01
4.892419521668034654e-05
7.852256383930822847e-04
9.943833773075247962e-01
8.382729720582424715e-01
9.999372169897005058e-01
9.992010070259718102e-01
5.951236337758386737e-03
9.847336392618893930e-01
2.733751015316538814e-07
8.918792291294930230e-01
9.980299644364588607e-01
4.387154833385434252e-08
9.999972121878318854e-01
6.090402635247506025e-01
9.975857802116058215e-01
4.848683614208570969e-01
5.070889654408986067e-04
9.981446444225525738e-01
9.919084496118822925e-01
1.224075559327416374e-06
2.094426200910831952e-05
3.117950847057697071e-04
8.913162693477535425e-01
9.050473437093989881e-01
7.767391010526496498e-01
9.797515004053725107e-01
1.606511844765296914e-03
