2.490779687184024205e+00
3.333091202712737733e+00
6.620193601272723605e+00
2.460573698769559225e+00
6.525439081605057812e-01
2.472982912107972275e+00
0.000000000000000000e+00
4.179818888381086062e+00
8.543180400802833363e-01
0.000000000000000000e+00
5.929368663298776987e+00
0.000000000000000000e+00
3.530525359526559992e+00
0.000000000000000000e+00
1.915805904835067075e+00
6.799138487653857865e+00
1.642228536911506387e-01
0.000000000000000000e+00
4.430416484754612361e-01
0.000000000000000000e+00
0.000000000000000000e+00
3.257792464671486865e+00
1.703432658957227730e+00
0.000000000000000000e+00
0.000000000000000000e+00
0.000000000000000000e+00
0.000000000000000000e+00
0.000000000000000000e+00
0.000000000000000000e+00
3.652154716613401852e+00
4.839422635799716765e+00
2.726458273577107239e+00
2.830947278794194055e+00
5.473798337320579854e+00
0.000000000000000000e+00
0.000000000000000000e+00
2.717897430196474673e+00
2.013902252935785064e+00
1.462218805717597103e+00
0.000000000000000000e+00
