-1.426997635894845295e+00
2.376384741230991970e+00
7.256557589563150668e-01
-8.386931736341426413e-01
-2.353121379777798339e+00
2.764761440105645285e-01
6.108360700329392046e+00
2.098053884348145104e+00
-2.814424461694603252e+00
7.515706281758223639e+00
-7.556471704725615801e+00
-3.604774159449628534e+00
-1.323642123107047874e+00
-3.129364421851758671e+00
3.173456065219151689e+00
-2.486765342710913984e+00
4.045142157257035187e+00
1.376953097243120316e+00
-8.979405374941415996e-01
-9.284551200635748902e-01
