1.605570006966223318e+01
3.513971665243161624e+00
-2.230128029853046367e+00
9.152402335380203979e+00
4.854968931833073320e+00
-1.801826057613132859e+00
5.893072149964112327e+00
-8.058907300285179653e-01
-1.201310410704352627e+00
-1.594810785492633087e+01
-4.193287404389935524e+00
-5.068697455023418730e-02
-5.799211741257771280e+00
-9.058640651488264695e+00
-1.971539112545298567e-01
7.382993283709295085e+00
-3.021443271088870564e+00
-6.691308831896087383e+00
-1.118007269800700421e+01
-1.011482548190859809e+00
-2.794138763320034080e+00
2.585731115260311519e+00
5.347276213137400092e+00
-4.051112827407655992e+00
9.431153077455048717e+00
-3.100136085733623759e+00
6.858583831777600004e+00
-9.369459097759312627e+00
-6.693839242616733465e+00
2.190161627167758862e+00
-3.999567955504095274e+00
5.528484888390561736e+00
-2.949598997952248336e+00
7.141835027199523900e+00
1.281233656149571587e+01
3.078538142479559703e+00
-1.173704473414266758e+01
-2.258332123193830476e+00
1.380559662621989370e+00
-7.674286383556135682e+00
8.302047589946997874e+00
-1.033330481859714922e+01
1.050818481336937671e+00
-9.908304842290331038e+00
-6.116964443021476683e+00
6.510916065005970310e+00
-9.358365982871499344e-01
5.541361496249225027e+00
-9.016065301850245461e+00
1.326581789570135950e+00
