-1.776669326260285509e+00
1.499184739012435763e-01
2.581216039847211707e+00
9.190634791875829990e+00
2.074472818384208161e-01
5.092556703241615246e+00
2.685123564417749353e+00
4.244806149202287493e+00
3.359103458947545917e+00
-1.068448836565634608e+00
1.540349638299393309e+00
9.280030141396394816e-02
-3.624033072217359486e+00
-5.247860073934413450e+00
1.313650781005029966e+00
4.280142763089948232e+00
-9.997751227237946514e-01
1.755112714186592981e+00
-7.810935204962635936e+00
8.105133179395167531e-01
-3.634380549393570359e+00
1.057108941769317800e+00
3.509107919626186067e+00
4.597131682309688827e+00
-4.727310655821010954e+00
-1.388911279698751500e+00
-2.870762698957620707e-01
5.671668937454251713e-01
-2.408856983832397436e+00
-6.975403194513183358e-01
3.857156993454054827e+00
4.464851265833219784e+00
6.103162733782876437e+00
2.382869713574705450e+00
-5.828666500127569705e+00
-3.959849724824775485e+00
-1.294028256452879999e+00
1.439133971940394607e+00
-1.327284041323922192e+00
-2.021457021306753532e+00
