-1.892313396394992964e+01
1.037724265583016958e+01
3.332146757326448050e+00
-5.137918333206416222e+00
-3.091894267412410358e+00
-5.743878860527247276e-01
1.509122039873520560e-01
-3.239143193102193230e+00
8.027120398837085391e-01
-5.830243321371364473e+00
1.195857399097777041e+01
1.482054386465461171e+00
6.539165456026185375e+00
2.272416842616508337e+00
5.177840704513700487e+00
-1.247594919190409257e+01
1.167747152479346973e+01
-6.382991355435138736e+00
-4.743651798501402062e-01
-3.379800165431192216e+00
3.403129489714872058e+00
2.643539075183343634e+00
-6.669497442545502253e+00
5.841898695173146194e+00
-3.086722597397688617e+00
8.516748539112477090e+00
-6.400590796081082168e+00
-3.032839239490720651e+00
-5.354533668473354879e+00
4.211704877236022604e+00
-7.486134014553388560e+00
-2.466710589564462985e+00
-1.132444647249035796e+01
-6.678094046451115595e+00
2.309210054773562337e+00
-1.197393878984921223e+00
4.378516529078519071e+00
-1.054918771290024360e+01
5.052971888488165142e+00
1.179211480258101119e+01
-1.987648721260354634e+00
8.461289079120273726e+00
1.321526569274684526e+01
1.177293488073672734e+01
1.100732380628084872e+00
1.712081241378663687e+00
-1.525924148543893910e+00
2.290466485902346250e+00
3.633891557940844841e+00
3.992915118996729351e-01
