-4.448810313723789989e+00
-5.610009000396454226e-01
-2.060952821978592198e-01
-1.317577854503245050e+00
-2.770920601398429994e+00
2.402474970179691027e+00
6.421475391373451913e+00
1.648606039807513746e+00
-4.243830119858337468e+00
9.118440601869929552e+00
-8.868234069391560226e+00
-4.451841963807034119e+00
-2.334213313285052660e+00
-1.945646465516078116e+00
4.413730228338359041e+00
-3.226627795571417767e+00
6.917219169160971681e+00
2.500041370265870366e+00
-2.135015010119706513e+00
-2.668889491878096987e+00
