8.985596071754764491e-01
7.462113104601988400e-01
-1.519805695777609378e+00
4.932413503473322081e+00
7.434516467586402833e+00
-8.836863814059880085e+00
-1.880585598690913463e+00
-1.849983044396271925e+00
-2.946294656848142512e+00
2.374732965667099016e+00
-1.142857913853577045e+00
9.501738138933344402e-01
-1.302800032710490941e+00
-5.072331745233107370e+00
9.503052447161964844e-01
3.011810455712808476e+00
-3.438317317586936817e+00
1.771032225457030429e-01
-1.341733277812203085e+00
9.538310642247390447e+00
-1.942978924445633027e+00
3.351579228104962560e+00
1.639520239588994510e+00
2.114413393891530379e+00
-1.120754418274338526e+00
-2.084761991949103610e+00
2.696436986360153831e+00
3.190460052602305474e+00
-3.045376952995901831e+00
-6.680064471977416041e-01
1.135127496134196612e+00
5.390701071066423822e+00
6.894688243576514441e-01
4.477960147029516946e+00
3.730832196571543857e+00
-4.317880383901075980e+00
1.538200499012709832e+00
-6.630258761189775640e-01
-1.170079194853907367e+01
-4.306392046551549280e-01
