-4.034899398467116427e+00
7.374103757251184277e+00
8.112205722839441080e+00
-5.680534129357374118e-01
5.859761405365084830e-01
-1.562708313717810249e+01
7.233683383080053986e+00
-7.070408744939879142e+00
-5.743757935519709257e+00
-2.413017901515663866e+00
1.705149246054137535e+00
2.187153360650029743e+00
8.232460519140598620e+00
5.502101499897698034e+00
-1.031647728830595234e+01
-5.908887613558752250e+00
1.107977409057911444e+01
1.638322691082038540e+00
5.708863818747270891e+00
-1.811035831766949400e+01
-4.711255434399043152e-01
-6.960897963176851944e-01
-4.682140728131692242e+00
7.814128548893733317e+00
-1.144420765881343227e+00
6.081195460326025426e+00
4.456358393823260933e+00
1.106247943234387598e+01
2.347681371123091498e-01
-3.939070105192160387e+00
-1.298466376653674281e+01
-1.984571682441492957e+00
-6.486012834266108307e+00
4.162250505661114985e+00
3.342780435742800371e+00
-4.106927514139510293e+00
-8.701514270567577147e-02
1.745762283592043218e+00
1.755667257483404020e+00
1.013770606920687456e+01
-1.143185103357626176e+01
3.749500311329727609e+00
1.171482455333418882e+00
-2.473575683661183078e+00
1.172319235774405044e+01
-8.997211713213100204e-01
5.981327742589029661e+00
1.072368020850297254e+00
1.188613597706617497e+01
5.907295021426395287e+00
