-9.999590436595406917e-01
-8.819755306090973912e-01
-8.430482567193965382e-01
-9.844880041481978150e-01
-9.995272596912316843e-01
-6.695226745595907192e-02
9.998869332835903512e-01
-7.538299302432961424e-01
5.258114009143495249e-01
9.999999973904205586e-01
-9.999929713811103182e-01
-6.747968410934165329e-01
9.953093521820252088e-01
-9.879256411662470372e-01
9.837434539102439812e-01
9.050859921421564591e-01
9.991588170663819879e-01
9.997463981491101492e-01
-9.669240272624209931e-01
-9.989512387319591236e-01
