0.000000000000000000e+00
1.545977197361428468e+00
2.029341533403731024e+00
7.428039104885381327e+00
1.885555642728943049e+00
0.000000000000000000e+00
4.226397323402772521e+00
6.095945148890733911e+00
0.000000000000000000e+00
2.789901661467346194e+00
2.303995033505254142e+00
2.014357384822426655e-01
0.000000000000000000e+00
0.000000000000000000e+00
3.849194995587130741e+00
7.076395358895338994e+00
1.123164792377238985e+00
4.955639944010703957e+00
0.000000000000000000e+00
0.000000000000000000e+00
1.397381479269104609e+00
0.000000000000000000e+00
5.710939352012937675e+00
9.958351725212756023e+00
5.276509614765469980e-01
1.577463339411044441e+00
3.408428098574693532e+00
5.257371079761467669e+00
0.000000000000000000e+00
0.000000000000000000e+00
8.183071898755034379e-01
3.785393623228034077e+00
3.688209339531449693e+00
1.013982231402741796e+01
0.000000000000000000e+00
0.000000000000000000e+00
2.317275023858759386e+00
0.000000000000000000e+00
0.000000000000000000e+00
2.124375805107426629e+00
