2.694945107628344605e+00
-3.883505598442735351e+00
-3.737823387633204675e+01
3.935925236527424431e+01
-5.477209618410167735e+01
-7.009023051111531899e+00
-6.388097143717132997e-01
1.227364310128966807e+01
3.596554436531358334e+01
1.515964081739447522e+01
2.773321480052757693e+01
-4.685254062730722424e+00
2.503771832249178431e+01
-1.146556701311876481e+01
6.577296864822931077e+00
-4.204290385778097061e+01
1.697081503411733294e+01
-1.324314273796046493e+01
-7.721801853107402636e+00
8.574381028812663175e+00
-4.410962519046141495e+01
1.112060805836943977e+01
2.714874775374281057e+01
1.299826525294470514e+00
1.994223390621648662e+01
-1.128488190148095072e+01
1.649971231678503258e+01
-5.358143646770153978e+00
-3.169762258858945714e+01
-2.674093300387385685e-01
