-5.391738934688506291e+00
-1.813252158813785986e+00
-4.570835960182995095e-02
-2.670247059672086642e+00
-4.561421014213619785e+00
-1.346127040932567409e+00
6.458579190415492555e+00
4.641009614801376415e+00
-1.734922330691150316e+00
8.045931372746721877e+00
-8.032918509942515328e+00
-7.180277472982284914e-01
1.960920096629472642e+00
-4.731627200013754919e-02
1.725459778941888178e+00
2.328276864139483315e+00
4.952606999723064618e+00
2.678898048211314720e+00
-1.247705260480291845e-01
-2.344917513726179958e+00
