9.999999914287082126e-01
5.207690245196608947e-01
7.712594084275711248e-01
8.713755049358329341e-01
5.406408185020786794e-01
7.215103416806856879e-03
9.992772705776936659e-01
9.963754467642242929e-01
1.070924503829709384e-02
9.012891671726338538e-01
9.584873527807301384e-05
9.995502292056686056e-01
9.926625681658115541e-01
3.002836951249142653e-04
1.363154066923258356e-01
9.748040379795013255e-01
9.620781121699082394e-01
1.591634840100154781e-04
5.159936702037991596e-01
4.163849507087113576e-04
1.636682067005267905e-05
9.999592920785094208e-01
4.061104467759397985e-02
9.998569887989352534e-01
3.073771102094047802e-01
9.823757684873648532e-01
1.494758872515313808e-01
1.097376154163349138e-03
6.600576803818914984e-01
9.043693418347601787e-04
7.415704584091221430e-13
9.956301481856965063e-01
1.218904217829417167e-04
9.999230621188415213e-01
4.588080827648623461e-01
2.966869629695780275e-01
5.193815283028337948e-01
8.600876061576083129e-03
2.612321810456661331e-03
9.853041744961683612e-01
4.763905290502781775e-01
3.030720997703078776e-02
9.990991285759257545e-01
8.446479285401624626e-01
9.990642919729575411e-01
2.427668797392254236e-03
9.999857063951104186e-01
9.999820331210688140e-01
9.159048091879005149e-01
9.992364414830163799e-01
