9.999999712169852506e-01
8.976301071724275271e-01
1.773349431993972436e-01
1.358435211879335247e-01
8.303470538575113968e-02
5.811204520907074789e-03
9.993358697298444504e-01
9.647775674247589528e-01
1.376431730923979553e-03
9.913954124197490447e-01
2.363772146506444238e-05
9.917346277317180547e-01
9.999196104475518432e-01
3.870772792125826926e-03
4.097058535260636458e-01
9.989404053623106572e-01
9.925560908433485041e-01
7.889208728057896670e-05
8.701495562205018297e-01
1.836150735547160387e-04
1.062616718674120654e-05
9.997954394008685686e-01
3.107782568130405473e-02
9.999909338754866539e-01
7.005919472998795028e-02
6.347062887069739867e-01
1.788910571441463537e-01
1.112209182528907381e-02
9.764358903915559829e-01
1.642812086606038752e-03
1.619495878370450205e-13
4.712216225423504490e-01
9.563341851765814073e-04
9.999953845961206955e-01
8.963419317376656315e-01
9.593887819026232222e-01
4.034869031256367589e-02
1.535678134591619837e-01
2.647125501072731743e-02
8.718175313232591206e-01
3.783233446147656748e-02
4.662840999674637832e-01
9.704883997198673340e-01
9.725237646893715171e-01
9.776963739753259386e-01
1.076015214534897617e-02
9.997585554480167280e-01
9.993249228988999588e-01
9.630621267058516732e-01
9.999798910098749438e-01
