-9.996311768223508087e-01
-4.513406606994618819e-01
-9.740534944424398267e-01
-9.935817212637815254e-01
-9.994190851286925970e-01
-1.524964601504261441e-01
9.999958362520683375e-01
2.520918397002702704e-01
-8.320799415986367409e-01
9.999190163934305042e-01
-9.999997587187896553e-01
2.317341004262006288e-01
3.982363865916696555e-01
-5.060941215050641234e-02
9.995699885417964614e-01
1.373174919806923744e-01
9.999937093928111809e-01
9.964310443237613946e-01
-6.654180622306792303e-01
-9.999997740553993042e-01
