-9.999788664183119069e-01
-2.163658965110321353e-01
-9.991699877354572878e-01
5.083055538548623131e-01
-9.988832498524330417e-01
4.509989987415897184e-01
9.999971098566096117e-01
-5.944244568646803728e-01
-9.626443681224946536e-01
9.999896562757895069e-01
-9.999867624168482516e-01
-8.009504624565331188e-01
-8.898698796085253715e-01
-9.472582270772478275e-01
9.999379097816850637e-01
-8.321456860068902062e-01
9.996048196695697108e-01
9.997567833166451923e-01
-9.827090890568479509e-01
-9.999999813086953848e-01
