-9.999990014755132384e-01
-8.481619721375398546e-01
-9.995337001868963567e-01
-6.006754219204756273e-01
-9.994173570219250236e-01
6.960483308852497553e-01
9.999229748788400762e-01
-7.807710275280095313e-01
-8.644968513955383349e-01
9.999473242384041560e-01
-9.999825933749726392e-01
-9.830855426757594273e-01
-2.575564280573557352e-01
-8.909155318662909107e-01
9.990406525887610689e-01
-8.384126835357499363e-01
9.994084334557596927e-01
9.989856443783395878e-01
-9.963528031106333449e-01
-9.999996830130523096e-01
