9.999999999928093075e-01
8.992121249658577337e-12
3.362810292510483353e-19
1.000000000000000000e+00
4.469866585036295122e-20
1.491324699946052960e-09
9.999993496453869479e-01
9.999999999999327205e-01
1.000000000000000000e+00
9.999999998015984826e-01
9.906895490978853136e-01
4.495632085228073570e-04
9.999999981810567817e-01
2.282191994224591070e-01
9.999965013159128890e-01
7.526767348749961853e-14
8.333140813900936916e-02
9.999988435869652248e-01
1.352512107120536504e-04
2.619759914612968671e-02
6.401518010501591784e-16
9.569754196584218109e-01
9.803657430059703470e-01
9.999737345141379574e-01
9.973112254762124262e-01
9.998089402731246134e-01
9.999999992261292547e-01
4.289830258156129403e-10
1.424385661003488178e-17
5.856215993552109644e-01
