-9.998430650480012449e-01
-7.974497223206916674e-01
-9.886499033538186376e-01
1.915760543122755899e-01
-9.875283312391428536e-01
-3.835823786211248893e-02
9.999913769409725095e-01
-8.391910251344002480e-01
-9.264434416570251907e-01
9.999999799128238553e-01
-9.999896983138361062e-01
-5.046334540296959492e-01
2.962199173572285238e-01
-9.876398667208770021e-01
9.993859785924804617e-01
-8.920933872798989528e-01
9.999498807798153921e-01
9.996591427098522331e-01
-9.770346914369313351e-01
-9.999990170412060841e-01
