-9.996920468569868712e-01
9.637240077634935398e-01
-8.246561674372463457e-01
-8.926159206927577472e-01
-9.997961356836416735e-01
8.939173888088810527e-01
9.999659747510839525e-01
-9.823956264726337873e-01
-9.757794202704443975e-01
9.999966363413212989e-01
-9.997464529801913802e-01
9.959281436279973088e-01
-5.863328161554347551e-01
-9.991364525230936877e-01
9.966840776223341303e-01
8.485882223181047124e-01
9.999309750625120508e-01
9.446444202555459579e-01
4.059879088782236689e-01
-9.999800183416475141e-01
