-2.707330055685513326e+00
8.324542899867699575e-01
-5.318393006318095084e-01
-7.173193749690560672e-01
-1.172938297084625159e+00
-1.466929625471493415e+00
5.724260470669296552e+00
-2.514917534013508593e+00
-3.260153966222563593e+00
7.252598122003753645e+00
-5.636858608663055215e+00
2.548549846310261380e+00
4.596669653314074955e-01
-4.672361597398697164e+00
7.788889937306391342e-01
5.861913266288941715e-01
3.335772939520451175e+00
1.795516485716606603e+00
1.881143165236506931e+00
-5.183085591060780928e+00
