9.400788851664314549e-01
8.979420781345646830e-09
2.252099297740552698e-17
9.999999999999995559e-01
0.000000000000000000e+00
8.409491742579906504e-01
9.999959514977214692e-01
9.999917435486888051e-01
9.999999999999993339e-01
9.999999989013990120e-01
9.998531975536926186e-01
7.050312948594128000e-07
9.999999999999165112e-01
1.743576358555808834e-09
6.137124267080035223e-01
6.431686887851411257e-13
5.369623957428269496e-04
9.999987004924458800e-01
3.484078667748143066e-03
1.402715648082077305e-05
2.424446980583200100e-10
3.413673882650802849e-01
9.999982886646451297e-01
9.999432972081440107e-01
9.999990437468515569e-01
5.039197101073398244e-01
9.999998329114873075e-01
1.105776341033975763e-01
6.357676947182742875e-13
6.330743857364355964e-01
