-6.704572464259068276e+00
-1.030390494848600014e+00
-3.972294942465541823e+00
-1.103286690325088415e+00
-1.935354249151806094e+00
2.363670768742442974e+00
3.529575922703267477e+00
-4.108662079712861903e+00
-1.789582692597975866e+00
4.293107271826228200e+00
-4.785958048219749017e+00
-2.870647505379452014e+00
-1.607848200347822276e-02
-1.744903887981901214e+00
2.647401501667058898e+00
-7.020093480077732595e-01
2.649148230507158974e+00
3.024726440812192774e+00
-3.338533147525733824e+00
-7.233926170523913513e+00
