1.140739031186253705e+01
-1.321377318255636979e+01
-2.452889667292421905e+01
3.027323500107253196e+01
-4.944024990124629682e+01
3.973595594840499956e-01
1.226602135107255975e+01
1.385897313826928468e+01
2.837599905597953054e+01
1.972372315241510776e+01
3.431753932310836586e+00
-1.225977238043571305e+01
3.301029535610410903e+01
-2.492254974162597492e+01
-5.209780335452332878e+00
-3.570046938250379043e+01
-1.057610482973883048e+00
3.831513411163478988e+00
-1.731638913886812681e-02
-6.259285319025944538e+00
-2.710479793225180600e+01
-5.324169221224122950e+00
2.664868846579268435e+01
1.643194634323594272e+01
2.475951712132685145e+01
-3.023515968104899976e+00
1.391282457941566975e+01
-8.063002936992392122e+00
-1.904460423693496907e+01
6.476255778985704481e+00
