9.113130610003540966e+00
-1.317597245297913133e+01
-5.128942789237213162e+01
4.100187604126354302e+01
-5.230711488262344488e+01
2.635794551750087589e+00
1.145146499950108954e+01
1.648877543835664383e+01
1.887582094837972946e+01
1.346320685457057742e+01
4.798321353393436794e+00
-1.201349586385664026e+01
2.195607040347652728e+01
-2.305494594289771726e+01
1.934928108989597551e+00
-2.543050756402509549e+01
-7.566536459778360424e+00
1.587909959650493796e+01
-6.926577163380048141e+00
1.581402045768609765e+00
-2.440843890733019705e+01
1.176412720744628793e+01
3.446657220181334580e+00
5.559126575456301289e+00
2.246371629488511878e+00
3.733090711780146176e+00
1.708435718143967108e+01
-9.681757119227492936e+00
-2.586630503595697306e+01
4.695300164739585114e+00
