-2.823228696075240407e+00
7.454133048916554038e+00
8.133393037542496984e+00
1.190227435903622233e+00
-1.245136957043799786e+00
-5.464110424546273492e-01
-4.094938303283434777e+00
8.651076158904711377e+00
-4.087816747293651964e+00
8.788565698167331020e-01
1.609862264127527975e+00
1.801415731527272968e+00
-6.123154623898953153e-01
-3.155153695999708408e+00
7.917949062231858237e-01
5.804523457775227158e+00
6.619266732673939835e+00
-2.549249557268231214e+00
-1.511205067194132390e+00
8.935661619706944947e-01
1.727840387010313172e+00
1.297692599986849382e+00
3.489878338624274434e+00
6.888710063773877401e+00
-2.201737385486564058e+00
1.317428316367651897e+00
-3.006715837730419061e+00
1.321097991782068437e+00
-8.204377361480336361e+00
1.338857940887540954e+00
4.740557997211968244e-01
-1.591411993201442554e+00
4.343746177183225754e+00
4.222419419545566655e+00
-6.850789941062962463e-01
-1.142956922927106689e+01
1.196420247959049776e+00
-4.887006331846199814e+00
-4.292321742611166613e+00
-1.703816644517504031e+00
