-9.999604800223029777e-01
-3.165912756639899794e-01
-9.989011495813642227e-01
-9.929064826917243236e-01
-8.486691807221965478e-01
-9.177494923121279902e-01
9.999454429242983222e-01
-9.906704653952616013e-01
-9.958059238518002232e-01
9.999996331429418239e-01
-9.994231323611963980e-01
-7.259412267875380298e-01
-2.844832521489552013e-01
-9.983710683871330760e-01
5.740056609047672342e-01
3.392944285801044457e-01
2.681073502386849272e-01
9.948344016944792312e-01
-3.981879747766095545e-01
-9.999946119295840541e-01
