0.000000000000000000e+00
7.089316271984086093e+00
9.776435145494216883e+00
9.934051993115524670e-01
0.000000000000000000e+00
0.000000000000000000e+00
0.000000000000000000e+00
9.492371075743458064e+00
0.000000000000000000e+00
0.000000000000000000e+00
1.348453097086448782e+00
4.230064460920723857e-02
0.000000000000000000e+00
0.000000000000000000e+00
3.643363472858704100e+00
5.958422586991938275e+00
3.880988492035384763e+00
0.000000000000000000e+00
0.000000000000000000e+00
0.000000000000000000e+00
3.924786996635827308e+00
0.000000000000000000e+00
6.015186101890273918e+00
6.231329056476769601e+00
0.000000000000000000e+00
1.670490313696200158e+00
0.000000000000000000e+00
2.321801927823710532e+00
0.000000000000000000e+00
2.113731402166089346e+00
0.000000000000000000e+00
0.000000000000000000e+00
4.647178806714406640e+00
4.649169827276934619e+00
0.000000000000000000e+00
0.000000000000000000e+00
1.343971327214691591e+00
0.000000000000000000e+00
0.000000000000000000e+00
0.000000000000000000e+00
