3.451241644751563342e+01
-1.219155116417078411e+00
-3.234483110326577648e+00
-4.922510351062188150e+00
-1.912865435993031271e+00
1.398345225654800750e+01
9.966042318710044867e+00
4.190955905152799588e+00
-4.675490293670081066e+00
3.108474951417850463e+00
-1.655153985113120285e+01
1.118314515663844766e+00
5.501985583485149434e-01
-1.277038478091870388e+01
6.382995726526449864e+00
4.169373924135163278e+00
-1.137158764892662610e+01
-1.370470390447305853e+01
3.331647466785199185e+00
8.941283219577714547e+00
-5.185158126863144368e+00
1.414976905129844376e+01
6.284101960841303125e+00
-8.769851442470246283e+00
1.199550147252036680e+00
-6.715329956923737909e-01
5.370189049933543401e+00
-3.804239214964733939e+00
2.903949769917134383e+00
-2.345234038730098280e+00
-1.292822750943689947e+01
-5.740489617621823193e+00
-3.679205265033899108e-01
7.041744019055530934e+00
-5.081874672342771682e+00
3.055552297652478266e+00
-6.407731949394044335e+00
1.355417269973826722e+00
-3.120079227925350862e-01
-1.490794050467885157e+01
2.347741767146385605e+00
-3.525022937687114499e+00
-8.828627357832290912e+00
-1.153848742396712268e+01
-5.240280555355408154e+00
1.780683270820199393e+00
8.786382545542245737e+00
2.318694992309052960e+00
1.146764185578197925e-01
1.905654876404142328e+00
