2.322316012765775817e+00
7.627426605730536657e+00
8.846088574988884901e+00
3.609562577370196479e+00
7.583783688699643477e-01
3.656126928693987921e+00
-2.683741813653078623e+00
7.876141307780097023e+00
-4.982982421464237532e+00
-4.853538177207747495e+00
1.978601264930809567e+00
2.993714204675451906e+00
2.986218394345277360e+00
-9.888152162104801857e-01
1.265604679481130201e+00
5.623786501509124847e+00
4.698468697806471361e+00
-6.022402530809203292e-01
-5.549209727775167522e+00
-1.676531111059976764e+00
-1.837535756319832458e-01
1.276141550992373475e+00
3.892936426728536237e+00
8.842640475291934976e+00
-2.470503143096582477e+00
1.782443487835330131e+00
-5.035074388708758342e+00
-9.566857405145864357e-01
-8.528734362082623477e+00
-1.517218733520427909e+00
4.387870292812036110e-01
-1.203591119841522783e-01
7.592374820457805207e+00
2.532168472300464046e+00
-7.281926519028911748e+00
-7.234033921814833512e+00
-1.425271000035026825e+00
-1.905825209496203154e+00
-3.459795716896716833e+00
-4.208784763394781692e+00
