9.733345490733154026e-01
6.786218098143089072e+00
9.244554756165152654e+00
1.471076015052255714e+00
9.689349289027175960e-01
2.976066446823209422e+00
0.000000000000000000e+00
8.984199426158063773e+00
0.000000000000000000e+00
0.000000000000000000e+00
8.676319517797680403e-01
2.639926094228771447e+00
4.600408743374831966e-01
0.000000000000000000e+00
1.341702167008539615e+00
5.124207015329404591e+00
4.932714144976092285e+00
0.000000000000000000e+00
0.000000000000000000e+00
3.141507039366255860e-01
0.000000000000000000e+00
0.000000000000000000e+00
4.386378438755091480e+00
7.247009756281145521e+00
0.000000000000000000e+00
1.625773266961816788e+00
0.000000000000000000e+00
0.000000000000000000e+00
0.000000000000000000e+00
0.000000000000000000e+00
0.000000000000000000e+00
0.000000000000000000e+00
6.230911219852956151e+00
2.694718953698368225e+00
0.000000000000000000e+00
0.000000000000000000e+00
0.000000000000000000e+00
1.133046831979124702e+00
0.000000000000000000e+00
0.000000000000000000e+00
