2.826062923925098502e+01
-2.562207302124143382e+00
-2.120998495091916403e-01
-1.630633478110800727e+00
-5.099178112303796695e+00
1.427117435453065930e+01
5.716949722931094158e+00
1.157974587307221359e+00
-9.174863503813604382e+00
4.567173370617301664e+00
-1.669510568912297188e+01
-2.358816615062569344e+00
-1.655807766376829582e+00
-1.072943839219068707e+01
8.710550362178748784e+00
6.076768886051164387e+00
-1.387706674833944298e+01
-1.388650898260327082e+01
1.853022744240302888e+00
3.642333112826358299e+00
-4.778347564490774246e+00
1.468860512905321158e+01
4.424184352565385225e+00
-9.290673455942085823e+00
-1.512353945604688610e+00
-5.205501419511177064e-01
5.635367065625235483e+00
-1.676795763364298031e+00
4.326205289056960446e+00
3.336993880443470673e-01
-1.199460962103615991e+01
-7.005503331120615407e+00
-6.224521601566071483e-02
8.899285421310242583e+00
-2.751938604257465060e-01
1.947470714789100610e+00
-8.609614546121189704e+00
3.336412708095354507e+00
-2.061850773406471049e+00
-1.465294587185925579e+01
5.056870923586529898e+00
-2.408292303454246941e-01
-1.404093369660718160e+01
-1.110346287506764185e+01
-5.197330643358502478e+00
-1.642207098969001855e+00
7.832683810420463466e+00
1.339738412016316049e+00
-2.662945612440548726e-01
2.111437092498236634e+00
