2.501520108974407464e+00
7.434969419946100722e+00
8.079916600627720769e+00
1.797278563598965206e-01
0.000000000000000000e+00
3.351736485506228380e+00
0.000000000000000000e+00
5.463706228584296554e+00
0.000000000000000000e+00
0.000000000000000000e+00
2.644998738424473750e+00
1.318421360065592296e+00
0.000000000000000000e+00
0.000000000000000000e+00
4.667848738296934696e-01
3.880266587359622044e+00
4.017317875684566220e-01
0.000000000000000000e+00
0.000000000000000000e+00
1.230153430732753961e+00
3.045673217039339242e+00
4.840572727086223104e-02
7.504129743776601913e+00
5.689441646044000045e+00
0.000000000000000000e+00
2.439380983277374071e+00
0.000000000000000000e+00
0.000000000000000000e+00
0.000000000000000000e+00
0.000000000000000000e+00
3.257298398539354878e+00
0.000000000000000000e+00
6.915818706515174163e+00
3.511542236020289032e+00
0.000000000000000000e+00
0.000000000000000000e+00
6.649356306442514297e-01
4.397185137641224095e+00
0.000000000000000000e+00
0.000000000000000000e+00
