9.999999998936688339e-01
1.034927191511265804e-01
1.026615846908503042e-02
3.544837093632194347e-03
8.862753491141239781e-03
9.999999999524555871e-01
9.999587075206036735e-01
9.935234476456158426e-01
1.077249735314401616e-06
3.765572607686132334e-01
1.598171768881198520e-04
4.280339292054016146e-04
9.856431568470067628e-01
9.391214807387285868e-01
9.999993029511504705e-01
2.853038404936909540e-03
1.138655811437988552e-03
3.999303793165984167e-01
9.996409073610519336e-01
9.999995257149101313e-01
1.472947483318106654e-01
9.709686895759889191e-01
6.914979388283440942e-01
8.797477963697355964e-05
1.483370147919739999e-02
2.947368348193278587e-03
9.998503244719797456e-01
4.717816537732449217e-02
9.991957400788755717e-01
9.999310505189825671e-01
9.993369338477545716e-01
9.205098160553781828e-01
9.998122427107614119e-01
9.999663184669047578e-01
5.242133955489053365e-01
9.985905620131391158e-01
1.581694500053777925e-04
9.997542329028628050e-01
1.085278538636763462e-01
3.591254290946390572e-06
9.636078784027952704e-01
3.993430830630533696e-02
5.723441700492340467e-02
1.538680997518576915e-04
9.272990057212681103e-01
9.398343680160402558e-01
9.987539185552493093e-01
3.926749657411088973e-02
9.900160674740455802e-01
7.866681452979374933e-01
