-3.587409739455047042e+00
-2.778550283919090091e-02
-1.993535432515273653e+00
-4.005315422755310273e+00
-2.691462068994421752e+00
-8.936350757873068318e-02
6.381635787188971065e+00
5.680202086730834488e-01
-3.733431166859210393e+00
6.589854836456503051e+00
-5.600997597161279096e+00
1.094186815962288062e+00
5.068004631612708089e-01
-1.840349446953668089e+00
5.082074524148855188e-01
-3.462238779016926782e-01
4.703932534004628963e+00
1.052553339455021719e+00
1.961182272000738358e+00
-3.461864310756226804e+00
