0.000000000000000000e+00
4.037135466210985513e+00
5.787681332047261762e+00
2.451793960476243761e+00
3.931006997158075666e+00
4.106130264395802421e+00
0.000000000000000000e+00
2.931292249485121015e+00
0.000000000000000000e+00
0.000000000000000000e+00
2.534103872717333505e+00
2.558768888646501427e+00
0.000000000000000000e+00
0.000000000000000000e+00
2.430628812548805140e+00
4.264636908358263589e+00
0.000000000000000000e+00
0.000000000000000000e+00
0.000000000000000000e+00
0.000000000000000000e+00
0.000000000000000000e+00
4.783851238150546692e+00
4.766600874930261966e+00
7.300980883798218635e+00
0.000000000000000000e+00
4.012958249713832970e+00
0.000000000000000000e+00
9.172746246745141496e-01
0.000000000000000000e+00
2.713732121734645286e+00
1.626166943115197050e+00
2.018078841367751064e+00
1.065261209849488822e+01
5.240787432855449346e+00
0.000000000000000000e+00
0.000000000000000000e+00
2.178157071208397966e+00
9.204476303898284639e-02
0.000000000000000000e+00
0.000000000000000000e+00
