-9.983189166302719464e-01
-2.164426586340069958e-01
-8.870058130190303647e-01
5.694032019388902688e-01
-3.512755478375909068e-02
9.590462534005994577e-01
9.998724592466486927e-01
-9.997298952946225281e-01
-9.997241915940083823e-01
9.999016536559293122e-01
-9.999801630459168589e-01
-9.001043161890893707e-01
-9.662975745104069869e-01
-9.997951062614409690e-01
9.616445582481916166e-01
-9.999643466974886818e-01
9.984649557444210677e-01
5.802306167606218201e-01
-9.484937243761095704e-01
-9.990933303836009305e-01
