8.382701932585296944e-01
3.516509041623881338e+00
5.284730505730334649e+00
4.343317606417068433e+00
4.474461088228832928e+00
2.172532781736377760e+00
-3.175007559371403776e+00
5.644588078507081441e+00
-4.491277301641165565e+00
-5.977828105736770148e+00
1.398749421085761835e+00
-2.764502549783096064e-02
-7.693474242021830278e+00
1.206296007638066214e+00
-7.499671274497461404e+00
3.232716426362542528e+00
-5.874799998015974190e+00
-6.057093103410861268e+00
-7.862048727080880539e+00
2.271638291226338424e+00
3.138389720482419154e+00
2.226260182661619069e+00
3.406950175117246626e+00
-2.456574267673111045e+00
-7.130661516778397102e-01
-7.918115259654401328e-02
-7.251526228596508084e+00
-2.691691580864492117e+00
-6.237695127476740709e+00
-7.036474381666077971e-01
-3.146950753125262512e+00
5.975155725070599999e-01
5.023012697968201934e+00
7.156236050682778682e+00
-7.151863080629404790e-01
-4.735657499316508812e+00
-9.265586965726018143e-01
1.516480057427498807e+00
-1.515905286482249892e+01
-7.069946288841205906e+00
