-2.029711905168472086e+01
-5.869035824804237578e+00
-4.753748199943493624e+00
2.558650018769386492e+01
-2.971941269943403796e+01
-1.529469905193860768e+01
3.847127299516017018e+01
1.497220588410621644e+01
1.848301179976284203e+01
2.746461459853741971e+01
6.196605594549566831e+00
-3.354334507595360293e+01
-1.369403031680141325e+01
-1.337863003879703749e-02
-2.242494801106547797e+01
-4.001482615051973113e+01
-1.973976989035425067e+00
-8.866809294450704870e-01
2.328795533803861950e+00
-1.505395608457167711e+01
-3.135793837021896024e+01
-1.348329017936216800e+01
2.809544300657142557e+00
-1.360826405745781464e+01
2.851978924844439689e+01
1.712153965905448416e+01
1.561830079649665670e+01
4.865399936461564323e+00
-1.162638113675549256e+01
-2.587817046029578627e+00
