1.658045695465328541e-05
2.278319680549370160e-02
6.967041688112791675e-01
9.352800960073098802e-01
2.286703997580311052e-05
2.134408059537933333e-01
2.221004405656764203e-04
1.929902860141840049e-06
9.993345924925003398e-01
7.200451947820687041e-06
9.627412288048341482e-01
8.770086060501388614e-01
7.818303534528146719e-06
9.258685428798467676e-01
9.002985432386388653e-03
1.365484140611716302e-01
8.297685451184567684e-01
9.983810698680112283e-01
1.055295719478956118e-02
9.820564288520210461e-01
9.814541110054113560e-01
9.843123170501724022e-05
9.999187428259733723e-01
2.658951974447439949e-03
9.951405777222435134e-01
9.911944422356583351e-01
7.135198716488831520e-03
9.999889249993472173e-01
1.874846349209924540e-03
9.869473730037142678e-01
9.999999796495944171e-01
4.619178928619264296e-02
9.807223370402855522e-01
4.327263883113136935e-06
3.137562015255434406e-02
4.635157739401494180e-05
9.413435175222530926e-01
1.766262879968823890e-02
8.395879566091508650e-01
2.337383615634646555e-02
9.997653191105161374e-01
4.164116297938012523e-01
6.156207403831735162e-05
9.071994107089218495e-01
5.543393942419081550e-04
9.999999756159311248e-01
1.345268090446086542e-02
2.101545330021064792e-02
3.838852585215001261e-03
8.761609022246622758e-07
