6.988761395593504844e+00
-5.759413280048415462e-01
2.982484169648390360e+00
7.451763294367336421e+00
9.278858697246503695e+00
1.538987189633738151e+00
-3.900674043133292912e+00
1.634239169989909479e-01
4.699163155583009122e+00
-3.202543869597825221e+00
5.964153286264714637e+00
-5.764591399401608918e+00
9.091881152587042436e-01
1.149612392317491016e+00
-6.345960473458044149e+00
5.205177656348877413e+00
-7.055499502649875687e+00
-4.255020369997353669e+00
-6.133773602771883660e+00
4.494031744424644259e+00
3.791831624003076939e-01
5.003027673028478617e+00
2.133809840116722256e+00
-3.893242868329297224e+00
-3.029003714010067405e+00
-4.192159024569248160e+00
-3.542120756118583458e+00
-2.309747190140928552e+00
-2.394620810226791630e+00
-3.376926338227101976e+00
6.957504686371137614e-01
1.211525922317014725e+00
9.493700904292712295e-02
5.766892152131219085e+00
-1.525152620952685556e-02
1.057038481114803918e+00
-5.919182392446358243e-01
1.947420494255527323e+00
-1.063266178941482387e+01
-1.563618487013223479e+00
