-4.989437730777655844e+00
6.320008753902983223e+00
7.959725601682792195e+00
3.784606962283663112e+00
-7.523148561753225216e+00
-1.134330516681244028e+01
-1.202213245088484150e+00
-1.639166871105517842e+00
7.326555018752982207e+00
-1.470971841439576799e+01
5.424653888578304439e+00
5.361517126276521550e-01
-1.694427740547635564e+00
-1.464433291971203754e+00
-1.352299682809210424e+01
-4.656767752396487658e+00
1.300435807543218125e+01
2.757245385141197325e+00
-7.932452657787728789e+00
-7.151227480328770092e+00
3.000626047149503872e+00
4.747308157877402346e-01
7.816456079191004491e+00
6.037314953847753962e+00
1.576656231986606871e+00
3.796445934199084604e+00
-5.097736512134042997e+00
8.217320255583041799e+00
-1.180125751849367788e+01
5.700411486453177190e+00
9.912361092860523470e+00
4.411786534725593567e-01
-6.502560552944788519e+00
-8.314617946011846783e+00
-3.733758033949995170e+00
-7.480871229659175725e+00
-1.162315638098542880e+00
-1.411903573695676783e+01
4.010395133800399137e+00
-5.433386507796689191e-02
2.598991357361311039e+00
6.458661728509129674e-02
9.602364874323221500e-02
-9.007808903185319238e+00
2.240212450686775991e+00
5.613358901270620649e+00
-4.214656532781103415e+00
5.522385241214647245e+00
9.463076772637094791e+00
-8.468037650429019791e+00
