6.763436615140738101e-03
9.982033061693149634e-01
9.996508729946022020e-01
9.777868438455549205e-01
5.401364073581148848e-04
1.184840835674296580e-05
2.310817265200628412e-01
1.625784584491909712e-01
9.993425965431582680e-01
4.089312355300719243e-07
9.956127417834769178e-01
6.309167547922700514e-01
1.551944362577481751e-01
1.877902010620033924e-01
1.339789336560710964e-06
9.407763294021272149e-03
9.999977495049098275e-01
9.403212400997464915e-01
3.587762946237381075e-04
7.832872472633330965e-04
9.526024015294082270e-01
6.165028640795112702e-01
9.995971148585753863e-01
9.976177266766173002e-01
8.287304374696962128e-01
9.780425338426822490e-01
6.073449914239797444e-03
9.997301353866107076e-01
7.495070549398428449e-06
9.966665600650310708e-01
9.999504441702347091e-01
6.085398444107487093e-01
1.497349065323117824e-03
2.448504782770029786e-04
2.334483140605602206e-02
5.634483788052522786e-04
2.382467763047974585e-01
7.382107565254484518e-07
9.821964792052306770e-01
4.864198744681526576e-01
9.307966369142918195e-01
5.161410437736192458e-01
5.239874835527864594e-01
1.224348696677838731e-04
9.038029310150226259e-01
9.963644724701350430e-01
1.456220497081137273e-02
9.960196024654286440e-01
9.999223387732122381e-01
2.100326201821619979e-04
