1.670570267587241142e+00
0.000000000000000000e+00
2.179792437752421819e+00
7.309095812066375153e+00
6.290612994108653488e+00
0.000000000000000000e+00
4.080848076605368413e-01
0.000000000000000000e+00
3.358928072925431607e+00
0.000000000000000000e+00
3.996378266529224899e+00
0.000000000000000000e+00
0.000000000000000000e+00
0.000000000000000000e+00
4.011352281078021109e-01
8.349546682021379951e+00
0.000000000000000000e+00
1.789306611945254311e+00
0.000000000000000000e+00
3.740010313324923175e+00
0.000000000000000000e+00
3.621639744030858976e-01
1.992312842372834236e+00
5.576314516072462979e+00
0.000000000000000000e+00
0.000000000000000000e+00
3.661822401254458459e+00
3.931687784073687908e+00
0.000000000000000000e+00
5.126421642199445294e+00
3.274241975461167353e+00
9.553872391626647698e+00
4.853741658311894192e+00
4.249473835896030671e+00
1.209435982407276899e+00
0.000000000000000000e+00
4.391030025909328671e+00
0.000000000000000000e+00
0.000000000000000000e+00
0.000000000000000000e+00
