8.994880972687570031e-01
5.046697750699348509e-06
1.377808011572733135e-13
9.999999999999995559e-01
6.779678998016499601e-20
6.693145781958552698e-01
9.999999984773193518e-01
9.999984746174985784e-01
9.999999994764141587e-01
9.999999994682935434e-01
9.999576033551245136e-01
2.875960966722765050e-13
1.101187408893974408e-02
1.333403239570808002e-02
2.785861400777840755e-03
0.000000000000000000e+00
9.999999978502007725e-01
2.008327097424873820e-08
2.497500442537833355e-03
4.823591143757957718e-06
0.000000000000000000e+00
1.613959410434226253e-05
9.999999646549503352e-01
5.609566564292039901e-05
9.999999999999569233e-01
9.926750027987635283e-01
9.999999998973199133e-01
2.827120498784645785e-05
2.162974292728877280e-16
9.999470275433183231e-01
