-9.998571411851704394e-01
9.818014730073678642e-01
-9.611184467127210640e-01
-9.541213084976031544e-02
5.808532415684284356e-01
3.540729924684217211e-01
9.998678315521619675e-01
8.933650480113634051e-01
-9.999950205332119868e-01
9.999999980590688065e-01
-9.994518523412910804e-01
9.441451108097612122e-02
6.073510644264126235e-01
-9.992838684325805465e-01
6.857473088639876035e-01
-9.990706824807097375e-01
9.994015864511011094e-01
-2.886980797515243391e-01
2.826967380743886649e-01
3.053598919218759866e-02
