-2.979171117097378918e-02
6.071977864745129239e+00
8.683712656703146848e+00
1.507817275526365242e+00
-2.061137860817971124e+00
5.254508931819745765e-01
-2.184872902571211473e+00
9.229688073081703692e+00
-7.033456811122890784e+00
4.904731630421447219e-01
2.405179678588301062e+00
3.455887259667971279e+00
1.221495192432007215e+00
-7.781510755979796912e+00
5.227972487864049889e+00
5.895120894495751607e+00
7.230833506786182419e+00
-8.561927075083917149e-01
-2.647668179133529920e-01
7.894838654133377043e-01
1.891806474781617897e+00
-1.100473083429925225e+00
3.856753342760298242e+00
3.070786902643011462e+00
-1.193666705500808778e+00
8.547828058871835832e-01
-3.456177788487333480e-01
1.889820326834723119e+00
-8.332593589772159248e+00
2.625764758295580759e+00
2.065596145478927781e+00
2.790791117354541218e+00
2.899240133920633511e+00
4.641535185411526321e+00
-3.675967966862673020e+00
-1.066575091427369060e+01
9.871949873232139794e-01
-5.126015659740612129e+00
-2.043048830216819045e+00
-4.156887839274389762e+00
