-9.980469046339562889e-01
8.863188885183075350e-01
-6.098244799514630499e-01
3.692677414686670878e-01
9.737177817256901236e-01
3.996942824634452940e-01
9.998533749714525465e-01
-6.407805351428874641e-01
-9.999621310351930470e-01
9.999999994830590655e-01
-9.997222038849814529e-01
-7.201835695733972420e-01
5.200123878554113732e-01
-9.995487224052244102e-01
7.401770379029708469e-01
-9.988097150895217657e-01
9.997594475457783902e-01
2.293277776267371171e-01
2.482866555220880067e-01
1.274412516846903376e-01
