-4.884030068175383432e-01
4.317957100278791316e+00
-2.778696999583664784e+00
2.262405329960574196e+00
9.201022283541150371e-01
-8.504152709337962079e-01
4.301502416521287842e+00
1.551507442184831165e+00
-1.738033489319646518e+00
8.179518795505835271e+00
-4.643431331538193874e+00
-4.906303299868997048e-01
8.848941444377282917e-01
-5.335772351520085000e-02
4.435208475680783913e+00
-4.695658310416134462e+00
5.265130725287844982e+00
1.141503477689254087e+00
-3.082777557849505357e+00
-1.791025112423090704e+00
