2.320964461831706192e-04
8.959098092509236722e-01
9.998348742860625471e-01
2.570745470743478894e-02
2.831007832004454605e-01
8.268166603090217059e-02
9.997440577522643812e-01
1.560381077721167131e-01
2.902735085200627840e-02
4.121120539885280154e-01
9.770525588313805354e-01
7.918122172681572035e-01
8.468057654246499144e-01
9.006246546764352034e-05
1.382345330236003358e-03
9.781985340526385686e-01
9.998584589884712548e-01
9.995931564433133687e-01
3.891320832997435114e-02
2.961946875357873395e-05
2.704059903108632090e-01
1.723520535080332763e-05
6.447956705830508754e-04
9.874743242150353373e-01
8.907835862971216212e-01
9.998841674498700760e-01
1.211909035099741202e-03
2.035572037199834539e-01
9.997128445713419076e-01
9.986113695650793431e-01
4.752313759620912701e-04
3.324376727699972223e-02
2.829690409589559752e-01
9.066743446424318023e-03
9.981262716687064884e-01
1.684636142201651268e-02
9.842941080526799169e-01
3.937737758377590400e-05
1.157250511732059518e-06
8.205887580616081367e-01
3.555215597293743569e-03
2.285844078647054217e-02
9.999999998382587130e-01
9.999958484448060458e-01
7.236736116196659241e-01
8.897729937256574351e-01
1.842786471224503245e-02
9.999999216453888673e-01
3.159919145926123812e-07
9.999971500501204646e-01
