6.190993217264284532e-02
9.900864580498405232e-01
4.644167769555363479e-01
2.509536800039068559e-03
9.417064136103900918e-01
1.990526285091146624e-02
1.814321599934552373e-03
9.346376369155291464e-01
3.025168025089519652e-01
4.246725405126027230e-05
4.922248133460426223e-01
9.290196340354989202e-01
2.386828957684085928e-01
2.482916128401174323e-06
7.542713594287761558e-02
2.516044736780135432e-03
9.382676127495213070e-01
2.327838317013769878e-03
3.142554157136370006e-06
1.336250861402210595e-06
4.326713213843941253e-01
8.661895651694855314e-01
1.297782924025364182e-03
9.998631103514397100e-01
6.483758715067127094e-03
9.999886612248095608e-01
1.258363221692455555e-02
9.126168222741615210e-01
7.360406035401279023e-02
9.788043851173716670e-01
1.250859882828009263e-03
9.112390558029396237e-01
1.175372765733393027e-01
5.208139501985288300e-01
9.999999024336725384e-01
7.198505558125718176e-04
4.203831678559474816e-02
5.440826599740223717e-05
7.065604371979176473e-06
4.544148588945827183e-01
9.970254616454641283e-01
6.951356092017352273e-01
9.999999925441703796e-01
9.999503554720350351e-01
3.338105072132395434e-02
9.712924032319165679e-01
4.806194209553982799e-01
9.999954079495158021e-01
3.450306953163089868e-05
9.999974023971575088e-01
