9.999999958973035952e-01
1.746173766803678652e-05
1.034810419774537706e-15
1.000000000000000000e+00
0.000000000000000000e+00
1.457423130785766296e-02
9.998200013158248245e-01
9.999691244384670830e-01
9.999999999979771736e-01
9.997481326924134715e-01
1.592727175288403312e-03
1.143631661174823386e-02
9.999999997752611058e-01
3.721058543367393524e-10
9.999982195097085746e-01
1.921124475614719691e-16
4.377791845394877167e-03
9.999999119780174084e-01
9.852723528655479290e-01
7.331217880242789364e-03
9.638202429089426714e-14
9.999955368211141948e-01
9.999815156828923968e-01
9.999938455780522650e-01
9.999999723958826747e-01
9.610777461350704653e-01
9.999999996695179139e-01
2.325946590036800249e-04
1.679237719959762241e-14
9.942556376184410460e-01
