1.891916513388680610e-02
5.378594361652257128e+00
-3.014020052255140136e+00
4.087918554162806473e+00
-1.751135542212753027e+00
1.262481073278374666e+00
4.591785532096325007e+00
-4.069757372077938307e+00
-4.268932474154560452e+00
7.492871183084821141e+00
-6.619182917223708884e+00
-4.832230135118785519e+00
-4.056764826320553574e+00
-2.113869449218404917e+00
6.489003943393407248e+00
-5.094500433890277513e+00
4.723816600426451906e+00
9.518217310219192484e-01
-1.939391175723088612e+00
-6.228204803987066995e+00
