-1.553838170404986485e+01
6.727165795232368239e+00
2.165482308036984271e+00
-1.213284438294353684e+01
5.571336717037929098e+00
-1.029168927564001557e+01
9.810102990104767606e-01
-1.396404563613835581e+00
-4.090281312268463587e+00
2.426387659458741020e+00
-1.119823640907864126e+00
-2.444048251044703690e+00
1.200443611043050929e+01
1.292606964630384780e+01
6.459132855029049658e+00
5.024847580128621871e+00
7.578204248440050250e+00
1.923011500860132950e+00
-1.873862944167953959e+00
-1.150894436189501824e-01
-6.146193056136768362e+00
1.580584325997196338e-01
-4.319442594785591893e+00
-1.440196381915200274e-01
2.325111997193368474e+00
-1.277191127386503311e+00
-1.434532660252837211e+00
-5.469092728907926748e+00
-1.988830146581145764e+00
-1.826071643238448505e+00
-1.244314649983068755e+01
-6.942657905814828112e+00
-4.613755394440252289e+00
8.582861716739394353e+00
-7.335246638944433961e+00
-3.229812627308815021e+00
-1.147651544875059715e+00
6.392808503897451367e+00
1.060014777988982182e+01
5.021335556667719580e+00
-1.308115296501079072e+01
2.068714795140485840e+00
5.712641887923284312e-01
-4.587997751727199147e-01
-1.045452823509844364e+00
9.611398846198966339e-01
-2.560207859258951224e+00
-3.279201972980844815e+00
1.422475033741686801e+01
7.061054796956184987e+00
