1.758380556865056565e+00
3.995884605755038343e+00
-3.958515137349353452e+00
3.983329723240059739e+00
-2.523497972797114297e+00
1.798621367443465013e+00
6.004884223862608117e+00
-2.637288759257088167e+00
-3.476827718569023062e+00
7.600833457719172515e+00
-5.121790954642243321e+00
-2.426569830779159886e+00
-2.463831354388340777e+00
-3.127942708819484441e+00
5.215243420666611840e+00
-6.667259177190037356e+00
5.133996426520646139e+00
1.498726950523491919e+00
-4.232866885723116646e+00
-4.264648951620720219e+00
