9.999243947756289996e-01
3.235650721126274758e-15
1.080334983915060390e-17
9.999999999999973355e-01
4.872499543127519354e-13
1.035774027820367477e-03
9.999998229579716291e-01
9.999994218146607272e-01
9.999999966623889236e-01
9.999921138524463515e-01
8.014447149948235316e-03
3.464395273661384778e-01
9.999999950072064880e-01
8.939483648994503776e-04
1.122273036901738196e-03
1.339376314554820705e-08
7.032321498264528827e-03
9.999999624630541151e-01
9.999983157155984959e-01
9.990000894575792323e-01
2.385639156725187354e-17
9.803536420288168536e-05
9.999999999995685673e-01
5.562200955144853964e-02
9.999999999991440180e-01
9.999999999941060480e-01
9.999999726403102640e-01
7.177919972161727058e-01
9.644896697827183309e-09
9.999288868131196439e-01
