-3.388227835037400659e+00
3.912025621973616030e-01
6.078480612135537697e+00
3.095317767181996249e+00
8.391783977316167320e-01
-1.480199372011689940e+00
-4.835602220489782499e-01
2.596168274287677935e+00
1.790823709636150118e+00
3.202522774230541991e+00
-2.847228244340797243e+00
1.926597821670315014e+00
-2.278513721297370065e+00
-6.554457894834019527e+00
1.390837875788531797e+00
3.097612861162879483e+00
1.912712996556890754e+00
-1.057477067272239557e+00
-3.011456974546981247e+00
4.728860627897302216e+00
2.826347136034708996e+00
-1.457858962237343903e+00
3.753240057312237976e+00
1.335131545829114641e+00
-4.996764359170834169e+00
1.521882704647952167e-01
2.991684188238590281e-01
4.527369303186353555e+00
-2.378648980613556674e+00
2.047453674418443281e+00
1.132148483819996887e+00
7.438509918859582015e+00
2.452777709267093265e+00
1.026467375739755283e+01
9.622528214629059162e-01
-1.371870422777887200e+01
1.563360939099702751e-01
-7.214786534969096721e+00
-1.323388489340579888e+01
-6.927523658021719655e+00
