2.852427826900382613e+01
4.576975249199304763e+00
3.071875204221023115e+00
-3.816446768548696244e+00
-1.792764233225757842e+00
5.441426257502960162e+00
1.735989926261108929e+00
3.627227361414668838e+00
-7.170711102492807854e+00
9.277346821987441317e+00
-1.275391198443147722e+01
1.631087796228243736e+00
5.105952642959807442e+00
-9.554342517874086838e+00
-4.649582710518781470e-01
7.077645065796027701e-01
-1.313144213577593256e+01
-1.477110694108174904e+01
4.448128513100934711e+00
-7.713522750017101082e-01
-3.753021859031730578e+00
1.098381951112527055e+01
-2.887840350643720466e+00
2.925200405171184403e+00
-1.032539367148133813e+01
1.529084660829333142e+00
4.530660779537513783e+00
9.374994071723573796e+00
6.119510949590800664e+00
-3.015028946090428708e+00
-1.346691214969058414e+01
-1.231426633598407072e+01
-4.199793293423544682e+00
8.648501432991547944e+00
-5.618109153995954230e+00
3.547263107115723013e+00
-4.457665938331590638e+00
-2.084376967563897343e-02
1.078420146373415545e-01
-2.011622609315597998e+00
-9.689639014902055036e-01
4.038923561129750262e+00
-1.106196019147401977e+01
-8.409811001019930288e+00
-3.646489855962462556e+00
-7.692004587173689956e+00
6.371239389846569345e+00
7.261735238232683187e+00
5.638729594599869444e+00
-3.653537138795086570e-01
