1.644066871134274965e+00
6.899086460330224213e+00
-4.663069134870946897e+01
4.934733421648786589e+01
-4.218829205950095940e+01
-7.169864181349371535e+00
-1.818908460992029186e+00
2.631891046429387515e+01
2.757888012206064587e+01
2.095695301823310075e+01
1.702217916627008520e+01
-1.338258719253867568e+01
3.945054766715801797e+00
-2.278794037153565810e+01
2.108605482583625346e+01
-4.247083589354772215e+01
7.609030997181704947e+00
-9.743058161887869772e+00
-2.125372220489532893e+01
-1.265702943678977022e+01
-4.175494963756405298e+01
1.769887563679717246e+01
-1.463211264453493810e+00
-2.067784502864226659e-01
2.779139532164817794e+00
-3.005164910450670135e+00
1.607351922157041102e+01
-1.134428619876874400e+01
-3.853544677927598805e+00
-6.244681383087561377e-01
