9.999991080780278319e-01
8.393456532901078472e-11
4.236321122678017435e-06
1.000000000000000000e+00
1.032676632713883644e-14
2.214068948749280051e-05
9.999999887379472652e-01
9.999999999917843496e-01
9.999999565047860139e-01
9.999999996114599110e-01
1.118223659207706404e-07
9.999947697852996642e-01
9.855395113125758888e-01
1.054003942159922880e-02
9.999993931814855630e-01
6.415625966619713291e-15
3.299815893085371387e-07
9.999424137824934888e-01
2.142540960523356361e-07
5.273726221223655752e-01
1.089508561231922676e-16
9.999998830405710804e-01
9.999999156197225680e-01
9.999999999998452349e-01
9.999999234869852982e-01
9.999916335815055568e-01
9.999999999759050517e-01
2.732383209335362092e-09
2.270706900951281890e-12
9.999554345049299631e-01
