-9.985411220162067059e-01
5.501334466861262928e-01
-9.989229575795335325e-01
9.542402017989702889e-01
-9.601985453747021726e-01
-2.060561921938112162e-01
9.998831107450264488e-01
-9.404775978482232679e-01
-9.934033755411795230e-01
9.998381749072047242e-01
-9.999973265639454656e-01
-9.219792513448039628e-01
-5.103602821719784854e-01
-3.725103621786490238e-01
9.978620135176173855e-01
-9.707436278339719449e-01
9.998851958772818627e-01
9.066215113619041643e-01
-7.838185638111881959e-01
-9.999999492989183336e-01
