9.999999999992248423e-01
4.059268128751939451e-12
9.676161619899513733e-01
1.000000000000000000e+00
3.411543318590697338e-17
1.998478381362631999e-06
9.999999999173061482e-01
9.999999962591616942e-01
9.999999999975079934e-01
9.999999958574916636e-01
2.324961451550546115e-07
9.999980011622670029e-01
9.999826839190683048e-01
1.534396559691313111e-02
9.999943048988174654e-01
6.283123113858084453e-17
5.126248351212717814e-07
9.999737740220989712e-01
9.354843152610185883e-05
5.319246214616312612e-02
7.759259623194658100e-17
9.990350690047030691e-01
1.000000000000000000e+00
9.999999999803104167e-01
9.999999999999997780e-01
9.619577709104322194e-01
9.999999999999131806e-01
4.509548779297801620e-11
6.752416719970125028e-15
9.999419621225305033e-01
