9.999999999952098317e-01
9.998780239459581498e-01
3.842794831137993916e-02
1.984418971447057291e-03
1.030828233457347547e-03
9.979293856855658840e-01
8.663423270932236742e-01
5.190752262665857680e-03
5.666526397094148182e-01
6.208617610205755533e-01
2.357748919656217003e-05
9.999995619543287084e-01
9.892562445313988206e-01
1.877317320057800831e-01
7.018901834848918497e-01
9.924015854916571344e-01
4.071757026485873891e-04
1.779331362558680848e-05
2.789748463701497427e-01
9.318492183609970378e-03
7.660021018511770086e-02
9.999998028159777785e-01
2.224833988448910727e-01
9.912907851988241870e-01
2.149019262797007478e-06
4.385278384903867942e-04
3.465255307888360226e-01
7.062165781572477062e-05
9.998345823647800668e-01
1.808812215268921586e-04
1.373684222646684763e-11
2.758651545692586970e-01
4.218550292542153752e-04
9.999994587986209549e-01
5.698162922987085599e-01
5.914537389896730168e-01
6.482558632572047452e-01
6.444744272933579377e-02
9.765605679518132298e-01
1.631225403625064518e-01
8.629244685363188783e-01
9.997965903101120322e-01
1.459693698230237757e-01
8.318597659939461209e-03
9.979543063917842849e-01
2.277892128979326029e-03
9.999989946234135729e-01
6.475411102051692458e-01
3.366665036438119124e-02
1.423111693123418228e-05
