2.174078701962894357e-03
2.972581675245382360e-03
6.952616117178760789e-11
9.999999999999993339e-01
0.000000000000000000e+00
9.996794366508090501e-01
9.999959430339073752e-01
9.807260682176458522e-01
9.999999978323526051e-01
9.946043494364932291e-01
9.257885472725077003e-01
5.400887324983262572e-03
9.999996098683477941e-01
3.176467166957742862e-03
9.990178837909834408e-01
7.360419596640310775e-20
1.555090288527520125e-06
9.863006082809823161e-01
2.503751459384265460e-04
3.002931266210462856e-08
2.450386021013213746e-10
9.999997834481619829e-01
9.999137805155419167e-01
9.999988254767578910e-01
9.999999971925090936e-01
4.560387941466040004e-05
9.999999999971975750e-01
4.773325090879309668e-05
1.472292768886121257e-13
9.997728197054470689e-01
