9.999999799938279477e-01
9.631977001381251124e-01
9.405317045507990414e-01
1.568074140329122623e-01
9.268575291283592810e-01
9.996259545544038394e-01
7.755691143145331257e-01
9.989203000480524341e-01
5.568831504998795546e-05
9.998751058348500642e-01
1.113621417483962496e-05
8.868836220153296368e-02
9.781175818250303911e-01
2.152045640857722615e-05
9.999995481592672819e-01
5.446664630265667384e-01
5.847483892237205579e-06
5.026660512651205274e-08
6.241407190218619672e-01
9.990732216345219463e-01
7.296171062740392475e-03
9.999903960078295739e-01
9.433972150215717833e-02
3.080322107998483272e-01
7.832062703240363355e-01
4.432641748746110610e-02
9.623021871080165157e-01
9.578139281924182312e-07
9.650434391082066687e-01
5.470293796835722783e-02
1.038819986443289923e-13
1.061927785989873196e-02
3.145748168309731004e-08
9.999190490570166734e-01
2.068850105776584751e-05
5.056542300177883920e-02
4.107141458538512632e-03
5.826426522926951568e-02
8.966956777737472573e-01
9.862946611399114806e-05
9.653664410793151296e-01
4.799169110393672333e-01
4.470312445773156175e-04
4.834451691183370148e-01
5.904759149786396486e-04
2.181911802927432795e-02
9.993607930860864963e-01
6.023007393133300580e-01
9.326827086553755031e-01
9.996683944563296009e-01
