0.000000000000000000e+00
6.289581489174469908e+00
8.494539240235072342e+00
2.763754143638719629e+00
1.386230734137369858e+00
1.291772843174921137e+00
4.428989903740434109e+00
8.055181035488473640e+00
0.000000000000000000e+00
0.000000000000000000e+00
1.661524789397687218e+00
3.500252028969104590e+00
0.000000000000000000e+00
0.000000000000000000e+00
6.273253171388138982e-01
2.410389387125114524e+00
3.410958485700645415e+00
1.257126818196755202e+00
0.000000000000000000e+00
9.961796774805109500e-02
1.041594072173126051e+00
0.000000000000000000e+00
2.824674436403494582e+00
7.233796455309076556e+00
0.000000000000000000e+00
0.000000000000000000e+00
0.000000000000000000e+00
0.000000000000000000e+00
0.000000000000000000e+00
1.756995946310915269e+00
0.000000000000000000e+00
0.000000000000000000e+00
4.999808120808619805e+00
7.335607238288303300e+00
0.000000000000000000e+00
0.000000000000000000e+00
0.000000000000000000e+00
0.000000000000000000e+00
0.000000000000000000e+00
2.089891842750621898e+00
