-9.950173527840689980e-01
1.789885234550845083e-01
-9.966972284430680729e-01
-6.972592133182528018e-01
-9.940636725474295554e-01
-3.259393050752535381e-01
9.999968041788709350e-01
-1.365792088513057834e-01
-9.999494745158501452e-01
9.999999739082393591e-01
-9.999811763177935964e-01
-9.135239524390027510e-01
-2.067592971648208877e-01
-9.958016246108892799e-01
7.242717211338363104e-01
-9.536863408270219722e-01
9.997658990349063135e-01
9.492532044702646221e-01
6.814677644562570080e-01
-9.859074762937393155e-01
