9.981563918730739227e-01
2.628224618795880346e-02
9.981562011639295573e-01
2.314683798748753876e-03
9.957687934268839580e-01
9.934092960945102302e-01
9.999950469273028997e-01
7.586438450933116195e-01
9.238170842317440382e-04
9.882356422732996304e-01
6.100635487439770869e-05
6.563670328771303928e-05
9.990029322435577397e-01
2.731760005468739649e-01
9.899060545864690752e-01
5.789105456900546232e-01
5.178581316394681444e-01
9.379245174539477259e-02
9.999952090888479805e-01
9.897253493046779260e-01
1.499712026590995149e-05
9.990043513573616529e-01
4.382768375720657583e-01
8.060134140079038001e-02
2.468380799615855787e-03
8.861630910606869138e-01
9.952833218989217690e-01
9.892514043328780593e-01
9.980705591069499727e-01
7.254797404531015959e-01
4.289597622652006371e-03
1.562643394058191998e-02
9.379771952659705647e-01
9.995077812402274331e-01
9.189115464442753067e-01
9.992765737948894333e-01
2.348069717594495134e-02
9.924095178687892815e-01
5.517740700675275107e-04
1.046341822378567916e-03
1.652104310427038036e-01
1.609139569079663101e-01
2.818409242826897670e-02
2.052809066964013818e-03
1.862147981560026422e-02
1.441508623141021794e-01
8.964730692946734081e-01
6.253924315768540076e-02
9.806937966849772481e-01
9.999999984525216323e-01
