-4.743519008934610426e+00
-1.473531348275789465e+00
-2.001496953700001136e+00
9.733193852718826644e-01
-4.756445558238714177e+00
1.551332566582015238e+00
5.387752147941805347e+00
-2.082369841127508892e+00
-2.091409007036795220e+00
7.666230845196292165e+00
-6.539608828183598455e+00
-2.829229698585481678e+00
1.709205113052916225e-01
-3.657100252234733340e+00
3.184288050676208126e+00
-3.131095262972543036e+00
3.552920614500932661e+00
2.376694457999082299e+00
-4.009066374194774518e+00
-4.242871928449539531e+00
