0.000000000000000000e+00
1.909305468417737961e+00
6.013853262228794350e+00
5.372566060273271660e+00
0.000000000000000000e+00
1.442264168337369812e+00
0.000000000000000000e+00
5.209947864486908387e+00
0.000000000000000000e+00
5.266708549416126983e-01
2.375768042028274518e+00
4.364170864587793019e+00
3.118243537898380824e-01
0.000000000000000000e+00
3.665269183467857239e+00
3.136089156626556296e+00
1.358364251668690237e+00
0.000000000000000000e+00
0.000000000000000000e+00
5.253855213308789018e+00
0.000000000000000000e+00
0.000000000000000000e+00
7.524572673345382157e+00
6.821821433767345511e+00
0.000000000000000000e+00
0.000000000000000000e+00
0.000000000000000000e+00
0.000000000000000000e+00
0.000000000000000000e+00
3.006966154217558973e+00
2.551214880710088728e+00
3.176213948123995490e+00
4.323094105351641403e+00
4.430708956698573786e+00
9.027683672547104354e-02
0.000000000000000000e+00
3.650710750390419257e+00
6.723305619960338042e-01
0.000000000000000000e+00
0.000000000000000000e+00
