-1.775567401436250803e+00
6.922881743357542028e+00
7.394295628818819743e+00
4.962335606894413553e-02
-2.640741603666883375e+00
-4.747408017579846096e-02
-3.887928259030019262e+00
1.002480162504661543e+01
-6.127257988859174276e+00
2.925096733552202677e-01
2.047443270094642109e+00
1.867826253110743906e+00
-5.177057093958228329e-01
-6.884865404117979537e+00
5.621747507302362612e-01
5.792194384522047379e+00
4.205562668494895462e+00
-4.483574193639137673e-01
-2.937208107132507795e+00
1.240585917656000126e+00
2.883876525433545446e+00
3.119255778645113608e-02
4.356696181426290337e+00
5.232425563717239214e+00
2.320911665461097950e+00
3.000101902911970431e+00
-2.169684961947115909e-02
4.945274845523958129e-01
-8.168768969752990827e+00
-3.421493585410260163e-01
2.307089952860396309e+00
-2.944337789474928968e+00
2.286664367562227795e+00
6.925517288601485966e+00
-1.595864482945266616e+00
-9.366707205882249809e+00
1.379272453857108172e+00
9.279158096877182516e-01
-4.144486451175095176e+00
1.695718543225098074e+00
