-2.542392976665550197e+00
4.128975607208878351e+00
1.333627218192202646e+00
1.924444836591489683e+00
5.359196355882836826e+00
3.746581999794649787e-01
4.329713247051509284e-01
8.541196306849824893e+00
-8.789040683981939495e+00
2.915023456637748200e+00
4.611827033272397180e+00
-1.042461125040876180e+00
-2.877077027808801812e+00
-7.944282595367006650e+00
2.074219674989133289e+00
3.289093555102579280e+00
1.791012318652795532e+00
-6.197302394963229988e-01
3.871610418809015908e+00
1.805025132169264968e+00
1.299536272479995258e+00
1.883706093314622798e+00
3.897466541288741926e+00
5.779438101888962009e+00
5.952074930426607402e-01
2.535541911912551072e-01
-1.178634040234234348e+00
4.255503086931772927e+00
-4.700868032403707097e+00
-2.112421882251572569e+00
1.208898153251672936e-01
-2.281289321886594834e-01
2.465820920758572399e+00
5.098216797336786676e+00
2.099038915595235810e+00
-1.045114317354045497e+01
1.774353513492644252e+00
-2.413926106028087659e+00
-6.861773815646284191e+00
-1.475918260207627064e+00
