9.998731001066315516e-01
2.623631040033765349e-01
9.974332290980913913e-15
1.000000000000000000e+00
0.000000000000000000e+00
1.871765094142241459e-02
9.952637099810834886e-01
7.568319625155792152e-02
9.999999999999991118e-01
1.319181537155355022e-01
9.260021850290659495e-01
5.713295920477544070e-06
9.999999998033108906e-01
2.552821526220885369e-15
9.999570412335329062e-01
2.352532084075715003e-18
3.057628453858458190e-02
9.998013786342700993e-01
9.023855938883035277e-01
1.565565160965930736e-01
2.053302709586167128e-12
9.999998887669024894e-01
6.065867307800552888e-02
9.999997856219060566e-01
9.999983392924017833e-01
9.999969527074378250e-01
9.999999984750358450e-01
5.174465042091023863e-04
2.588554914908276819e-11
6.155596733735434478e-01
