-9.999857456122762667e-01
-5.912993121438330224e-01
-9.546509228374143730e-01
3.576492202331698622e-01
-5.366788816848233612e-01
8.972474537683248208e-01
9.998937179167651790e-01
-9.997926066940647782e-01
-9.980662370882373846e-01
9.999981195002648482e-01
-9.998469094215560737e-01
-9.891577007750100847e-01
-3.369737297803353515e-01
-9.999716596660724877e-01
9.826871661197797980e-01
-9.939336786245649424e-01
9.503329930495136857e-01
8.240894865061896279e-01
-9.959538761016948349e-01
-9.999900641271192159e-01
