-9.999228085840093927e-01
-4.241727069208885426e-01
-9.997892014913295489e-01
-9.782877793251836263e-01
-9.999235041223207832e-01
3.922384064290423411e-01
9.999968383770944103e-01
9.806332502047391264e-01
-9.999306249528276958e-01
9.999999826110621548e-01
-9.999994944389254403e-01
-9.870427610730536649e-01
-4.085692472494734107e-01
-9.746866500257678201e-01
9.908213692679321838e-01
-9.999140216226647393e-01
9.997992621610953812e-01
9.884963623826308332e-01
-9.303655015275644757e-01
-9.988201105574651129e-01
