-3.189039502812436311e+00
-1.595076473348124857e-01
-9.707691711199453177e-01
-2.511032800474370941e+00
-2.143634081490753296e+00
-5.865220202165823959e-01
6.654301876008847039e+00
-1.835467446631904975e+00
-2.106054840170079601e+00
9.822932830705854101e+00
-5.172871822982594736e+00
2.062885911314693566e+00
2.030483828762887466e+00
-3.594140556732577263e+00
2.107743779646664706e+00
9.681769231643390095e-01
5.517011147009935002e+00
2.529832632356072697e+00
2.994028038903379096e-01
-5.087207075787476995e+00
