9.999999999728104161e-01
9.031435796783118253e-01
1.894297164655951993e-01
7.227134625001391255e-01
4.228096086160738620e-01
2.488762821195001848e-02
9.104538220798406023e-01
9.931028696627393071e-01
2.771703526808453125e-03
8.296704231940080776e-01
3.277706650391013312e-04
6.614867734257409149e-01
9.308757036647242744e-01
3.249216427857371577e-03
4.657803199236899561e-01
1.821888463049513296e-01
4.039413839463851241e-02
1.342989670189104875e-06
1.286298827648875171e-03
6.007129045914003443e-03
2.759590245752400767e-03
9.989422436749272327e-01
5.079951355694257709e-01
1.822209105925520767e-01
1.029191891911887674e-01
1.197347498817791407e-03
9.969586226156403885e-01
2.609645990244757185e-01
7.838693750338702193e-01
1.293368359407761486e-02
2.020623914265159053e-08
9.970244034867706828e-01
6.021184359442613432e-03
9.997752896786826771e-01
9.999137000808961950e-01
5.869718511438515307e-01
2.541190716325634647e-05
9.988506203931951655e-01
8.665486617826947402e-01
9.797862191965779344e-01
8.192994743359069965e-01
3.470892479564564870e-02
2.148102776347022517e-03
5.222895338207493229e-04
6.988203398483162632e-01
6.652459706378446511e-03
9.999999438788651496e-01
9.549072706629656571e-01
9.550480596366123232e-01
9.999155185329680062e-01
