-2.466694985886094926e+00
4.643398602559003940e+00
3.901573411490759202e+00
9.801780365231183012e+00
-1.657876074041950143e-01
3.799740242570006199e+00
3.894321155292501668e+00
8.958400542974217728e+00
-8.741464586111442614e+00
7.072366890946705231e-01
3.053632664272422748e+00
1.194694550234142394e+00
-8.467059510725639671e-01
-9.857195947420684945e+00
-1.260870254858798001e-01
7.997989870750296326e+00
2.300465682100280684e+00
5.918325518359237591e+00
-3.581418416977413255e+00
-4.435163972427580426e-02
1.387434386783706231e+00
3.686507842732154039e+00
6.233621080013527660e+00
1.179844391826017080e+01
6.856839877420153329e-01
1.452809979891833692e+00
1.971208671828458492e+00
2.439665484726539990e+00
-9.740234125389433117e+00
5.309873502708564175e-01
-4.569765617556187376e-02
7.961239754978772787e-01
8.624082842950910432e+00
6.207136634784400364e+00
-4.254198293687610821e+00
-5.854670576457690068e+00
1.445362660856722492e+00
-6.368737827835031062e+00
-4.255833178217286461e-01
-2.323456202390693726e+00
