1.240307772707248013e+01
-2.477894442042936074e-01
1.281300964823389066e+00
1.375947103884622713e-02
1.106502870625395207e+00
1.781563024745510093e+00
1.544359722090226583e+01
1.479694066318860912e+00
-7.207848536719282606e+00
5.755081682060716908e+00
-8.566844043096281780e+00
7.764477085405218082e-01
8.904657819803007968e+00
-6.100711627839213946e+00
4.814158775137270752e+00
1.687064414115083455e+00
-1.265159382881819283e+00
-6.061824606559367723e+00
1.599205292558792291e+00
-5.374472819431965753e-01
-1.227908163178087086e+01
7.760119874854308542e+00
-1.145651161047569033e+00
6.570484828476078398e+00
-3.731123049265949732e+00
2.402885290908709504e+00
2.206193752887100068e+00
-6.367547530173722770e+00
9.457080127525161473e+00
7.555744638290651238e-02
-2.261124430928884976e+01
8.551046434732280099e-01
-1.779341869461438463e+00
1.390639817972542858e+01
1.203463762840606632e+00
4.806790540441983062e-01
-5.232155351369537577e+00
5.018898770254812014e+00
-5.570706880669031413e+00
-2.404890943329409669e+00
-2.775741409281294647e+00
-2.267824869933562582e+00
7.727501477098248195e+00
3.662137629508969705e-01
6.417635364017351129e+00
-9.631304893490881369e+00
1.002520196572063682e+01
2.274394255593392700e+00
-2.323170517719024275e+00
7.815776370316738664e+00
