9.999994831183818267e-01
9.912754003206807329e-01
7.405538887002581783e-01
3.708620839507328210e-02
8.876454530593944625e-01
9.979116975666985079e-01
9.999793738600312176e-01
7.553575474111781096e-01
8.791371475158546976e-06
2.554149593015055952e-01
2.945877442334597822e-05
4.129762081913097849e-02
9.988464117320190461e-01
1.590814726863400651e-04
9.932237427992133272e-01
9.987267205731651387e-01
2.170291955852297894e-03
6.720438508620635298e-02
5.556410439126124867e-01
3.862499630817876617e-01
6.207669780542647365e-06
9.998952289651872327e-01
1.917475610133120151e-02
9.999799358437782004e-01
1.920395421928045299e-01
8.017183958340199368e-01
9.912751043377082683e-01
7.015015774025674001e-05
9.997631698636957331e-01
2.523937907450476970e-02
5.027780836082095219e-10
2.854198507889392222e-01
5.243113648456958209e-02
9.999998902498987707e-01
9.396947756334160795e-01
9.979006608971425774e-01
3.716665709422493045e-03
4.467652337112797967e-01
1.667112809826851172e-02
1.366746622289028964e-03
2.153507434440772583e-01
4.288273853548276761e-03
9.988966677254281779e-01
5.116014778699103926e-01
8.508599835931238697e-01
2.308967022334406510e-02
9.981659500722932510e-01
6.286951139145452450e-01
8.494321442503618467e-06
9.999780175453173436e-01
