-9.419983681099324269e-01
9.462702377904378404e-01
-9.997244994078626767e-01
4.544362893288053651e-01
-9.981637591902159379e-01
8.875152033323351342e-01
9.999545576931240243e-01
-9.842707654129342343e-01
-9.999025562456018701e-01
9.999998055734050650e-01
-9.999691996678137240e-01
-9.794715802860313181e-01
-9.986401923648795531e-01
-9.947183989325820708e-01
9.918515697251526486e-01
-9.999219382242698906e-01
9.999322734742767116e-01
9.794749624725844761e-01
-8.809285917206503003e-01
-9.993242038727423449e-01
