9.963054126026666957e-01
4.958825522206962710e-01
9.926027051007788593e-01
7.088204077947372753e-05
1.255350719515422110e-05
9.998978713080849401e-01
2.675976151529573799e-01
3.246470154400077357e-01
1.472917207968300586e-03
9.999866563384952611e-01
5.446747645253118155e-05
7.661644026920240436e-02
9.999960087975904299e-01
5.855982200908129787e-04
9.999198005002141176e-01
8.765836928180608112e-01
1.826773157631096423e-05
1.091975586444615049e-06
9.960961470316137545e-01
8.862982374404876351e-01
4.744247367883948992e-06
9.484791497625755241e-01
2.067950377266320958e-02
9.508055239787176482e-01
7.219048061121499836e-08
1.003891119380035529e-02
8.293840729652766086e-01
2.296904482200487832e-02
9.999797805761077019e-01
8.414288940604688349e-01
5.025902019917161674e-10
1.019758052410532287e-02
8.612397748219913912e-03
9.700850991997908013e-01
4.864345837235942716e-01
1.765082969605442226e-02
4.302217332786427706e-01
7.728087298462988919e-01
3.031795150936799146e-02
1.111218822234804997e-02
5.109183936222976286e-01
9.992884870390513763e-01
1.047942951549280140e-02
3.699284235676996713e-01
5.377633758948451248e-05
5.864012106496973437e-02
9.999650836006469534e-01
2.877847701496202837e-01
2.232957625349476505e-01
9.999971634855611136e-01
