0.000000000000000000e+00
3.909194969431140976e+00
6.069820161249476875e+00
2.132840370017321519e+00
0.000000000000000000e+00
0.000000000000000000e+00
2.350149918204529897e-01
4.680417608543489649e+00
0.000000000000000000e+00
4.391062261524663057e+00
2.255714226329547767e+00
3.768671068505333288e+00
0.000000000000000000e+00
0.000000000000000000e+00
3.050864563324508616e+00
3.219234944529274500e+00
2.583052521764247267e+00
0.000000000000000000e+00
9.945472459373171370e-01
4.333304902314391249e+00
3.084423077462596474e+00
9.402447597333214446e-01
6.778628910257440410e+00
2.326144378963225456e+00
0.000000000000000000e+00
8.013226417669017110e-01
2.624254556334560284e+00
1.073374666066449379e+00
0.000000000000000000e+00
2.808678736035733703e+00
1.303266341288593644e+00
4.770870788215613167e-01
6.260017106849072199e+00
6.841696563619874105e+00
0.000000000000000000e+00
0.000000000000000000e+00
0.000000000000000000e+00
0.000000000000000000e+00
0.000000000000000000e+00
0.000000000000000000e+00
