9.132836528544701071e-01
9.900182667020758220e-01
2.999327245542611324e-22
1.000000000000000000e+00
0.000000000000000000e+00
4.638192927401632581e-02
9.920805333369773216e-01
8.520388484503593762e-01
9.999943097032713002e-01
9.999936588022569905e-01
8.425915397677653518e-01
7.552079427149280266e-02
9.999999994312285256e-01
7.710773155029804022e-11
9.999993634225303740e-01
5.437576147673345449e-11
1.894680171582599493e-02
9.999999873381947291e-01
9.664887123189017659e-01
9.998903543525364812e-01
4.566961752748204761e-10
9.999999678946970283e-01
9.493751407068143910e-01
9.997415250059149550e-01
9.998049516982682183e-01
8.791731541570581010e-01
9.999936636224091568e-01
2.429001863488580715e-01
3.983253203813181577e-03
9.995180931776587174e-01
