4.851523612624016657e+00
3.046824891431737292e+00
-2.196260477158661906e-01
-1.487037787113299458e+01
1.070405699988697279e+00
7.207470179798206367e+00
7.421606110534271217e-01
5.409585038968806714e+00
-1.190933405473628426e+01
2.910343916546317633e+00
-1.336965539846324269e+01
-2.973413035212848499e+00
1.034592761180210374e+01
-3.470216169598395073e+00
1.223600451973244674e+01
1.628212809712565878e+00
6.373146861816281206e-01
-1.385923495500100699e+01
4.538181806017864139e-01
2.200704343801225260e+00
-1.143154860664274608e+01
9.110292333956470756e+00
-3.599727835226517847e+00
1.082107091280974709e+00
-4.936928215484275739e+00
4.075158574314012405e+00
6.824401143901215328e-02
-6.077681864732232597e+00
9.103182474716686734e-02
-3.936995976267231523e+00
-2.435646917924873378e+01
-5.627446442765370094e+00
1.045585924077127693e+00
3.632909830389872141e+00
-1.041022955196271305e+01
-1.134244338539703634e+00
-3.187702485397846175e+00
8.601101855301870880e-02
-4.290010793908627384e-01
-6.522136804791405673e+00
-2.743910115303718200e+00
7.682703089632499704e+00
-8.873255751122964829e-01
2.202284994823887843e+00
-5.558938714875111486e+00
-3.002375265974205121e+00
3.837606199504887350e+00
1.573104241629189159e+00
8.134871329379986804e+00
8.206993945052367678e+00
