0.000000000000000000e+00
3.374011051283747342e+00
3.360602735491756032e+00
1.236027705221919293e+00
6.604054375194903237e+00
0.000000000000000000e+00
0.000000000000000000e+00
6.255982913371560095e+00
0.000000000000000000e+00
7.440186651684687069e-01
9.986543712248098226e-01
4.645367673035179834e+00
1.643523591197116218e+00
0.000000000000000000e+00
3.577383364217318729e+00
5.906776601298498797e+00
5.599278830193029854e+00
0.000000000000000000e+00
1.189398293599350342e+00
3.190502076959215394e+00
0.000000000000000000e+00
8.746553698929353526e-01
2.571075744368139571e+00
3.141806817639174465e+00
0.000000000000000000e+00
1.500755708088724383e+00
0.000000000000000000e+00
4.306141013426489472e+00
0.000000000000000000e+00
3.236220887075756725e+00
0.000000000000000000e+00
1.763711493345082815e+00
2.467008907657702643e+00
3.373820348373500089e+00
2.135434382846611578e-01
0.000000000000000000e+00
1.180764866199676799e+00
0.000000000000000000e+00
0.000000000000000000e+00
0.000000000000000000e+00
