-9.952979760818970734e-01
9.528147006179423992e-03
-9.978194450162318763e-01
-3.039030089415634683e-01
-9.928894696367894790e-01
-9.635141766061365853e-01
9.999941120153867935e-01
-9.917361369029145113e-01
-9.415179894828406004e-01
9.999938498012554966e-01
-9.998457110043410534e-01
5.319987443027401897e-01
-9.424502812537803864e-01
-9.770338028183869206e-01
9.975258606871006961e-01
7.328581457143713562e-01
8.875298554467547785e-01
9.998559255180035077e-01
7.340534855124736247e-02
-9.999999910746391052e-01
