9.999998904131053301e-01
9.750280194359417507e-01
5.785469373843591390e-01
1.593232590093004173e-03
9.967289377899931635e-01
9.999782152150099579e-01
9.703338376157181200e-01
5.524563963361525665e-02
6.203080252438260972e-03
9.999999217393621409e-01
8.698684782144444627e-02
9.852750888982464428e-01
9.999928300506196743e-01
9.998177627306672477e-01
9.969722735860175877e-01
3.823195403712103396e-04
3.142471832707716481e-05
2.147354992871554734e-05
9.999985077969875125e-01
9.901472920664734501e-01
8.912301572125775895e-01
9.976497681463556422e-01
1.571431864306257475e-01
6.989772004652646323e-03
9.714414347018362659e-05
6.937994844822427121e-01
9.997835611949711376e-01
9.977633511910196651e-01
9.997048269760014927e-01
3.564367529009233038e-01
4.781586815468464506e-06
3.541419104438912131e-04
6.114284351175198751e-01
9.985032439957903794e-01
3.869253965956885853e-07
9.998305553339249530e-01
9.040567477807256655e-03
9.999965506651004032e-01
9.999870771094099275e-01
9.999178975674108960e-01
2.236234671912348815e-03
9.993223170507438136e-01
9.197376638360399371e-05
1.847730321387617810e-03
2.940911611216059374e-01
2.597739609286709795e-04
9.987187178605141380e-01
5.270078042376261790e-02
9.999999260682980173e-01
2.767076637578941636e-02
