-5.015452983168569467e+00
5.905956602897517449e+00
7.474985074434021826e+00
4.173134021338698929e+00
3.280554148560443029e+00
2.663712116537443109e+00
-4.168420768468633075e-01
9.950775395487893249e+00
-6.820594606976303709e+00
-9.690864591302817965e-01
2.433861089001520206e+00
4.502791396383149514e-01
-1.783962323858788446e-02
-5.594142377741537331e+00
1.136020773575140197e+00
6.438411554088369293e+00
4.835798999220571659e+00
-3.103283190441084916e+00
5.180567772026677398e-01
-1.003260249527149206e-01
2.040158622506553776e+00
-2.035747194380594483e+00
5.520366230606343905e+00
8.675104007744439016e+00
-4.470827487170878634e+00
-1.122599300220310070e+00
-6.545837556050192241e+00
2.045240497289643411e+00
-7.770807329644195960e+00
-9.085394567367526264e-01
-2.460824083580808175e+00
2.270285094789672442e-01
2.245830192472837439e+00
5.231154249452994343e+00
-3.544131544284305768e-01
-1.760621713133129518e+01
3.779662424388272601e-01
-7.481233619676741498e+00
-7.468867266960670825e+00
-4.391275988363261717e+00
