2.406707900958609918e-03
5.654661647065466056e-06
0.000000000000000000e+00
1.000000000000000000e+00
0.000000000000000000e+00
9.999831066832834958e-01
9.999837593691376370e-01
9.999999997643855831e-01
9.999999999988886668e-01
9.999999999967210673e-01
9.999404880013225139e-01
2.064648683780089733e-10
9.999999321944638142e-01
3.783685827234563805e-10
9.999890868305879588e-01
1.036801051783514383e-20
9.935447183301254759e-01
1.721625030562201342e-01
1.568229593499780808e-09
1.251487173702100575e-03
1.522506829978715982e-16
9.999998409058288296e-01
1.679132534606900208e-04
9.997188879939833406e-01
7.896204469545248239e-02
1.677989255858663639e-03
9.999999928449356812e-01
2.680166392663408525e-07
4.468310565712820602e-09
9.995517711270933692e-01
