-1.163563329354275311e+01
-5.910322100152529678e-01
-8.320551641296423995e+00
4.162122321665815150e+01
-3.410904899336946272e+01
1.242402039600198460e+00
3.257442169413980082e+01
4.854521541112276628e-01
3.158442149098459772e+00
2.240026447703170831e+01
-7.811349280608972379e+00
-4.451139624182279597e+00
-1.401617509859283217e+01
3.516001130982846945e+00
-3.793625226144675455e+00
-4.144863432050721030e+01
8.307097314693601575e+00
-2.339656059067114047e+00
-6.284314320851542846e+00
1.120742530063101583e+01
-3.630493713842560766e+01
2.780452121809986821e+01
-4.769155007479620068e+00
1.063833197942713760e+01
5.054864138572749965e+00
5.899290158140139795e+00
3.395266841923201717e+00
-3.953052482991014749e+00
-2.682159485223742124e+01
4.211553426146161350e+00
