9.999999993269028664e-01
5.517042534961968947e-02
4.679219579175063204e-02
9.642630576860385938e-01
3.416732868006395319e-05
9.999999782062209963e-01
4.797635219426592268e-02
2.539228029349639387e-05
1.477842996779529516e-01
1.996062500995718976e-04
8.372390657027343889e-06
7.005632063026709933e-01
3.629905787136904595e-05
2.982155096195149725e-03
9.998024420144915325e-01
9.466989351839969480e-01
3.791701920698908936e-07
5.925439389987770169e-04
7.203854908888342179e-03
9.999576622465307096e-01
9.614343074445304005e-01
9.997529703220547903e-01
9.996370666888758638e-01
4.506469483769914108e-07
3.769251538506937504e-02
3.394740315710865763e-01
9.344184085554169128e-01
4.368056145134299739e-01
9.844033705629373632e-01
8.360578923954417041e-01
9.991804448328960309e-01
1.424355662976516594e-05
1.084764263347445107e-01
9.876861080724488318e-01
2.383753259876988159e-03
1.822077300909867859e-01
7.669943875274621847e-01
7.942042084824283421e-01
9.534687434516101456e-01
1.605821479091513447e-08
9.999887351828274928e-01
9.987235069872670845e-01
7.075474218717704068e-07
6.099303592206786467e-07
1.707516535871246299e-01
9.361109740480072494e-01
9.991753770681457425e-01
2.497990527990253395e-01
8.454784507056455328e-05
1.109839042673611345e-09
