0.000000000000000000e+00
2.606381612695360062e+00
6.668664068610658191e+00
6.174698192787018591e+00
0.000000000000000000e+00
2.367248939102720495e+00
3.917656530394774794e+00
4.032769472496740448e+00
1.686697759139423047e-01
0.000000000000000000e+00
1.249496547902281929e+00
0.000000000000000000e+00
4.679358739913710430e-01
0.000000000000000000e+00
5.366904116807043934e+00
9.443059850072842210e+00
0.000000000000000000e+00
1.057530388193587578e+00
0.000000000000000000e+00
1.911804837220944853e+00
5.486155848142927560e+00
0.000000000000000000e+00
5.290622278507754572e+00
2.538926558353170826e+00
0.000000000000000000e+00
2.515661454107346096e+00
0.000000000000000000e+00
4.557557045515361338e+00
0.000000000000000000e+00
0.000000000000000000e+00
3.470148773181299440e+00
1.067448990951116894e+00
1.149392174043626369e+01
4.861634876002003836e+00
0.000000000000000000e+00
0.000000000000000000e+00
0.000000000000000000e+00
3.496562794578893740e+00
0.000000000000000000e+00
0.000000000000000000e+00
