-9.204097331953400296e-01
5.626651939026827698e-01
7.607343714289375169e-01
9.896869415418495519e-01
-3.797823622595205006e-01
-6.726583638797507536e-01
9.998876523527600035e-01
-3.665808807234252620e-01
-8.623469536296609617e-01
9.999998342526146278e-01
-9.999503781634779820e-01
-9.933583164475769944e-01
-9.169660855834947943e-01
-9.997079750622839267e-01
9.344961866848435772e-01
-9.145274455558074500e-01
8.686499966498785197e-01
9.811196445394320120e-01
-9.659524223160907974e-01
-9.922697236669640874e-01
