1.949929357988686640e-03
4.845910289363343226e-01
9.589090346633302175e-01
9.996289408498881812e-01
5.846911788533784918e-03
1.375377537961040337e-07
9.992713355724238689e-01
3.379324527875002260e-02
8.172146136392413052e-01
7.574878060005691771e-05
9.999973904500761845e-01
1.061657740546351550e-02
1.816188233274996788e-01
9.950480769744498577e-01
7.487321480691122420e-07
1.516368952988326191e-01
9.999999983513738755e-01
9.999428204989917468e-01
5.943641051280695289e-05
1.340535090248635454e-04
2.874131282158109957e-04
1.019529147514557832e-08
7.977314089490288307e-01
6.177127054804401052e-01
9.997089255539493013e-01
1.317576905755658917e-06
3.297871601129340191e-02
9.800836830235737374e-01
9.707381004353209386e-01
9.644898034260162012e-01
9.981031519059692103e-01
9.999996888128095396e-01
6.943463570245826944e-01
1.321544330085819632e-02
9.999998742029548859e-01
9.432599637839168263e-04
4.418321855940632314e-01
3.999945598502099298e-01
2.133035963885558661e-01
9.999936046671936696e-01
8.348254950762036553e-02
8.212240805282405799e-05
9.999967340612125888e-01
3.427540992036335332e-01
9.100424593158837894e-01
9.916622863880023564e-01
6.645461610503264893e-01
9.997832085547719849e-01
3.643960232764367757e-02
9.999427735178058052e-01
