2.012068780763820897e+01
-6.868527198753543672e+00
-2.593665009158686274e+01
3.024388672532426270e+01
-3.673695248594067664e+01
-3.241719738321310729e+01
1.798490777006873742e+01
9.727109307691101492e+00
3.331256509411474553e+01
6.484934374055753459e+00
1.253405014345268320e+01
-1.569877553559235395e+01
-2.877813147422057405e+00
-1.032029141265173955e+01
-1.020156223279420082e+01
-4.094622121041034291e+01
1.521830496299528157e+01
-9.992068440874130042e-01
2.014676064868291760e+01
4.971894896048380197e+00
-3.786964646430264736e+01
-1.532487462741893403e+01
3.074646357524664708e+01
-1.110687926564103201e+01
4.081120556587899983e+01
2.252686486971882829e+01
2.051994379675528890e+01
-3.193592199370737905e+00
-2.935445870967689075e+01
-7.306414008564407481e-02
