1.903229681684027241e+01
-1.963290420325116248e+00
-3.920244172623289103e+01
3.384083049545446897e+01
-4.951842198691074515e+01
-2.970130525258851861e+01
1.045114318707631540e+01
1.520974298811355752e+01
3.968514498986744599e+01
1.254650205790647988e+01
1.511809995206196966e+01
-2.142607899631946644e+00
-1.099000893140731350e+01
1.060327328082159681e+00
7.781001594703970348e+00
-3.203262229797571337e+01
2.016309141644378400e+01
6.538125645064972735e-01
1.379360101341288747e+01
1.056124095103483285e+01
-3.740399683550226939e+01
-1.352887458592074932e+00
2.613057467653485944e+01
-8.065662783644395262e+00
2.586568783834261609e+01
1.335559924332171100e+01
1.055120288722093491e+01
-1.133455828175352309e+01
-2.839716408422101068e+01
-2.002363183475380559e+00
