3.941168204932362116e-05
9.992410983131179147e-01
8.750316154611332831e-01
9.819271032029748270e-01
8.116639819249715782e-01
4.689692708484453173e-07
9.953397760202173927e-01
4.684551018216825402e-01
7.133604609442513178e-01
3.502345495766001247e-05
9.998503751550813501e-01
1.649349695392460791e-01
9.041049966638557978e-01
9.257623274386106438e-01
5.077077352299318323e-08
9.901087027405292007e-01
9.999998998611239198e-01
9.673119860310611662e-01
2.236792970533292732e-08
1.658780379333198718e-09
2.894796166112843516e-01
3.190560704483159796e-04
6.232619062937452131e-03
9.999472605913274359e-01
9.985908432623098463e-01
2.111233615441522395e-05
5.980220849633552382e-03
1.097844466060341823e-04
2.729375784564163146e-02
5.844109986445663596e-01
1.288611966830395528e-03
9.999999945837172444e-01
2.855303217588401297e-03
1.532205788046637172e-02
9.999999979414559981e-01
1.058833840514077432e-02
7.759298280032125850e-02
1.798737640002689292e-02
7.994207282274944440e-03
9.999814503738320148e-01
1.425097532411361695e-03
1.581284499758607363e-06
9.999999373534295133e-01
9.917344613423663136e-01
9.995593245539918792e-01
5.325334788143784026e-01
7.130135493794328427e-01
9.998568419379385563e-01
6.564283712051604657e-05
9.999774436490965757e-01
