1.234293284248388391e-02
9.999999979690032959e-01
7.637169678823215735e-01
9.999999984419902788e-01
5.878276715466797928e-16
1.851534819590981405e-12
9.999999980225406926e-01
3.899361474906028083e-04
9.999999833499171320e-01
9.999807667671434253e-01
9.999999999900910375e-01
1.249831255148426334e-03
9.997108284394893296e-01
9.828904452613386189e-01
4.006053832715574161e-06
4.823462829075538118e-17
9.999999978645044418e-01
7.473762631517636259e-04
4.576932499076860270e-03
9.998135438112698559e-01
8.674552966544587474e-20
9.999999985237071343e-01
1.000000000000000000e+00
2.137141529708893890e-03
1.000000000000000000e+00
3.361846955434141804e-01
9.999999999948110396e-01
1.981334937344475842e-07
3.487536177249016959e-12
9.993827282567074866e-01
