5.752511631330634121e-04
8.740528776202687311e-01
6.480282990809483890e-01
4.352394371063588591e-02
5.722882168431282501e-01
8.663347168442612540e-06
7.368455955012112035e-01
9.984265171638017078e-01
3.662660260581886151e-02
1.394340279740634118e-02
8.621171985168998297e-01
2.498967420952802332e-01
9.990015296414619383e-01
6.343205598015158042e-01
2.425779914912835900e-01
5.249695265875656824e-01
9.999947095327976765e-01
2.325631085987771990e-02
2.945045722171119595e-01
1.470112534364840986e-04
1.318412979466486791e-06
5.870450118377927851e-01
8.332877258852962538e-04
9.999872566082823599e-01
2.842165667174154087e-01
2.465581570573734203e-03
1.096580063163431901e-02
2.718131638492454519e-05
9.388648915722829225e-01
1.184828810033519524e-02
8.546261464576414394e-12
9.998880016697415662e-01
1.258806246378504000e-06
7.353538709801955564e-01
9.911098241718110380e-01
4.569332782834004125e-02
9.518488361377297480e-01
4.179221674211260756e-02
9.743366631754638019e-03
9.933483780810414832e-01
5.780813953823398660e-02
5.263140801742925701e-02
9.999957403259124300e-01
9.984627507622777509e-01
9.312528019380110766e-01
2.086751889177560215e-01
9.844237993636895112e-01
9.486143150458919981e-01
3.925088347909793107e-01
9.999999872847579185e-01
