0.000000000000000000e+00
3.910360901197391215e+00
7.182698084130672456e+00
2.935227867688211534e-01
0.000000000000000000e+00
2.906147879103325504e+00
6.131076620993562987e-01
7.322574694199829537e+00
0.000000000000000000e+00
6.177959513190044438e-01
3.835161104536349175e+00
4.437195330614818189e+00
1.184846209735484379e+00
0.000000000000000000e+00
4.399756343498029132e+00
2.701873071294418338e+00
3.462527992767379548e+00
1.743697145338654941e+00
0.000000000000000000e+00
4.955084168142311896e-01
2.072157517906870972e+00
0.000000000000000000e+00
6.259376567602604524e+00
5.526338740524817439e+00
1.956244131391620122e+00
4.628451884865270038e-01
2.751800868964711988e+00
0.000000000000000000e+00
0.000000000000000000e+00
2.934786911385909747e+00
4.802674978100367476e+00
2.814899535135702013e+00
4.214460469098744611e+00
4.805687285432001410e+00
0.000000000000000000e+00
0.000000000000000000e+00
2.195413759796315922e+00
3.649007841678219011e-01
0.000000000000000000e+00
0.000000000000000000e+00
