-1.797859174243999547e+01
7.233192940708530472e+00
-3.121463666209332910e+00
2.853008663475509721e+01
-2.353705358113348467e+01
-2.173736696456746387e+01
1.526539003284785778e+01
-8.154371576217682716e+00
1.475749748080504986e+01
3.673100433074254489e+00
1.659064602563542223e+01
6.130677187761614633e+00
2.468576549263649866e+01
-1.891627413627933407e+01
-4.005463765728145553e+00
-2.621748878957357931e+01
-1.437145169815105739e+01
4.376979991362445865e+00
-1.540723522444783633e+01
-6.631159763746476088e+00
-2.004617825061387748e+01
1.099870109308501220e+01
3.452591544305438731e+01
-4.478857604248809743e+00
4.217984385531381264e+01
5.077742469119401747e+00
3.760530979048179745e+01
-1.997683378686979871e+00
-3.811681560985551998e-01
1.569163161252997796e+01
