-9.794922047536953613e-01
-9.939077769073527691e-01
-9.801907250832280205e-01
-9.951973396158706464e-01
-9.923078857792764218e-01
9.238149369164468938e-01
9.999696016743211402e-01
9.990111062650253171e-01
-8.893318645804115796e-01
9.999998316302107781e-01
-9.999811871375803296e-01
5.681462445057983146e-01
6.014684359635448230e-01
-9.678921385100343056e-01
-5.011748287177038019e-01
-9.728034604702064936e-01
9.999999846234978174e-01
9.998571300881750057e-01
-9.993648574102487192e-01
-9.926465231886997254e-01
