-5.570500773075570677e+00
6.840392664841117742e+00
6.294894431829382242e+00
-9.437039896474008316e+00
-4.324206670537085184e-01
-2.054900125926311105e+00
-5.296395265639046723e-01
3.747561966635208019e+00
-6.536283305634158936e+00
1.154919601275807928e+01
1.762679421584129269e+00
1.329201479661922480e+00
1.232893502270458264e+01
3.951517312433082019e+00
1.635180114934476236e+00
-1.745446749743400972e+00
1.997060921446059290e+00
-9.833913782889666777e+00
5.137187743211979019e+00
-9.055195074466245941e+00
-8.569667377932393748e+00
4.047058377976702204e+00
-9.191353986778111107e+00
6.432764226736572333e+00
-9.586152395347255606e+00
-1.054016643625506955e+00
7.514509292796767159e-01
3.384740329460043107e-01
3.447737062507529870e+00
3.340793906249720280e+00
-2.052600613741626745e+01
4.142855675308422247e-01
-5.705473419971374582e+00
2.753057727797908250e+00
1.129661746951977408e+00
3.320602275373180756e+00
1.182502670785217536e+00
-1.048285774531123871e-01
-4.440209151881524541e-02
8.471624857187890711e+00
-9.891394449604884898e+00
5.465547608958571502e+00
1.074978636655526065e+00
6.801131381299214240e+00
-1.679529299365777995e+00
-6.075983411979587245e+00
4.085111770123780239e+00
4.358727149299521209e+00
1.135682457471603435e+01
1.196242184895201888e+01
