3.794122532700092403e-03
9.989314597095488857e-01
9.981576962173488443e-01
7.970967320563130158e-05
3.935484470127162959e-01
1.135581864273473296e-01
3.706009666620737053e-01
9.769678339778665732e-01
1.447768139054812905e-03
9.999903562995269279e-01
8.535449213335337681e-01
7.907085194845191456e-01
9.999955780927244353e-01
9.811371395541800267e-01
8.368780274164876465e-01
1.486224167696609810e-01
8.804881480530416527e-01
5.359968407595222197e-05
9.941601183261548069e-01
1.167691265012953800e-04
1.897397549147781712e-04
9.828263864400335059e-01
1.019063913045736332e-04
9.983945817028817560e-01
6.866842536010647226e-05
2.584545412427318722e-01
6.794947671763134078e-01
5.838197997381625592e-01
9.691635833054150773e-01
9.658020734822753139e-01
1.218060327845669773e-09
6.021150309944142132e-01
3.316664741153129304e-03
9.400858066969750571e-01
7.557764702910884091e-01
9.651288668078498167e-01
7.653974922184139107e-01
4.738168285525456991e-01
4.889013005265123168e-01
9.997907193031155826e-01
5.060576493441721382e-05
9.957877937200827478e-01
7.455425613321375877e-01
9.988887205598551144e-01
1.571578074683979975e-01
2.292119914406163649e-03
9.834570147445368393e-01
9.873669723462650261e-01
9.999883106953194600e-01
9.999936205471751105e-01
