-4.665269111002488422e+00
3.346673676558037158e+00
3.457056879231852342e+00
1.530896002873204376e+00
4.753157794855740192e+00
-4.413150885686375702e+00
-2.178429707505928459e+00
2.764189411783689376e+00
-6.276977131252293951e+00
3.930586225719583382e+00
9.731056326318588967e-01
2.297784499852832951e+00
-2.237274598273491844e+00
-7.626167274322492418e+00
2.526984552756308844e+00
5.931202139412702579e+00
4.578071220858794810e+00
-5.118426578002630567e-01
8.757815354891074211e-02
3.555756488427358697e+00
-1.798767037155055704e+00
1.880488446446335393e+00
3.357286680419609759e+00
7.258706463100631723e+00
-1.285480334672713942e+00
3.688396664385472867e+00
2.161295366292209863e+00
4.370033272419150627e+00
-7.194134459960091377e+00
9.888405413913510245e-01
5.398340086189218345e-01
1.196758637138467751e+00
2.401793341390546566e+00
8.442654262989995217e+00
1.146202627877532354e+00
-8.807447582407046838e+00
1.656182586968263371e+00
-5.529789831592442972e+00
-8.183218531259376149e+00
-1.539457161251130302e+00
