0.000000000000000000e+00
3.510034671151558427e+00
6.001019187899043317e+00
0.000000000000000000e+00
3.354159898642089743e+00
0.000000000000000000e+00
0.000000000000000000e+00
7.229893094987225766e+00
0.000000000000000000e+00
1.957966912328924280e+00
0.000000000000000000e+00
5.329682886065677749e+00
0.000000000000000000e+00
0.000000000000000000e+00
2.716304142208932682e+00
5.026443842162112041e+00
4.868197817992620635e+00
1.872658186577896844e-02
0.000000000000000000e+00
1.646803654952926577e+00
1.654648893074036398e+00
0.000000000000000000e+00
2.756425411826640914e+00
6.043285911750365003e+00
0.000000000000000000e+00
1.232270692389097366e+00
0.000000000000000000e+00
4.145013445979925493e+00
0.000000000000000000e+00
1.889652163875839452e+00
0.000000000000000000e+00
1.773351661976185323e+00
1.120681173369841188e+00
3.992768501520814972e+00
0.000000000000000000e+00
0.000000000000000000e+00
2.429203236647214048e+00
0.000000000000000000e+00
0.000000000000000000e+00
0.000000000000000000e+00
