-9.999659964143529089e-01
-1.242727041371326641e-01
-9.664404078765231887e-01
2.166510710115662763e-02
-9.930325181786497923e-01
8.384867736087332490e-01
9.999720372539369073e-01
-9.861866901308981026e-01
-9.998605465445939977e-01
9.999982110537661839e-01
-9.999123641816326513e-01
-7.386734180044570719e-01
-3.164800156599370529e-01
-9.999357597202621628e-01
9.597319037319068658e-01
-9.991260871220096762e-01
4.864274002781814876e-01
-2.869992619200442130e-01
-9.702592094360146247e-01
-9.996122950349899394e-01
