-9.999880995554810692e-01
-9.232607427012825552e-01
-9.977444644509777527e-01
-6.925286903356405732e-01
-8.717850031315257375e-01
-1.960503920419583712e-01
9.990355494844590512e-01
-9.803196103829817654e-01
-9.937471263770547569e-01
9.999999149135602172e-01
-9.997461102996716420e-01
-7.940328686089062060e-01
6.096504230899507659e-01
-9.988733172716545150e-01
8.072810489830055669e-01
-9.824636897593683749e-01
9.934448177213954789e-01
9.957494611935703288e-01
-9.678089928187491031e-01
-9.999864115379198948e-01
