0.000000000000000000e+00
5.146408445748900107e+00
6.065951960210103522e+00
0.000000000000000000e+00
0.000000000000000000e+00
0.000000000000000000e+00
0.000000000000000000e+00
7.939056616856650095e+00
0.000000000000000000e+00
3.878921632915291795e+00
2.993012551283081191e+00
5.584235432379367481e+00
0.000000000000000000e+00
0.000000000000000000e+00
1.333268643814027321e+00
4.467414773775420400e+00
2.991192543603245380e+00
2.467968802890542879e+00
9.621218506980028229e-01
8.821155343331552601e-01
4.606413306618621917e+00
0.000000000000000000e+00
7.216292840468193859e+00
4.235886750906668219e+00
2.172965756723986175e+00
2.237302249754865358e+00
8.032424956790813475e-01
4.571141599719892312e+00
0.000000000000000000e+00
4.020719749606294080e+00
0.000000000000000000e+00
1.317332445800402763e+00
3.700955808747404596e+00
5.041473306097265628e+00
0.000000000000000000e+00
0.000000000000000000e+00
2.275283857258567188e+00
0.000000000000000000e+00
0.000000000000000000e+00
0.000000000000000000e+00
