9.999252304354958598e-01
1.596551928340460421e-04
1.222142982648759919e-16
1.000000000000000000e+00
0.000000000000000000e+00
9.570950855789702727e-01
9.999889126447687460e-01
9.999999994817230231e-01
9.999999991503376595e-01
9.999999977742057844e-01
1.942159514054658267e-04
2.456615052128821759e-03
9.999999999893565139e-01
1.387598817074459830e-12
9.999999995889994331e-01
7.183974315601916622e-19
4.938903864734002849e-03
9.988334979373322264e-01
4.328709092754373005e-04
9.016269852460927084e-05
2.833858419036647950e-11
9.999968045275674511e-01
2.619008952111632517e-04
9.999999978971196857e-01
9.991458937486931147e-01
3.216176501666445087e-01
9.999999995813122489e-01
5.101502815627547793e-07
2.285983406550782704e-07
9.984726649218091943e-01
