3.068980066719781874e+01
2.927356381143891184e+00
-6.529296898933732995e-01
-1.153035458410169412e+00
-7.937306466178930542e-01
7.464240888619756653e+00
8.362292068344252982e+00
2.912602603259037526e+00
-1.008587507889945201e+01
4.346701509899745020e+00
-1.448706143272443647e+01
6.189186090079802360e-01
6.755922788408587287e+00
-5.209549400477991199e+00
2.355393887025312161e+00
3.092760170714317525e+00
-1.037594646999628978e+01
-1.160680855946730183e+01
4.288264409974788194e+00
1.632761504224205407e+00
-5.956764786191256711e+00
1.541132861072215832e+01
1.128490858261157470e+00
-1.737160765768970494e+00
-6.731011762842432411e+00
-3.470603612873614630e+00
6.990612251541128863e+00
-3.081295210060456036e+00
6.237383874924075755e+00
-3.099516500978405364e+00
-1.567978740685835071e+01
-5.718703966751434109e+00
-2.792618347001304180e+00
1.154568947946815172e+01
5.223364086499059367e-01
4.209428542774853454e+00
-5.869020031031724649e+00
6.389662263363921291e+00
-2.927335311771079418e+00
-9.484003547107125343e+00
-2.083289020666780011e+00
8.877092531797323716e-01
-8.715137959645675281e+00
-1.099691773158699704e+01
2.196224240785590531e+00
-4.659827837749697110e+00
8.212293472551056794e+00
1.480785586628176942e+00
2.331898275691563605e+00
3.700835410072244702e+00
