-1.615665071965193711e+00
4.502394888286359809e+00
8.000810556716695388e+00
1.381286344743691830e+00
2.955952587099833218e-01
2.845581715667075962e+00
-2.428845084888472616e+00
8.816172085202575559e+00
-5.724338726752677076e+00
-5.854295557861869392e-01
2.429848527688402093e+00
4.472497217699443084e+00
1.757541213206640585e+00
-6.267255800426156043e+00
8.654529642788418853e-01
6.934357225162490757e+00
5.549891015725939347e+00
2.709516758525863378e-01
-2.703765834842535742e+00
1.785581463986117390e+00
5.215429461468699124e-01
9.978931708684183333e-01
7.018444385613168635e+00
1.065974801004763606e+01
7.683015519653233483e-01
5.505032982175301903e-01
-1.527731301653942886e+00
-1.839293352808391013e+00
-6.961596192547643724e+00
2.583584925934111709e+00
-9.662019698816989299e-01
8.761997893159412243e-02
5.411172783840954459e+00
1.714130659881511587e+00
-1.556925730496365290e+00
-1.198298120098868225e+01
4.379966462206914990e+00
-8.120468971978900274e-01
-5.380645803751113121e+00
-4.580310457569158444e+00
