9.998393548022463939e-01
4.068033711722363939e-06
5.386789294819260362e-19
1.000000000000000000e+00
5.764549631316169364e-19
1.325556148175643391e-04
9.999428717436358305e-01
9.999999987231340537e-01
9.999999999997357669e-01
9.999981245180391554e-01
9.999656426179458490e-01
1.696973524717126793e-06
9.999999950878701860e-01
2.110412148886765800e-07
9.990477482541673115e-01
4.597056822540460063e-16
2.927381883144964444e-03
9.998486770390205836e-01
8.462843589919979556e-09
2.045462275804559279e-05
2.836892222870872357e-13
9.999995372298223772e-01
6.419111862511919060e-05
9.998754756662641130e-01
5.969232969006592338e-02
9.986416920590341917e-01
9.999999999998785416e-01
1.115896141978163198e-05
2.998344841459237803e-16
6.218474776072128174e-01
