-1.089193380778700204e+00
5.334801206933721396e+00
9.118289220177336674e+00
9.287896841114114954e-01
-3.153767241269716859e+00
1.838010214131345910e+00
-1.436806343700491206e+00
1.037187491373053838e+01
-3.731125807930849803e+00
-1.205230835773766884e+00
5.022743572047727589e-02
3.165647145128894113e+00
-8.087362836254646803e-01
-4.264990082107452452e+00
8.769336601199914094e-01
5.698460338489178767e+00
5.777014290105978667e+00
-5.214542750554205242e-01
-3.470211355571215517e+00
1.150455859708048312e+00
3.384337489778990182e+00
-7.300286902449260040e-01
7.452845236273887508e+00
4.864322378857226070e+00
-2.424868114800580177e+00
2.620600460018952305e+00
4.200742734726523597e-01
2.847609070951060417e-01
-7.140656451296878870e+00
4.007731278816677900e+00
1.062655877026764450e+00
-3.431323088043338743e-01
5.846049392133539691e+00
5.227906267511039040e+00
-3.481875448543162666e+00
-1.014073548315292328e+01
1.513207149925466233e+00
-2.531049675360462548e+00
-3.791458019502562227e+00
-1.243711835511943420e+00
