0.000000000000000000e+00
4.678320911612147803e+00
8.147691756286622677e+00
2.619966336115014283e+00
6.320258174518238459e-01
2.586070843131045294e+00
0.000000000000000000e+00
9.568717332385354268e+00
0.000000000000000000e+00
0.000000000000000000e+00
1.209391257188907609e+00
3.488841445482816717e+00
8.836838108646146717e-01
0.000000000000000000e+00
3.263004763468247971e-01
7.524999615187121904e+00
6.049440527988521055e+00
7.320697411936720744e-01
0.000000000000000000e+00
0.000000000000000000e+00
3.457097691359847680e+00
1.464669756112563670e+00
6.959237479083133948e+00
7.843017821191768491e+00
1.003901536115560322e+00
4.058221574438224621e+00
0.000000000000000000e+00
4.649323400856245625e-01
0.000000000000000000e+00
2.151076327340537553e+00
7.889171606779098456e-01
0.000000000000000000e+00
6.228763976396781921e+00
4.344576384640173039e+00
0.000000000000000000e+00
0.000000000000000000e+00
1.485213912152370419e+00
0.000000000000000000e+00
0.000000000000000000e+00
0.000000000000000000e+00
