-3.274805914155583420e+00
-3.092511460629302267e+00
-4.675347644632948629e+01
5.216987215171071313e+01
-6.271791372126028108e+01
-1.115553365441332723e+01
1.617732137953294469e+01
1.747319888630163476e+01
3.352606262608449583e+01
1.406877817881159132e+01
6.169650935988521212e+00
-9.377289978409461213e+00
2.159746004465385028e+01
-2.867289179817514011e+01
1.547132479487758339e+01
-3.407912630289509082e+01
-1.131017916746458774e+01
1.276853597344057079e+01
-1.162475836020096764e+01
-1.519480538641573197e+01
-2.468791809732645959e+01
8.396370867359323142e+00
-1.371912583638998306e+01
5.137086850729780885e+00
2.375605906291465175e+00
1.039922843735813984e+01
2.067464857515978949e+01
-3.455988183753271770e+00
-2.532497736437773739e+01
1.775771234721275904e-01
