-2.676502476186382040e+00
4.378753439147540227e+00
5.426006806381304060e+00
1.871425957921192040e+00
-3.862163047646360314e-01
2.324123225567017226e+00
-8.729849748692417588e-01
5.377800930708878546e+00
-6.202773097813925496e+00
4.452051610263670911e-01
-4.519252083741243098e-02
3.280482449942250689e+00
1.731235436180289966e+00
-6.289178414559401631e+00
4.776934151350157087e+00
4.294923465121923023e+00
4.468632922363257265e+00
-2.655743677802941072e+00
2.544950086927710853e+00
3.400166684252909910e+00
8.023103496405386004e-01
2.530647005294425433e+00
3.794819904778699904e+00
6.227397679099422767e+00
5.849462313002438130e-01
-1.024804602456832914e+00
-1.243928085093249702e+00
6.826449807975955020e-01
-5.483799795681338018e+00
2.225841220270661669e+00
1.006779166750142007e+00
-3.502226721241097351e-02
5.499473928163379988e+00
5.101954194279152865e+00
-2.134626987050091351e+00
-1.007666451946811037e+01
4.641045961376670803e-01
1.659349603168768228e+00
-7.481489844160789993e+00
-8.584892340743387251e+00
