9.999995004919367547e-01
8.080948871010239509e-01
8.455326122694678537e-01
1.088188867555212399e-04
1.569488998579162244e-04
9.999937278798195495e-01
9.914563652115117032e-01
6.666704098335820561e-01
1.616186520482979340e-04
9.996249167479402953e-01
1.325957092016886643e-07
2.747822794024360957e-02
9.999962837541389593e-01
1.476474609334114951e-01
9.999520280793100513e-01
6.523997494127510288e-01
3.180202495285506332e-06
7.883159228894712689e-05
9.999467600985868510e-01
9.983277113557318394e-01
1.518616031532163758e-05
9.999524083830534371e-01
9.130796085575140220e-01
6.126570010403367128e-01
9.717548340467114205e-08
3.523472698032620309e-01
9.955549644221493022e-01
1.204080056717157649e-01
9.997379574339987363e-01
2.589220820612408991e-01
1.323747857784350908e-07
4.868701572822280513e-03
6.029049877466448049e-01
9.905515531924141692e-01
2.250354189350400088e-04
5.390173338014069004e-02
3.798947416359831075e-02
9.992297464578940858e-01
7.313827337243708482e-02
5.012101278396301245e-05
3.774462194151002176e-02
9.805252232787284861e-01
3.839305234677721046e-04
2.836675347425282427e-03
1.801069804348641445e-01
6.107561409633111352e-03
9.999987397007951140e-01
1.453660591470301057e-02
9.862204027127147166e-01
9.318994375421285614e-01
