1.695567128834868242e+01
5.450692700551239334e+00
2.126084036588169024e+00
-9.294044233553607981e+00
-1.950670613169828371e+00
1.041243180123928447e+01
-2.796190648355345587e-01
3.345594216027494294e+00
-9.564934852755410333e+00
1.163075995069186597e+01
-1.063103369808627896e+01
-2.564356188834988171e+00
1.052982838428291679e+01
-7.753179860435619020e+00
1.045214968468789607e+01
4.522099241557905103e+00
-1.566528253592329989e+01
-1.463061999118931134e+01
8.292215782097697385e+00
-1.796029227972193443e+00
-3.245101115568683969e+00
1.583783544265686594e+01
-6.457746898220217968e-01
-4.495120494536313238e+00
-8.623373476830751727e+00
5.013455537044332333e-01
1.013112081866704806e+01
-7.704243572672304641e-01
4.780801050310787836e+00
-2.163841464063524622e+00
-2.847837697407345914e+01
-8.889178070993178693e+00
-3.772707013455628644e+00
1.161807965601056836e+01
-6.482041510438831367e+00
5.078665763947419975e+00
-9.522304606100732371e+00
7.051460149024308066e+00
1.971381881798977220e+00
-6.521633941854562799e+00
-2.694562432483297520e+00
9.040963817813743475e+00
-6.916588588542567528e+00
-3.253206276066674008e+00
-8.074048306841186573e+00
-3.162778341449587138e+00
8.874975199798978309e+00
2.275326172785248069e+00
3.830141093110595030e+00
4.916535884180298410e+00
