9.999999985647016754e-01
9.447260351218355057e-01
7.914461338525176082e-01
7.921417026741669305e-05
3.349083740972949585e-02
9.999923873886920056e-01
8.244565133943494439e-01
7.615454262318583911e-01
3.314269959620517439e-05
9.998682243366383560e-01
7.045019060472410598e-07
1.206902065479389941e-02
9.987395689785333319e-01
5.817741349401546191e-01
9.999813672608450776e-01
7.602501959361456230e-01
7.501570068520083210e-05
1.413737443920171219e-07
8.818671192467997244e-01
9.603276509613554168e-01
3.220540098263756108e-03
9.994479103247123630e-01
1.728308090199063077e-02
4.229333448945158010e-03
3.000886904020544729e-05
1.795253784044679446e-01
9.999586341730367645e-01
3.986607290184769337e-01
9.997302604957765126e-01
9.751924883959417478e-01
1.206707469462611188e-06
1.703122093191400901e-06
7.084636253842092890e-02
9.991933022846586354e-01
6.584881880831601475e-02
5.453911131202869855e-01
1.138299863348700945e-02
9.980637674150003580e-01
9.688784559154126619e-01
3.411500995842597006e-04
4.745504928842461667e-01
9.994398477429959904e-01
3.658466537147521641e-05
1.844958671351534969e-03
8.987762735888571376e-05
2.026555858006287569e-02
9.888127004407081255e-01
5.509713743771482708e-01
9.999963543038468128e-01
9.908888603358759761e-01
