0.000000000000000000e+00
5.263794807665635567e+00
7.779672166318912119e+00
2.224744054383490877e+00
2.242479408111861083e+00
7.424225303255762576e-01
0.000000000000000000e+00
9.581333673265602258e+00
0.000000000000000000e+00
0.000000000000000000e+00
3.301046053535658498e+00
2.021359943047252639e+00
1.970932097722738696e+00
0.000000000000000000e+00
3.626925012336617016e+00
6.192344141128363511e+00
5.697372732444660137e+00
0.000000000000000000e+00
0.000000000000000000e+00
0.000000000000000000e+00
8.412604581556855088e-01
2.014665343508302842e-01
4.084270126255418631e+00
8.121319132633173510e+00
0.000000000000000000e+00
0.000000000000000000e+00
0.000000000000000000e+00
1.077068346782541930e+00
0.000000000000000000e+00
2.024504893660177718e+00
3.636457954380761803e-01
6.932857706698105638e-01
4.517255761137160874e+00
3.410823650555795616e+00
0.000000000000000000e+00
0.000000000000000000e+00
2.376115420852003446e+00
0.000000000000000000e+00
0.000000000000000000e+00
0.000000000000000000e+00
