1.499955012517567532e+01
-1.179726988007969979e+01
-5.513413861966498075e+01
4.972340568043269826e+01
-5.465937428523212560e+01
-2.884591147866567340e+00
4.619467040968014970e+00
2.280400429119667294e+01
2.308498607874895470e+01
1.155079583212572558e+01
-1.092204783868355733e+00
-1.004516799194963994e+01
1.278598194377688202e+01
-2.164805238164849754e+01
9.548850157586105780e+00
-3.775288282420478936e+01
5.641905629057528238e+00
3.265634782644139200e+00
-5.080769056462749234e+00
-4.066705275239288042e+00
-3.182310957773724169e+01
1.150248916233696228e+01
-1.499959514186161513e+01
1.336723708665298282e+01
-3.716711265033266542e+00
5.259982329521411870e+00
1.258037229737001894e+01
-1.394562183528663546e+01
-2.737449929433349283e+01
3.018438925809692641e+00
