0.000000000000000000e+00
5.025566218814318198e+00
7.834415601219103742e+00
2.253892107570897307e-01
0.000000000000000000e+00
1.305212100185928481e+00
0.000000000000000000e+00
1.000767120930314924e+01
0.000000000000000000e+00
9.886878314546069246e-01
1.476541876234324757e+00
3.004795861488852360e+00
2.523767197382606575e+00
0.000000000000000000e+00
2.157786249092529474e+00
5.529154885131671193e+00
5.932989337985892675e+00
0.000000000000000000e+00
0.000000000000000000e+00
0.000000000000000000e+00
1.952424633618632388e-01
2.673922702358259018e-01
5.534025861124243661e+00
6.083827881298628171e+00
1.070059616243910217e+00
2.021689320998433459e+00
1.030477684709920627e+00
5.769685696329392988e-01
0.000000000000000000e+00
6.891654583098878462e-01
2.012374018274859289e+00
2.225598887044276886e+00
2.546522843597194719e+00
5.433536568868066574e+00
0.000000000000000000e+00
0.000000000000000000e+00
2.882714788817988705e+00
0.000000000000000000e+00
0.000000000000000000e+00
1.173705318892328986e+00
