-2.415269441316697296e+00
5.889481200820560147e+00
6.777387510486594380e+00
2.009300272218245365e+00
-2.005910047069713542e+00
1.615720029668879620e+00
-4.515295916639847640e+00
9.875684485305518123e+00
-4.327521039187094409e+00
7.128609132787325775e-01
2.077236613813670640e+00
2.532731075264756271e+00
3.572197062594990147e+00
-8.514475856885720617e+00
8.897862153664467533e-01
6.802322577386261671e+00
5.397976661704513290e+00
-2.735267767159125896e+00
-1.562236643723717844e+00
4.444002359577721162e-01
5.070402355475778222e-01
-1.586310316847032276e+00
4.913470820751946633e+00
6.756776004669688085e+00
6.269123754757461864e-01
6.997300690155325853e-01
-1.285284427299460575e+00
3.492084697314845609e-02
-8.401180918973134126e+00
-8.561758637124043947e-01
4.251491424242264117e+00
4.827069798261232059e-01
1.256680787149516254e+00
4.961797702387880094e+00
-1.451534290152651785e+00
-1.303580474188855121e+01
3.058388796809510701e+00
-2.604512517021130846e-01
-5.139306094511804979e+00
1.560915102236694718e+00
