9.999973940940170003e-01
6.206809867029695199e-05
1.338296973110254528e-12
1.000000000000000000e+00
8.418293920356101455e-18
1.295290185837032551e-03
9.986554124369145802e-01
9.999944554904646177e-01
9.999999999994846345e-01
9.999937475648230656e-01
9.998110008610670008e-01
6.928234493062593868e-01
9.999999999950401897e-01
6.397777699686071824e-11
9.999999839647792932e-01
5.919700068752921031e-14
2.494303251569407763e-06
9.998743107106851102e-01
5.870568363184589916e-08
1.617710531394068627e-04
1.408441287595182337e-11
9.999573654092900332e-01
9.064489513001133814e-01
9.999961472508538396e-01
9.256949802925180659e-01
9.920669408510832676e-01
9.999998392400210045e-01
1.792352147327227682e-02
1.978227752059514091e-09
1.352471659789085123e-01
