1.221771639826941858e+01
-6.399313359270571766e+00
-1.358014646871103892e+01
3.644389352078491129e+01
-3.496441107150035066e+01
-6.185215651967947537e+00
3.852615225041535751e+00
3.962503145261095927e+00
3.349917711657177932e+01
-2.290567629128015259e-01
1.882130229022206080e+01
8.283919738737129279e+00
2.469977418300910443e+01
-1.213573036467821886e+01
1.372872169292737432e+01
-2.492005504752956213e+01
-1.893061821623609120e+01
2.522408685062245137e+00
-2.496920734537365405e+01
-7.168803711636360099e+00
-2.774475286531779261e+01
8.402573651329321436e+00
1.420380433477023097e+01
1.227578626361887615e+01
6.648456929437315921e+00
9.440127395289006351e-01
1.903772642012131300e+01
-5.947196871753083869e+00
-3.156229189606562713e+01
-1.204739849415500075e+01
