2.953843080452354641e+01
5.286484458728825331e+00
3.392983974009878612e+00
-3.640154834804251838e+00
-1.977903285786277054e+00
1.055057125104286619e+01
5.376146778618171140e+00
-1.201409653412646161e+00
-1.001094333125478286e+01
7.327889682523591297e+00
-1.247743894304813317e+01
1.149502713126079279e+01
2.680066508577249706e+00
-4.297292684446293975e+00
-1.533711725435702888e+00
-7.680111954698620735e-02
-1.248055451794946258e+01
-1.491521395299891850e+01
-7.324850230285238517e+00
-4.997917335571742115e+00
-2.888145158454506589e+00
1.576797971075291649e+01
6.383550216236868025e+00
-6.555776398784744607e+00
-1.927144973328857924e+00
-5.905211057065350433e-01
2.548501151439872547e-01
-5.650817092451069001e+00
4.626324861062532712e+00
-7.516471608062390786e+00
-1.440369258610629366e+01
-1.940991809460042461e+00
-2.453838511126418709e+00
6.267812594346435340e+00
-4.594217378680547803e+00
-7.061276279578563297e-01
2.744838357479515878e+00
-2.962857403554959745e+00
-1.893131664484939414e+00
-4.526743350771988084e+00
-2.108079186232453939e+00
3.131091938264206398e+00
-5.364631914327222084e+00
-5.673683609580316478e+00
3.897429620703727782e+00
-6.542534488881877053e+00
1.025813109887089070e+01
1.065547980741038181e+01
1.516359224085740642e+00
-2.590922743083836632e+00
