-4.987432050692609309e+00
1.165096493556871948e-02
-2.347710905726395403e+00
-3.425531626236610894e+00
-2.197842569258710466e+00
-8.925710389069910766e-01
6.147484106798901671e+00
-2.232134810917969503e+00
-2.981710312307852107e+00
4.403232397085622196e+00
-5.410543411759649146e+00
2.078984221797098852e-01
-5.312818796897482709e-01
-2.756686870962998803e+00
1.373073440014446867e+00
7.099732927318364029e-01
2.940245677952526560e+00
1.555896097058643957e+00
1.863751719552517727e+00
-6.915891690108817436e+00
