1.719080815313377196e-04
1.091357906172821506e-03
2.635885583073906789e-16
1.000000000000000000e+00
1.880801247433476680e-18
9.891033669658373384e-01
9.995231126807040400e-01
9.999993595599239171e-01
9.999999991110464226e-01
9.999984751701568308e-01
9.998423765846605749e-01
5.650457782171280334e-07
9.998218706104127218e-01
2.635923007162037101e-10
6.416211366039021868e-01
1.139025635333858086e-19
9.360388310647124177e-01
1.104532113969386962e-03
2.286202333799975388e-11
2.463917558234420547e-05
6.205722355751875123e-16
9.999725156276975113e-01
3.115320897638836906e-01
5.915146639449578858e-01
9.999804992569868434e-01
2.823043371960461036e-03
9.999999999992470467e-01
7.246469137048399625e-06
2.274643371217306890e-10
9.999981515503346685e-01
