9.999898737126370341e-01
9.691050257744133439e-15
9.958854667148317446e-11
9.999999999999988898e-01
3.322705385455669411e-10
8.414893598695208268e-05
9.987019122422593487e-01
1.000000000000000000e+00
9.999999999999991118e-01
9.999999999206126144e-01
8.791254361720040045e-01
3.257881071793052854e-04
9.999941834651011607e-01
1.559977878290532977e-13
2.291713014680366728e-02
7.154102900199352562e-07
2.089871282153310354e-03
7.153928834612117704e-01
1.087042112057180678e-03
7.937104988651616511e-01
8.223851860741160578e-12
7.606916545613512686e-07
1.895334264505201538e-01
9.910964408971557615e-01
3.281297384958894564e-05
9.999999999955073715e-01
8.204379755385011741e-01
1.944384673430634980e-01
2.561516603138064350e-04
1.492407903630803089e-05
