-2.626313288486536113e+00
-1.277777101874488341e+00
-2.771840232478790078e+00
3.647932459470769828e+00
-3.335505754876121998e+00
1.067824580049038019e+00
8.830147276528877986e-01
-4.155585182735025640e+00
-3.752457535019460444e+00
2.267252024381319231e+00
-5.674106051215823676e+00
-1.782062626198062993e+00
-1.304924069452189750e+00
-2.300131423379483397e+00
7.154052191109048220e-01
-6.715059104084741826e+00
1.075177683164573850e+00
-2.609018831002112293e-01
-2.656722725370359584e+00
-6.070383652586950340e+00
