-3.543983687511297109e+00
-5.015211291314577657e+00
1.093974801414864029e+00
-6.768778514216748476e+00
-1.038696296307843658e+00
1.870775880277065895e+01
-3.090761612543984072e+00
-2.931115435572290373e+00
-3.948396034517450026e+00
3.143397112307648733e+00
-7.441740623453915404e+00
-1.425395787079021481e+00
4.532618942427725450e+00
1.002819004834822447e+00
6.725614106518703394e+00
-4.523273543821213494e+00
-9.961761827975838202e+00
9.278966802075872877e+00
1.283896808461428485e+01
1.107368793964810116e+01
9.526773231893550076e+00
2.168423189664105966e+00
-1.164081154984423883e+00
-7.734211951654749839e+00
-5.711460609478336004e-02
4.661613789567399024e+00
-4.344704980992176502e+00
5.965476328922320270e+00
1.353589001162124328e+00
1.000082582049870261e+01
1.382572990687594050e+01
-6.284951474938338833e+00
1.035343092672368392e+01
-5.489534636567127812e+00
-8.678248568560192666e+00
1.052613295638515822e+01
2.034856627311947719e+00
-6.922465453432531390e-01
-3.427117955511774561e+00
-1.487533481351380971e+01
7.670025702898095155e+00
3.443566401972418145e+00
-8.250027845598479459e+00
-2.307898049052515610e+00
-7.225547055313422007e+00
1.113712470221108219e+01
-1.760401828346020547e+00
-2.676093412400170735e+00
-5.028179361400881398e+00
-2.799357484160430065e+00
