-6.278999384507541137e+00
7.142102485263810419e-01
-3.517967650493768250e+00
-9.806797073121170660e-01
-1.304940696708717818e+00
7.454136922324535952e+00
-6.764306734831381895e+00
-4.671343678403165001e+00
5.036034609155580988e+00
-8.655550529226687217e+00
-1.009644842656161723e+00
2.607677711880874938e+00
-6.405457350102519598e+00
1.129062036016050996e+01
-4.155236864696708388e+00
3.239033561681337936e+00
-3.308973935120112841e+00
8.003341531312420543e+00
2.236971473842630509e+00
5.567094043715686169e+00
7.614996687605539272e+00
4.384561356025052925e-01
1.142544282338800521e+01
-5.408966911259100563e+00
3.202326119751963240e+00
1.222750515838522123e+00
-8.166081817524803554e+00
5.315891587451524458e+00
-7.314707547162694112e+00
4.577351322465847971e+00
1.985917324623240177e+01
-8.924595759585608468e-01
4.415410181677896340e+00
-7.297980450094513571e+00
-8.937355103112874843e+00
-5.582156477686717189e-01
6.503001477801619856e+00
-5.270514087819718974e+00
2.842650595619297782e+00
-6.076968862418921979e+00
5.676905979614415898e+00
1.912075041627349314e+00
-9.105731097301111632e+00
-2.458089466678689661e+00
-5.645972112655609720e+00
1.244958957946944622e+01
-8.069244306953605061e+00
1.544340151637553893e+00
4.287350414671189824e+00
-1.861470606184559884e+01
