1.781991229136126842e+00
2.206549092921196831e+00
5.396487935190720009e+00
5.646334845512495093e+00
3.696929941738190895e+00
0.000000000000000000e+00
0.000000000000000000e+00
1.042276122203070976e+00
5.202273452054644309e+00
0.000000000000000000e+00
1.615426455171064202e+00
0.000000000000000000e+00
4.332612411084437731e-01
0.000000000000000000e+00
0.000000000000000000e+00
6.736809293457832304e+00
0.000000000000000000e+00
0.000000000000000000e+00
0.000000000000000000e+00
4.573720705769156680e+00
0.000000000000000000e+00
1.424480569962176535e+00
0.000000000000000000e+00
0.000000000000000000e+00
0.000000000000000000e+00
0.000000000000000000e+00
0.000000000000000000e+00
1.214129088427723602e+00
0.000000000000000000e+00
2.358946812388309056e+00
6.247459294507472505e-01
6.986709335643599417e+00
2.593299030151727358e+00
5.819116968717319871e+00
7.566752717369963355e-01
0.000000000000000000e+00
4.804530785769441925e-01
1.807638269258866615e-01
0.000000000000000000e+00
0.000000000000000000e+00
