1.135670361354303506e-02
2.426378165363836381e-01
6.568737426017896147e-03
9.973420381089111997e-01
4.762437138461396713e-01
9.552911428371951841e-01
1.285107768985224719e-02
1.825136994046313568e-03
9.967120366140547194e-01
2.888778031686411163e-06
9.995978801596080432e-01
5.375483415217034017e-02
3.013317101937976021e-05
9.998769580085357100e-01
5.917026002955521058e-01
1.025109625385656415e-03
5.533913605216775888e-01
9.957837125617075014e-01
4.584260239909316095e-03
9.937695147632893411e-01
9.999912462599723773e-01
3.388518969443302087e-04
9.250968440413225302e-01
8.429937851903628875e-06
9.999995315785747962e-01
8.617186788047385970e-02
9.080989918943466188e-01
9.966301989611141554e-01
7.454917176181186100e-04
9.985020003622198104e-01
9.999999999974471532e-01
9.585760733144528256e-01
9.988359861609484858e-01
9.108388806358770629e-02
9.878269809911799371e-01
9.996762741506236560e-01
9.452522337018556819e-02
8.745509467103138590e-01
9.951905316970951487e-01
8.988157700415428941e-01
9.313255792414388834e-01
1.413103347916884293e-02
1.208514239390592578e-03
3.423962402417021159e-03
8.362418065771455578e-02
9.999968588618330934e-01
3.663698580277414290e-04
6.759947047467798620e-02
4.232277925946425004e-03
2.553471693950398313e-04
