4.545370832393145655e+00
0.000000000000000000e+00
1.830836324077045330e+00
7.487452022628485970e+00
5.085621790782139939e+00
1.640782170931645467e+00
0.000000000000000000e+00
3.569553682675050688e-01
5.440724854524353837e+00
0.000000000000000000e+00
1.437177131402202601e+00
0.000000000000000000e+00
0.000000000000000000e+00
0.000000000000000000e+00
0.000000000000000000e+00
5.817116053183918112e+00
0.000000000000000000e+00
0.000000000000000000e+00
0.000000000000000000e+00
3.371122226091403995e+00
0.000000000000000000e+00
3.977193584049816710e+00
5.379017546732347554e+00
0.000000000000000000e+00
0.000000000000000000e+00
0.000000000000000000e+00
0.000000000000000000e+00
0.000000000000000000e+00
0.000000000000000000e+00
1.970500463220426379e+00
2.319086350791368378e+00
8.019953426717323808e+00
4.013931108283721905e+00
5.875742979755281148e+00
3.125935680779438730e+00
0.000000000000000000e+00
2.224987617922889349e+00
0.000000000000000000e+00
0.000000000000000000e+00
0.000000000000000000e+00
