3.954780085547734636e+00
0.000000000000000000e+00
3.188445008337413178e+00
7.212343138645043616e+00
7.051657752753977881e+00
1.845276889785514962e+00
0.000000000000000000e+00
3.756125009451239727e+00
1.828769485410175477e+00
0.000000000000000000e+00
0.000000000000000000e+00
0.000000000000000000e+00
0.000000000000000000e+00
0.000000000000000000e+00
0.000000000000000000e+00
8.888251503287492028e+00
0.000000000000000000e+00
0.000000000000000000e+00
0.000000000000000000e+00
3.328101381197562603e+00
1.976419607251771016e+00
3.388719470866722094e+00
7.123330306289087588e+00
0.000000000000000000e+00
0.000000000000000000e+00
3.564242803920127045e+00
0.000000000000000000e+00
0.000000000000000000e+00
0.000000000000000000e+00
0.000000000000000000e+00
0.000000000000000000e+00
4.991116813699097321e+00
4.983764904415194152e+00
6.554122459046740623e+00
6.679262541658482766e-01
0.000000000000000000e+00
2.345424936137129990e+00
2.705974687238497101e+00
0.000000000000000000e+00
0.000000000000000000e+00
