3.736738947912671804e+00
-3.159443913763099410e+00
2.160179231542445066e+00
8.421920780802548023e+00
5.848721014130203066e+00
9.548894261425433516e-01
-2.469868561160043718e+00
3.751808680611880220e+00
1.967281745522903247e+00
-5.843536661293629031e+00
2.891238264698027249e-01
-4.539697574615122910e+00
-4.008374779936620058e+00
-4.856582759179412179e+00
-6.293444471523420347e+00
9.085805457726028322e+00
-7.157994784823797474e+00
-2.670577776197671227e+00
-7.107093194508399492e+00
4.090973146119250892e+00
1.313277385081460524e-01
4.227116449871301640e+00
6.774430869381966147e+00
-2.307783936313918094e+00
-1.918885415260355609e+00
1.845303054632219775e+00
-2.210218650714232069e+00
-1.550543256172896900e+00
-6.130366099181581152e-01
-1.767622958054591242e+00
-1.771645135500962809e+00
4.377637259938740755e+00
4.740739104596579878e+00
7.216528244583766849e+00
1.829016930241584848e+00
-1.370642029141681650e+00
2.010694698363404420e+00
2.330500388327230166e+00
-9.138613226704375592e+00
-3.183753251052618971e+00
