-5.129206027615858865e+00
-3.049375809747972177e+00
-5.757803008947876000e-01
1.157266387753755232e+01
3.067908056101702918e+00
-4.347045950643544820e+00
4.999825192912889626e+00
-3.411225993042977134e+00
6.310146770410723249e+00
-1.705856990482816116e+01
6.093891184695340968e+00
-1.724381957232704821e+00
-8.306743005503088639e+00
1.505154038518365933e+00
-9.764371246166581031e+00
3.092597543695973172e+00
7.889741051487927592e+00
1.579262837535909902e+01
-9.489919071079965462e+00
3.222210779105710188e+00
3.424350209342827078e+00
-1.526927231340491886e+01
2.834615441453260498e+00
-3.340344349241496147e+00
1.312114062383973945e+01
2.006843039694580888e+00
-7.990453614704922991e+00
1.117143234893269721e+00
-3.196163267015785792e+00
4.499920847734179219e+00
2.503360333231025692e+01
8.761892287857213191e+00
4.348321101294602364e+00
-6.222922127487285238e+00
2.943462100186423847e+00
1.670640668330148682e+00
3.575665913167819898e+00
-1.213097558244796037e+00
-3.314216864640788351e+00
2.323326018221834932e+00
5.705097956256639513e+00
-9.475500571111695081e+00
1.135519505287130748e+01
-2.782644237928037612e+00
4.163149673225115421e+00
1.342959661718569109e+01
-8.326283600485401948e+00
5.979895665187553888e+00
-1.108287289731162595e+01
-3.423320173422671697e+00
