-9.996039025798570954e-01
9.632840659100128100e-01
-3.274868784305161595e-01
-5.683016019070211700e-01
9.196638723054051390e-01
-7.450453079720077421e-01
9.991277004770680037e-01
9.822259941101924019e-01
-9.993855663499883191e-01
9.999999991249821640e-01
-9.999853585043471105e-01
-7.948821680644551080e-01
1.191261185029185293e-01
-9.971615652122046702e-01
9.541415826488112151e-01
-9.999706202955853662e-01
9.992109381566118831e-01
6.718156619332996682e-01
-7.217860710390915369e-01
4.056197379231977762e-01
