-1.309419488452650882e+01
-7.750045188166465593e+00
-1.193414868792885741e+01
3.411754272816465061e+01
-3.270251164077720318e+01
-9.148411785248343975e+00
2.589359759129949623e+01
1.877314799180042471e+01
3.580879026155762546e+01
1.394692738006748023e+01
1.711113316512846794e+01
-3.000953827268802954e+01
-5.499982819942152545e+00
-4.766283950083193055e+00
-1.395359706187369753e+01
-5.156055058034231564e+01
1.466021961415156127e+01
-1.697063023243770985e+01
-4.438238871600313828e+00
-1.418084716018354285e+01
-4.423264891659147224e+01
-1.295351428391058946e+01
9.504820426803632927e+00
-8.170241619708177083e+00
2.584251549037563933e+01
1.554725769558590898e+01
1.017323938964895724e+01
-5.835726080767868140e+00
-2.573547745407558907e+01
8.602214914074188812e+00
