9.754849788521851028e-01
0.000000000000000000e+00
0.000000000000000000e+00
1.097883167263106330e+01
8.101394942393472576e+00
3.812996559574131528e+00
0.000000000000000000e+00
1.320761545856846464e+00
2.504229060709062260e+00
0.000000000000000000e+00
4.828847682326565582e+00
0.000000000000000000e+00
0.000000000000000000e+00
0.000000000000000000e+00
0.000000000000000000e+00
8.761192311581451619e+00
0.000000000000000000e+00
3.839126384971590089e-01
0.000000000000000000e+00
2.597155591303065059e+00
0.000000000000000000e+00
5.677859649733958847e+00
1.945109024145674770e-01
4.960361418430583313e-01
0.000000000000000000e+00
1.911173596855407553e+00
0.000000000000000000e+00
6.496082102649730627e-01
4.490921703870236481e-01
0.000000000000000000e+00
1.170018334975605923e+00
6.060501611975734448e+00
3.061894582870049675e+00
6.611547912038544972e+00
0.000000000000000000e+00
0.000000000000000000e+00
1.241254033897678077e+00
0.000000000000000000e+00
0.000000000000000000e+00
0.000000000000000000e+00
