4.971055721858747500e-08
8.575896488136800500e-01
4.275659068315143529e-01
9.037138535728388433e-01
9.607984316067935682e-02
2.721900750592774754e-03
2.562263644731444523e-01
1.119242438878317479e-03
9.998203345194477398e-01
4.376383046942448087e-07
9.999727000711855496e-01
9.420907967700964392e-02
4.440298234832340497e-04
9.493161147941310274e-01
2.342878329329536359e-04
1.224781129170182670e-03
9.998449479309470256e-01
9.999948847603951085e-01
1.027843800721129834e-05
1.158726355468203129e-01
9.739897461293800518e-01
7.840394278879587948e-06
9.188496721933903100e-01
7.388210858558692529e-01
9.999134408520299333e-01
4.262087033172493045e-02
4.382491899802334506e-06
4.758315217007756392e-01
9.559291732913230422e-02
9.991260578366543132e-01
9.999999995890263005e-01
9.999815030249067371e-01
9.950697202351684867e-01
8.750930472347770352e-04
9.999999452394608968e-01
1.969267976568289322e-02
8.195234567589630981e-01
4.164708825174038946e-03
1.882002673673649495e-04
9.893575888456670464e-01
9.904093650860065212e-01
3.345771938300888797e-04
9.997894491682285389e-01
9.819309413870821457e-01
8.934010912747630817e-01
9.999966173777685707e-01
6.526359507241067965e-04
9.951740672067062032e-01
2.576700475435595336e-07
9.844940750040704902e-01
