-7.783471654623811409e-01
8.822978285572043999e-01
6.459875801362980896e-01
9.074196806461610754e-01
9.881413247820468593e-01
-3.627706044363204207e-01
9.995088983760893608e-01
8.732061854161974335e-01
-9.970863224493748955e-01
9.999999626797226870e-01
-9.999600603357048367e-01
-9.874502395720898829e-01
-9.998558293165646926e-01
-9.999851532169934387e-01
7.812749804047893765e-01
-9.999173722130501041e-01
9.960880474734784551e-01
9.989057830025810381e-01
-9.996051289464087386e-01
-9.776835067970660598e-01
