2.129704134001292302e-17
7.242103114628745120e-02
8.085852349964783858e-01
3.967646303732823565e-01
6.847586386761960187e-01
1.851537955845663331e-05
3.831519122243439157e-01
3.676524510899749397e-04
9.991565000189250867e-01
6.376390744476022289e-04
9.999746045365004443e-01
7.400657856202631187e-06
3.574695466755542506e-01
9.999983931751392774e-01
6.777771584437506380e-01
9.983962249571334824e-02
9.999994714470639146e-01
9.999977771466884713e-01
1.642641988251619667e-03
1.491766136136932763e-01
8.449618147944149005e-01
1.337624347028764791e-07
1.028349922735675992e-01
9.011307845310398967e-01
9.999936150863302231e-01
8.910163809628125486e-01
1.425890846332172283e-03
4.272429293370970660e-01
1.464408575400188116e-02
9.995943225487574635e-01
9.999998515460136739e-01
4.023946990195252926e-01
2.126669566524561905e-01
2.121717303832371115e-01
9.814069680899031312e-01
9.297994857241520528e-01
9.995976729436760744e-01
6.618845993422921292e-02
4.519147700473842566e-02
9.667936689493610292e-01
2.061750985190327536e-03
4.379013110359583627e-03
9.995510977008246201e-01
9.999954558552649475e-01
3.700043604904849383e-03
9.999956209028068033e-01
7.869275147357107699e-08
6.947041985252217638e-03
8.405435286676492604e-03
9.999993241658959864e-01
