4.608407281403036571e+00
-1.839597498265825859e+00
1.690113756180348314e+00
1.157395574016825357e+01
7.088623881197677612e+00
-1.422568817287394261e+00
-1.035274651481668640e+00
-3.938622290466239129e+00
3.676700355719021207e+00
7.233273338956597298e-01
2.698866103010316930e+00
1.439204331022712280e+00
-5.053129468642729272e+00
-5.181058356006545296e+00
-6.178509330145248946e+00
8.477343514981624750e+00
-5.906153198041284469e+00
-1.752869649921492634e+00
-5.965823607170374743e+00
7.933781765769030159e+00
-2.007480373127411788e+00
4.608133383909402525e+00
4.362374555075435367e+00
-3.247361813085420934e+00
-2.914434501200028116e+00
-2.856797072652016212e+00
1.034699004127816568e+00
1.174916792753210260e+00
-3.694159293702686142e+00
5.320854412076067241e+00
-2.337309277985369915e-01
7.155482630106741126e+00
1.830139104745643452e+00
7.370100505025207305e+00
2.019734884557547794e+00
-3.146401725765589852e+00
4.386353903104779128e+00
-3.616136955447747159e+00
-1.389949388355556081e+01
-2.114692451498326520e+00
