2.883817743854883986e+00
-1.242618450637235750e+00
3.448590224170084984e-01
1.019182594545253195e+01
6.085398875958313525e+00
-1.972151696840746871e+00
-2.801903912347281977e+00
-2.013822212745653317e+00
2.000541459830829538e+00
5.733358171390517954e-01
2.995002980594596131e+00
1.713556699438501418e+00
-6.280496636446408765e+00
-5.839322970907993238e+00
-7.458334080581180636e+00
6.500394526590496547e+00
-7.387014201375120770e+00
-4.635791690069171800e+00
-7.436045569959599533e+00
7.076452600590236841e+00
-3.965836378875912671e-01
2.938184268813285982e+00
2.175458493752499667e+00
-4.868997906784136909e+00
-3.100887602124853260e+00
1.399514701967064845e+00
1.384200253743026465e+00
1.685325479670461757e+00
-3.972604555800398174e+00
2.647334260153869856e+00
3.984631017642670692e+00
6.106782017650255412e+00
2.061676780158956390e+00
1.143866682037149474e+01
5.967057912210641524e-01
-4.014921774761884166e+00
2.974475461682754229e+00
-1.723348424239428134e+00
-1.527398857244266672e+01
1.030422897076701094e+00
