6.480076651494231127e-15
9.737405591725428744e-01
9.981656799700013849e-01
2.449238425625815951e-01
1.086454788149350259e-01
1.581542739138900905e-07
1.398912426564162814e-01
1.529223911411836147e-02
9.973464374354733541e-01
5.420114453169132122e-05
9.999999871186936451e-01
1.911337126326470741e-05
4.462659652378540565e-01
9.865004924588270940e-01
2.748546181071455260e-05
2.724558333508094912e-06
9.999999625546628357e-01
9.999892230088239797e-01
5.528367578839209484e-01
1.288718984420965646e-03
9.733838757325806723e-01
3.531972151136445264e-07
3.080940948314786834e-03
9.997526883890799354e-01
9.963689560798768552e-01
9.560934466733032044e-01
2.032234680111319209e-03
9.999996699088479213e-01
3.158398550576470027e-03
9.998919661915618429e-01
9.999995442814416657e-01
9.542037506701829264e-01
4.944546828500500160e-03
8.046635663561929967e-07
9.994405651749171948e-01
1.521022443216294220e-02
9.360865332660398552e-01
2.486600259618506475e-02
5.518082560515507051e-01
9.999999277398702313e-01
2.781449586391330532e-03
3.102769494280489537e-01
9.993257417737702042e-01
9.945209928053756476e-01
8.842462279891015464e-02
9.999671201803752574e-01
1.846628514904557474e-03
9.947427799136683291e-01
9.866389180296503136e-01
9.999068494116212236e-01
