1.024650711244589951e+00
0.000000000000000000e+00
0.000000000000000000e+00
1.123173677332847831e+01
6.599638366011931545e+00
0.000000000000000000e+00
6.556126725871164185e-02
0.000000000000000000e+00
2.734772536426897993e+00
2.084023763751719382e+00
9.000510053186331350e-01
1.735379345810925011e+00
0.000000000000000000e+00
0.000000000000000000e+00
0.000000000000000000e+00
1.006347741241166638e+01
0.000000000000000000e+00
0.000000000000000000e+00
0.000000000000000000e+00
8.834096278705750649e+00
0.000000000000000000e+00
5.029235462517304356e+00
3.132928470281248323e+00
0.000000000000000000e+00
4.271549799275760062e-01
1.524702603997300177e+00
2.033646700488211501e+00
2.985437257102862674e+00
0.000000000000000000e+00
3.581233564065935959e-01
0.000000000000000000e+00
6.097270629446784440e+00
3.194868687230450810e+00
8.339422060192298147e+00
4.930503984347367918e+00
0.000000000000000000e+00
3.402345565655706672e+00
0.000000000000000000e+00
0.000000000000000000e+00
0.000000000000000000e+00
