-2.503481952368106889e+00
1.319885855967549038e+00
3.132521031077691864e-01
-2.581099207910035442e+00
2.257238755885507153e+00
-1.540653757321472472e+00
5.343534521282927940e+00
2.003682405185969628e+00
-3.898591806429144491e+00
9.735165968546651172e+00
-9.484013438237202109e+00
-5.887956481772271822e+00
-2.171898128755726631e+00
-2.851446501169231595e+00
4.008254011608441303e+00
-5.281884756804505976e+00
4.876270906172528008e+00
2.948877828986594896e+00
-4.101190254390671086e+00
-1.837143608752779489e+00
