-5.330311225423989274e-01
8.038963652159222262e-01
-8.304593002299269777e-01
-9.558962235336497804e-01
9.300023991571700899e-01
-3.954179405471971442e-01
9.999911096520063269e-01
9.860398482847366752e-01
-9.878908327961890556e-01
9.999999067319785828e-01
-9.999992306151846977e-01
-9.997147660476971565e-01
-7.683269976832256543e-01
-9.937459899994143253e-01
9.976103459599275913e-01
-9.999960705131587524e-01
9.999297453682342018e-01
9.989343065226636842e-01
-9.999505945843845112e-01
3.200339417549630944e-02
