-9.030282093009349254e+00
1.337968963803583833e+01
-2.134168117117747698e+01
2.461837513419945012e+01
-3.477296546849682102e+01
-8.018360084234862128e+00
2.126999452393080148e+01
7.068476650371605885e+00
2.740589694301689150e+01
-1.969548328154630434e+00
1.885761856245148493e+01
-2.707559989510876619e+01
-1.002687802663968597e+01
-1.645524083289155115e+01
-2.304123309076344128e+01
-3.015957228222317710e+01
2.628741453122956528e+01
-1.054132115124066438e+01
2.088859591341367405e+01
1.823927454764645972e+01
-4.210618744658650314e+01
-1.092167044969545664e+01
1.970367536625627025e+01
-1.866878301410591945e+01
3.236431357681046705e+01
1.797953437630796003e+01
4.290409988837966537e+00
3.010773323747329311e+00
-1.366608161006611688e+01
7.116579758287490343e+00
