-9.999358382885423779e-01
-4.151286385027837533e-01
7.734439515772624230e-01
-5.006834406582266750e-01
-7.250770346752752893e-01
9.723815858743855012e-01
9.997056029414125300e-01
8.699929382929983968e-01
-6.918058426269783068e-01
9.999999984621649185e-01
-9.999967365546346132e-01
-9.974727436479200460e-01
-1.831086310995204969e-01
-9.729837288926553862e-01
9.998269989979517991e-01
-9.939998017849206446e-01
9.999735465945299717e-01
9.870418214577373339e-01
-9.999739881903801919e-01
-9.155909250023739343e-01
