-3.355935957418064941e+00
1.160627739041452600e+01
-1.381380277828715464e+01
2.081115034508672323e+01
-4.026966578289470533e+01
-1.638721119481076727e+01
2.701032799057135136e+01
6.299692242675728471e-01
1.497225309850703567e+01
8.771593901125866566e+00
2.175968745683872996e+01
-1.989592626116013818e+01
4.096335317599269388e+00
-9.830973235485325645e+00
-2.793350550498158924e+01
-3.909243781212587265e+01
2.137830540911633648e+01
-8.568788846853308883e+00
1.540892863153668202e+01
1.922315489701898628e+01
-4.541053868235691482e+01
4.411770985357387209e-01
3.873364726793901269e+01
-1.312736378291461925e+01
3.929634418523846762e+01
7.397372324417340828e+00
3.277058647422089965e+00
-3.498554608044277536e-01
-1.851161401079811242e+01
1.047859566890612726e+01
