-8.909900225268546636e-01
5.268739159557976892e-01
-9.701058205084779340e-01
9.880511212119944542e-01
-8.590819300250523982e-01
8.954823953176487272e-01
9.999697490151482349e-01
-8.105556690262386565e-01
-9.979859445869689871e-01
9.999999966378729788e-01
-9.999240933091138039e-01
-5.703499579932047592e-01
-9.700505282352583913e-01
-9.999770590754544219e-01
9.959024137124447007e-01
-9.999942767385034958e-01
9.989523176998010845e-01
9.993116176747116608e-01
-9.999425721057400018e-01
-9.995830342101736932e-01
