-2.820864909320858427e+00
-2.340219310551154841e-01
5.094000359682371304e-01
-1.028627313787842112e+00
-1.537727143695217791e+00
-1.657766306568331238e+00
8.238994953899798190e+00
7.932489475914428212e-01
-1.602021110623571554e+00
1.298535398989686662e+01
-6.372663434352219269e+00
2.712823073342448543e-01
1.039096574301056064e+00
-2.063993452376533977e+00
4.125640911465775496e+00
1.569347424760695775e+00
4.988095020156106507e+00
3.999923981811991602e+00
2.176750581421228681e+00
-4.243104413460097035e+00
