-4.594493954089246657e+00
-2.466155434658588330e+00
4.902338225623807944e-01
-2.408948050910029171e+00
-3.597353401670540851e+00
-1.617648782076722913e+00
6.420880170070952353e+00
3.681484609566343380e+00
-1.345795181474559898e+00
8.669293378979588738e+00
-8.113817419652178842e+00
-9.341597895851538880e-01
2.038909748648739306e+00
1.181636652415851696e-02
1.322608278643236490e+00
2.633280297099785283e+00
5.443240800954394665e+00
3.018405718045204633e+00
4.692049291069032568e-01
-2.170214183209130177e+00
