9.916720863121206708e-01
9.040888236880874063e-01
9.944225928187639951e-01
9.977910935681701954e-01
9.875243306631903417e-01
6.240079782803348231e-05
9.959182245071590556e-01
9.245261000025339904e-01
3.238055060127261776e-03
9.843066076241580031e-01
6.224553322094762697e-02
9.905092475334239532e-01
9.991941229718350748e-01
7.197861077072041950e-04
5.289150306574396526e-02
1.980601842650797362e-01
9.215881399924233941e-01
3.177601461128961761e-05
2.547937179184776857e-02
2.205741854777774165e-04
6.651952058299462098e-06
8.327633216741734401e-01
4.928769058400334427e-03
9.999870894358887652e-01
6.110947351169888631e-01
9.786761424634953244e-01
3.001124376156944495e-01
9.246811424493527748e-03
8.971189610358419886e-01
1.173604584567299880e-01
3.693358120512759055e-11
9.202546704623341123e-01
4.864510818503897693e-05
8.051052536223012313e-01
6.173644132487235980e-01
3.105244642283105927e-01
1.238584411043875677e-01
1.607931065625826245e-02
8.660459550842349724e-03
9.985817217263422974e-01
6.852588601697147397e-02
1.884471520524126642e-02
9.992096985570462220e-01
9.978355902443115655e-01
4.623481258973534680e-01
1.585962841147329746e-03
9.327380130115017209e-01
9.999918823516492639e-01
6.754438093137496990e-01
9.999918956553303095e-01
