1.034289468199242989e+01
3.518415528400010928e+00
2.157911641183900553e+00
3.280737891647389493e+00
4.611722312128540224e+00
-6.500564177176994640e+00
2.336414988238078472e+00
5.491267298167574751e+00
-6.492376299005160334e+00
4.566105067252546057e+00
-3.265997436321136149e+00
3.791067051625630846e+00
6.294590598386809788e+00
-5.524089185755631348e+00
-1.835316471106751113e+00
1.729015135211125820e+00
2.981964782232152000e+00
-1.040998461935375197e+01
-4.499722570788145526e-01
-1.209540593411321296e+01
-1.076917765476970956e+01
2.533086672091857228e+00
-4.992639608982379684e+00
1.103802334839819466e+01
-4.232785606311513238e-01
5.417332210379624868e+00
-1.597081189415121560e-01
-5.165223613184254603e+00
2.435823426446171780e+00
-4.135825558820707570e+00
-2.587884394592438397e+01
2.494762017032249535e+00
-8.825119291484913475e+00
2.842553515447402646e+00
5.443747368593212954e+00
2.507520595800235785e+00
1.838207243712044248e+00
-3.644789058684042349e+00
-8.032263431161752010e+00
7.331131716394426512e+00
-3.776148810321748428e+00
-8.940826502622702954e-01
7.069744604584855985e+00
8.131010109134768626e+00
-6.583897677642618351e-01
-5.612884807109283614e+00
1.504206781490139644e+00
1.035194595996905598e+01
8.544122958963296099e-01
1.611040375915414202e+01
