-9.999994823388687060e-01
-2.628743299797670074e-01
-9.995269278654768108e-01
-7.294518729781747091e-01
-9.978790138360328354e-01
9.562069871317255831e-01
9.986289735295923453e-01
-7.956099442973363356e-01
-9.022613158581078707e-01
9.999021106651508894e-01
-9.999960446661052549e-01
-9.760508143192299091e-01
4.265741502842705368e-01
-9.249924869085702772e-01
9.982448729595009285e-01
-9.769551621355959670e-01
9.988965480509829353e-01
9.989258358413823924e-01
-9.989058917652549052e-01
-9.999934429831061067e-01
