0.000000000000000000e+00
4.073163016878946330e+00
3.030872605633876393e+00
1.407474555795599214e+00
7.431528127501039194e-01
0.000000000000000000e+00
0.000000000000000000e+00
5.964247927766136215e+00
0.000000000000000000e+00
2.083366290252877118e+00
2.092514200470367847e+00
4.976739253108576122e+00
0.000000000000000000e+00
0.000000000000000000e+00
2.013232470648635974e+00
3.533421956231315164e+00
5.833962932514406674e+00
1.591962368337573430e+00
2.494610189381959220e+00
1.258740502489054780e+00
6.990219362797458480e-01
0.000000000000000000e+00
5.376838306968789283e+00
7.104356563190838081e+00
2.044895809263047592e-01
2.542009379610520536e+00
3.081704010187250375e+00
3.285867730088738004e+00
0.000000000000000000e+00
1.296879590306841301e+00
2.161716888191389963e+00
9.190754224188077970e-01
3.099189228264171092e+00
6.817667758679682777e+00
0.000000000000000000e+00
0.000000000000000000e+00
9.147887990410984438e-01
0.000000000000000000e+00
0.000000000000000000e+00
0.000000000000000000e+00
