-9.957526268856241591e-01
-4.896458290123487656e-01
-9.869267211664586315e-01
-8.637581862637156993e-01
-9.963357791002480646e-01
-7.538019188983544616e-01
9.999884467205596428e-01
-9.902412828165614300e-01
2.769686352362015283e-02
9.999988077489810889e-01
-9.999961634952411194e-01
-1.495644079666230697e-01
4.312570931232050375e-01
-3.727191783571766615e-01
9.997076074529622769e-01
3.143004905558586248e-01
9.999268645291290447e-01
9.993397841233876422e-01
-5.891048630782292905e-01
-9.999996913651520991e-01
