7.809054495889449221e-01
5.405836729929069483e-06
3.653463457278152644e-17
1.000000000000000000e+00
0.000000000000000000e+00
9.550374499222621383e-01
9.999355979052249044e-01
9.999999892175589489e-01
9.999999972376718560e-01
9.999769658252853910e-01
9.999989583583673847e-01
1.059908299836120893e-01
9.999999999451973931e-01
1.510494923731570127e-08
9.911224291927005492e-01
5.488653951333591551e-12
3.747620804169950247e-08
9.990956981031972051e-01
6.145542911392655956e-09
4.662374258540762204e-04
2.761422156464893487e-10
9.999999971040405278e-01
9.999999960043388647e-01
6.333308614895669653e-01
9.946561358112668838e-01
9.740325559306426675e-05
9.999999875109831793e-01
3.582634669574941919e-05
3.302279428505214208e-11
5.703900996799060596e-01
