-9.999857298102629022e-01
2.564506166666876696e-01
-9.993691431626795518e-01
-9.941841238677643355e-01
-9.973839060243014920e-01
-6.220022582904244368e-01
9.999747901575644082e-01
-9.887213288779073128e-01
-9.338129004636022135e-01
9.999822379143413764e-01
-9.995808489150265208e-01
-2.964766111590539932e-01
-2.035826099080036422e-01
-9.882635909113611783e-01
9.933769421798753774e-01
4.357388132725603103e-01
9.466515152616219453e-01
9.966340165231133419e-01
-7.675019826089212183e-01
-9.999986717549581572e-01
