9.999205915274556045e-01
1.341722985833114345e-06
0.000000000000000000e+00
1.000000000000000000e+00
0.000000000000000000e+00
9.857601274463311247e-01
9.793858186960241463e-01
9.999999964371859562e-01
9.999999999686011165e-01
9.991454838197195709e-01
7.847236073105774423e-01
2.003923928518754061e-02
9.999999999930808681e-01
6.415618767831282898e-09
9.998274361801570143e-01
9.039953135233663682e-15
1.339099809819653888e-02
9.999747165497047119e-01
1.571498064987175637e-04
6.616374055615174832e-02
1.682058199053045386e-12
9.999964246005479396e-01
9.977876093935431623e-01
9.999857756540330156e-01
9.951873670753766943e-01
3.349197322491063999e-02
9.999999998694095726e-01
1.254486967959137243e-07
2.626192419854025451e-14
9.990411034467561180e-01
