9.999999999985216270e-01
9.897853316975057103e-01
6.234547019610455765e-01
5.144781239399083203e-03
6.291977097947198949e-01
9.824576933632910292e-01
9.789333457738956801e-01
8.469558750619698984e-01
3.211299174955054817e-04
9.999909204756147751e-01
1.342130226643260736e-06
9.988428872191225105e-01
9.998946620529234330e-01
1.285366902864467850e-02
7.714206927325253371e-01
9.384988204045957572e-01
3.381187024121258636e-05
7.383459865533137050e-06
9.961295926711929427e-01
5.226281142310760380e-02
1.711583078767744308e-03
9.999982798315063537e-01
1.409735269806906000e-01
5.299933142443348233e-01
1.563885645634107856e-04
6.068890759295596515e-01
9.557739088915655490e-01
9.782970340968651923e-01
9.993165036576993066e-01
1.319989448736516580e-02
5.418954653411018243e-09
5.555064909384890707e-04
5.926396225443919530e-01
9.998816160308113821e-01
4.232566943956434652e-02
7.824627854495129764e-01
1.803971302350059966e-02
9.902839955437343633e-01
3.515092428534813962e-01
2.175929504162801842e-01
5.458772529817240010e-02
9.918692397541272188e-01
1.137740425676837108e-04
2.225021090686724826e-03
3.741662995003601777e-01
8.910974626166593728e-04
9.998689310774189209e-01
9.930330746611891746e-01
9.989852514392804084e-01
8.092190805066441506e-01
