2.775579008697811290e+01
5.867419146384049711e+00
9.363517590289045789e-02
-5.547333835180168649e+00
-1.839102804492726007e+00
7.094991193167301091e+00
4.013014592905250311e+00
-9.439518277705791771e-01
-6.821485691743425228e+00
1.075060881067538787e+01
-1.281389169290807750e+01
7.361392615779275062e+00
6.786523645111295799e+00
-7.501008547872077159e+00
9.729654444068821517e-01
-2.425074676359129100e-02
-1.314423174795773797e+01
-1.299448169622569260e+01
4.601874116255266323e+00
-3.500410850234114246e+00
-4.299574819764276690e+00
1.558204275067360278e+01
-3.001511599017219201e-01
1.555953729871386026e-01
-7.894251615928412846e+00
8.555246784855311537e-01
4.857291995584795963e+00
2.712782004725458940e+00
6.483294976350908456e+00
-5.218532816715034883e+00
-1.969031670183728977e+01
-7.645120436390163476e+00
-2.480092738857550272e-01
8.149401176071609854e+00
-4.802505434310262444e+00
2.641756041946206057e+00
-3.811018168924390270e+00
2.504183340200820673e+00
-1.355940976031448475e+00
-2.633371676184730337e+00
-2.116611221123419817e+00
4.599497984934544093e+00
-9.026483516394478102e+00
-6.487102804522744570e+00
7.160925923597155629e-01
-7.419537359872954596e+00
1.149808713766590884e+01
5.843898944389386507e+00
2.432422835576068643e+00
-4.918728435846735358e-01
