-5.439930529237545720e+00
1.002496578597202426e+00
-4.395710785060003900e+00
-1.201817923026374579e+00
-2.495263012889401999e+00
-9.992443242032003070e-01
5.115783378127058079e+00
-2.561171760489732385e+00
-3.109477957858102215e+00
4.586178102290679348e+00
-4.363517107848896792e+00
-8.605773166861627743e-01
-8.959087932883278427e-01
-2.646710025236999275e+00
1.931090270429056233e+00
-3.094098610307599029e-01
1.045147514240504227e+00
1.804134566396535799e+00
-4.069932375659034429e-01
-7.584202494144678397e+00
