0.000000000000000000e+00
6.857272576076414161e+00
8.423616871355621427e+00
0.000000000000000000e+00
0.000000000000000000e+00
1.503612481228677078e+00
0.000000000000000000e+00
9.624348569698161882e+00
0.000000000000000000e+00
0.000000000000000000e+00
9.840199752121620014e-01
1.616166381344043668e+00
0.000000000000000000e+00
0.000000000000000000e+00
2.559347023414267674e+00
4.472047631385045463e+00
6.450651003835194075e+00
4.666830475517111387e-01
0.000000000000000000e+00
0.000000000000000000e+00
3.015169855026104795e+00
7.962578803869866384e-01
5.654435170715018444e+00
6.942416681092053565e+00
0.000000000000000000e+00
3.905454274751942734e+00
0.000000000000000000e+00
3.156044945270810587e+00
0.000000000000000000e+00
3.787312282956627474e+00
1.840636934378777401e+00
0.000000000000000000e+00
5.639961442002248582e+00
5.698701178068239948e+00
0.000000000000000000e+00
0.000000000000000000e+00
5.145811895204510655e-02
0.000000000000000000e+00
0.000000000000000000e+00
0.000000000000000000e+00
