3.100575756825981344e+01
2.302743815152604512e+00
9.054521768873742549e-02
1.127992659546522836e-01
-2.324472112965342063e+00
9.127652292079236673e+00
4.629385971217263140e+00
1.876666064102785469e+00
-1.023059994449524090e+01
5.268929106517589389e+00
-1.604452955874954512e+01
1.903293092948395770e+00
3.962497924222311951e+00
-1.074954144897712105e+01
5.770020868338074926e+00
3.461468626870324528e+00
-1.329323977791804623e+01
-1.476180447131313578e+01
3.062002606281296391e+00
3.097283182936762191e+00
-8.533259585624426435e+00
1.588855888039670994e+01
-3.904662964253160506e-01
-4.963086781708406225e-01
-6.017050732855546258e+00
-7.354517906056151633e-01
5.712664655307940542e+00
-3.852837520717288022e+00
6.959499287242460142e+00
-4.481841538863919894e+00
-2.045949450831282590e+01
-6.904046249635180210e+00
-5.996070586100919364e+00
9.301880626549984044e+00
-6.309151603415074305e+00
1.302329930482259090e+00
-4.302057372868120844e+00
1.079091340281685074e+00
-1.828637871325117015e+00
-1.037651369567263338e+01
3.201147047411982527e+00
2.583212148461016877e+00
-8.045065654684869116e+00
-6.938697835159566729e+00
-9.375327013258532016e-01
-5.196183859278344030e+00
1.091723014264162472e+01
4.361321019628266349e+00
1.349124383659650928e+00
9.699120524756921213e-02
