4.409378520629431142e-01
1.601247529370292480e-03
0.000000000000000000e+00
1.000000000000000000e+00
0.000000000000000000e+00
5.778021582425694191e-01
9.999997995759259961e-01
9.999999988116998750e-01
9.999999999995639044e-01
9.999999687824695505e-01
7.489555944824695111e-01
2.469558206504439760e-02
9.999999987512588895e-01
4.103881516196371741e-11
9.999999969082291607e-01
4.640537269141456561e-17
2.814743740730007066e-06
9.999992011246581214e-01
2.012487246349679664e-06
9.513345193918555025e-05
1.856212190400812119e-13
9.999999383642352857e-01
8.487068534203872166e-07
9.999716023942823995e-01
9.882400861937473691e-01
1.032681226234799937e-01
9.999998625053401202e-01
1.660524325989497815e-06
5.586092838941781969e-12
9.923953154051947667e-01
