-6.888624213240352567e+00
8.026399301097573158e-01
-6.045054557733695155e+00
-1.414463377834587199e+00
-7.322013689044811757e-01
9.445556656397762207e-01
3.994065372291938143e+00
-2.231905425827894973e+00
-4.860043978574836387e+00
3.576540419012158356e+00
-4.428293663665113122e+00
-2.996452925046441784e+00
-1.369251874118791790e+00
-1.256994330932362125e+00
1.267767475496756724e+00
-1.454093990453850127e+00
1.000079008192993335e+00
1.310243861442604185e+00
-1.355539148620726220e+00
-8.142552794651230386e+00
