-1.571276754623638361e-01
6.587175420777835022e+00
9.006712426426888740e+00
7.780164023581981336e-02
-2.100756204468851696e+00
1.817685861156765226e+00
-2.748227707504046879e+00
6.887498216570781651e+00
-4.551243314461362210e+00
-1.865641277343260906e+00
2.564644929347014379e+00
4.885371410735633191e+00
5.918498822533068138e-01
-4.138681112548063368e+00
1.352649632330167329e+00
4.182045489607865818e+00
6.086641135225751675e+00
-1.954362028103908244e+00
-3.634249271130618020e+00
1.644281322024226943e+00
6.096455404918925680e-01
4.219029191711185511e-01
4.730482135114021602e+00
6.559162440925884852e+00
-1.042842588808938986e+00
1.934218323955721353e+00
-9.106533084293695346e-01
-1.483171739701007574e+00
-7.024277016814423291e+00
4.801855552413753614e+00
2.021029854923725555e+00
-4.537832215922259493e-01
5.314570459567328875e+00
4.661275073329393948e+00
-4.428149971923044603e+00
-9.101779885942089976e+00
1.674255543551824710e+00
-3.583340016946193196e-01
-4.731943132474956570e+00
-3.472426332902502466e+00
