2.207436487695401794e+01
6.229761498308035161e-01
1.050748065292367972e+00
-5.703606387234893660e+00
-1.465319424755587630e+00
8.048600928377158681e+00
2.211135170995345511e+00
3.255344896717734304e+00
-9.375450394704117230e+00
9.896747878322885938e+00
-1.474654006072461421e+01
1.866685938692479452e-01
6.796174777716532667e+00
-7.710592164609291643e+00
6.276512796090829127e+00
3.353840461892598768e+00
-1.091616845938485980e+01
-1.462155540318572733e+01
3.515933817897150426e+00
6.186095365317254569e-01
-9.116823122124209533e+00
1.136991006228881318e+01
-9.929789360678231702e-03
-1.829726405978667758e+00
-8.201426957216746416e+00
-4.051121077349964850e+00
5.913162799304517492e+00
-2.498868162228901291e+00
6.471668804377236128e+00
-3.311841668786000614e+00
-2.414789711562089991e+01
-4.480456839021796256e+00
-1.721076332586565893e+00
8.041240010792179760e+00
-3.700144519312524416e+00
-1.804790281095784987e+00
-5.955642720697488457e+00
4.536067868053639707e+00
-7.966300660071571338e-01
-8.982394364480288829e+00
5.965246780111538305e-01
3.420520096130939436e+00
-8.183518943476551399e+00
-7.101786432875214494e+00
-5.592094020493387774e+00
-6.691668875048906173e+00
1.171796421059104532e+01
2.778855657596730033e+00
2.027990460476380985e+00
4.417920897110825251e+00
