2.165389340112756500e+01
3.690623071562398216e+00
3.566523182900000144e+00
-4.394178991164969794e+00
-2.309360413874281370e+00
8.696609634445822579e+00
6.243330409665709624e+00
-5.348561100079440855e-01
-1.062646938990974910e+01
8.889100774444260722e+00
-1.330479562285859352e+01
5.742867531890579746e-01
6.451583755975201839e+00
-7.832166665420405849e+00
5.066459026010826427e+00
1.382676274639350833e+00
-1.050235952592857913e+01
-1.418916979847191762e+01
3.364766052564303944e+00
-2.769913075691187720e-01
-8.758520047533263408e+00
1.439901543497330039e+01
3.884639319134657320e-01
-2.593268655014552504e+00
-7.581976819004399459e+00
1.398209215045342457e+00
6.239621274305094722e+00
-1.447732256325841016e+00
4.980706285749203488e+00
-1.260443847914461735e+00
-2.052046255025782173e+01
-6.013806838304778246e+00
-1.332417404398420047e+00
6.229067314800299293e+00
-4.662142929628877219e+00
-5.271952069524608042e-01
-3.797417215040356453e+00
2.729918663142609780e+00
-3.500102743922907322e+00
-7.093206735600793067e+00
-2.938166184437540629e-03
2.904102260356522081e+00
-6.695401489937408357e+00
-7.498398066156563679e+00
-3.597086680253835489e+00
-6.878012399305962532e+00
9.638640343424189183e+00
5.312098793636252481e+00
1.856626715249929394e+00
4.198140081143373337e+00
