6.436939272035353099e+00
8.796311298943482182e-01
-5.008038656918029830e+01
4.798167172274137471e+01
-5.874428959724133392e+01
7.059066148098751547e-01
-1.179387119330727041e+00
1.597945577251615212e+01
2.463095399187711365e+01
5.468362064266513833e+00
-2.892457637141652160e-01
4.164576010274934958e+00
1.320028905115307083e+01
-1.772010865505790989e+01
2.691829928506109937e+01
-2.691641396679573717e+01
-7.039901880561519221e+00
1.405607437834370899e+01
-1.070745788358655481e+01
-2.398371822344023130e+00
-2.380401786122237340e+01
1.867621396361251129e+01
-7.051270978552574675e+00
9.905954658952163427e+00
5.772135650063640044e-01
-8.416003329910046737e-01
2.899035250667478891e+01
-1.376775089710339373e+01
-2.402148595575240009e+01
4.535857879313916818e+00
