0.000000000000000000e+00
6.684739433958760912e+00
6.642985533907181939e+00
1.793036311636366231e-01
0.000000000000000000e+00
2.757414827007757530e-01
0.000000000000000000e+00
9.130130669274993949e+00
0.000000000000000000e+00
2.659249494411508596e-02
2.521362917799352399e+00
5.665005319062550448e+00
0.000000000000000000e+00
0.000000000000000000e+00
2.598190378368030906e+00
5.827216895054875501e+00
7.340754542407089467e+00
5.546628991799240627e-01
0.000000000000000000e+00
1.122663293315283362e+00
1.420481569237087793e+00
0.000000000000000000e+00
3.277713907895041689e+00
8.809905769932326436e+00
0.000000000000000000e+00
2.284010516190241535e+00
0.000000000000000000e+00
5.336644795516384265e-01
0.000000000000000000e+00
1.418590078439105451e+00
2.807741550771632788e+00
9.290102770286434719e-02
3.765521273744764308e+00
4.183150143015695654e+00
0.000000000000000000e+00
0.000000000000000000e+00
1.949170674555635863e+00
0.000000000000000000e+00
0.000000000000000000e+00
0.000000000000000000e+00
