0.000000000000000000e+00
6.953663848695668115e+00
8.075578860385249413e+00
2.114399511788264685e-01
0.000000000000000000e+00
2.232085801919727053e-01
0.000000000000000000e+00
8.659966661789768594e+00
0.000000000000000000e+00
0.000000000000000000e+00
1.259720134684302995e+00
4.872644048351794765e+00
0.000000000000000000e+00
0.000000000000000000e+00
1.626586184253944189e+00
5.522419478758004097e+00
7.367621931198784502e+00
2.772322423494329446e-01
0.000000000000000000e+00
1.318550120257186098e+00
4.706016013116380847e-01
0.000000000000000000e+00
4.911826747250652048e+00
8.406435704458976588e+00
0.000000000000000000e+00
1.662963027886477985e+00
0.000000000000000000e+00
0.000000000000000000e+00
0.000000000000000000e+00
3.727931610845958144e+00
2.684358645343674077e+00
0.000000000000000000e+00
4.552721396364770357e+00
5.340330252920275633e+00
0.000000000000000000e+00
0.000000000000000000e+00
2.265131933429253674e+00
0.000000000000000000e+00
0.000000000000000000e+00
0.000000000000000000e+00
