-3.327738015382850634e+00
5.077061568267683178e+00
7.151253755367895870e+00
1.150362658030221197e-01
-8.768185649565811701e-01
1.159478973804160651e+00
-1.224169279349971218e+00
7.655588691480338603e+00
-3.978054387014630322e+00
1.679358277118013776e-01
1.844389176989149615e+00
5.241301061657207327e+00
-7.272990090332585866e-02
-4.700486255579246375e+00
4.345482146372437349e+00
4.376659669486012483e+00
6.240489600839985052e+00
-8.557028316354091668e-01
3.157645721253157234e-01
4.113556286668709205e-01
6.155612573906177332e-01
-7.982750683192072483e-01
4.262977523669936986e+00
6.641826628380857578e+00
-3.057626845368710544e+00
2.260538842435201978e+00
5.709647932144752414e-01
1.743914963012976216e+00
-6.451755691326607867e+00
5.335157548566741958e+00
3.940387119858955955e+00
2.318130470580839653e+00
5.119786984620237291e+00
3.775922062139462021e+00
-1.664421332055574521e+00
-1.047749707719979639e+01
2.364767000338980019e+00
-3.555369730386569227e+00
-3.552661613351780545e+00
-3.679255202343703068e+00
