7.805912725844251776e-01
7.793134477521174034e-05
5.270267844070009671e-19
1.000000000000000000e+00
0.000000000000000000e+00
9.979559083972344702e-01
8.512766568002750889e-01
9.999998852787420622e-01
9.999999999956714625e-01
9.995948850329735569e-01
7.757432118471176974e-01
8.072649620730536300e-04
9.999995929386396032e-01
2.562817093701098394e-06
9.999888631408808681e-01
1.497384073462347238e-16
2.560832467593728359e-02
9.986196179018537178e-01
3.543460693539749372e-06
1.224240131399648332e-05
2.841109181041845663e-12
9.999904964381581829e-01
6.750300437917442498e-01
9.999797966359771362e-01
9.998172687025537186e-01
3.466270403004355610e-03
9.999999999999564793e-01
3.865679812840534864e-07
1.543091968205446835e-13
9.997472193922587458e-01
