9.999810064593144254e-01
1.565154136429227586e-04
0.000000000000000000e+00
1.000000000000000000e+00
0.000000000000000000e+00
9.370456150764949754e-01
9.994178286037627146e-01
9.999999974593354324e-01
9.999999999992983390e-01
9.999999177311523768e-01
9.930242833397143754e-01
8.042575168469668170e-05
9.999999954191596263e-01
5.099659131918000787e-15
9.999999600680340439e-01
3.674805633710030974e-13
4.415094980612849218e-01
9.997005173076953799e-01
2.291459881043447335e-06
9.799552916934552993e-01
3.169928345390695839e-12
9.999723352545488719e-01
2.525058774566927972e-06
9.998669235431933977e-01
7.368979791705795868e-02
9.458165824550922585e-01
9.999999988177823429e-01
2.536101214610033165e-05
5.760285426401782422e-12
9.799331471344828737e-01
