-9.999989178872425999e-01
3.204566994126430979e-01
-9.999659657502748544e-01
-8.984320054145324974e-01
-9.974827104668573252e-01
7.749868640863614155e-01
9.995105364601094555e-01
-9.094394629248541140e-01
-9.957519274739844439e-01
9.955719886325276047e-01
-9.999352990069911851e-01
-9.946611346215141758e-01
-6.826261496034851106e-01
-4.732795285129356433e-01
9.769890350598767759e-01
-2.541425903601137182e-01
7.482245724943291654e-01
9.556511998589113377e-01
-9.708738311815409139e-01
-9.999998467844383176e-01
