9.999999999966904252e-01
4.429987409714305491e-01
8.704228301328134076e-01
1.622547181614566666e-02
4.887889953661040399e-01
9.999388599904198704e-01
9.995180671565644381e-01
3.115671818084895794e-01
1.504516409356479120e-04
9.993025816871142775e-01
2.512322494272253787e-07
4.227685791285602512e-01
9.987982969176920633e-01
4.389217310340891602e-04
9.656545747289237980e-01
9.864246200039692436e-01
2.348758084146157925e-06
6.338358833592527895e-05
9.995468084971559364e-01
8.392965634959063115e-01
5.550032414856960082e-04
9.999983606138032055e-01
1.531502488305684362e-01
9.843207406581140351e-01
6.056597645226274255e-05
9.143056493345780300e-01
9.993725482856901099e-01
6.027143966379890916e-01
9.998918980232093245e-01
2.615610587349867511e-02
2.573201515256600932e-08
1.134159027362486356e-05
3.922147989028516857e-02
9.999942525962614015e-01
1.295839732745593170e-03
9.473102421460702915e-01
1.330678331216115541e-02
8.976375978147870249e-01
8.650356350060346700e-02
3.980124417332158663e-04
9.543583079947671743e-01
9.627298707402666134e-01
6.098725730396325172e-03
1.802467431510930591e-03
1.550571305311948533e-01
5.267415891002468105e-03
9.942432325732879494e-01
9.550493188259860933e-01
9.667994739698054785e-01
9.711549773760276283e-01
