-6.299551324881174086e-01
6.971513172944111325e+00
9.313174720892376968e+00
1.238872560375805731e+00
-3.682320760011816407e+00
-2.638506729074597268e-01
-2.609068262865686716e+00
9.665108555574811078e+00
-6.587006155482505676e+00
-1.888375466507952183e-01
2.181855207481090186e+00
4.633662146307148788e+00
9.857957645266716140e-01
-6.728091178224866908e+00
1.553024266091436623e+00
7.103774163164797706e+00
6.120531734406868374e+00
-8.171330943432264515e-01
-4.524540516321586381e+00
3.317040808036161081e+00
2.494341929894732246e+00
-1.719030117679733127e+00
4.500730185467357813e+00
5.938265413554876915e+00
2.072755441424651401e+00
1.164698732346279630e+00
-1.790208681495160548e+00
-2.075361932896780282e+00
-8.983237455418201733e+00
8.664913862602150463e-01
-2.375868771483313768e-02
-1.268592308621816711e+00
3.557169505626811556e+00
4.843774794047221555e+00
-4.136929471015906579e+00
-1.001521766318493434e+01
2.090678657854747158e+00
-1.179597343934967735e-01
-4.198248455470364959e+00
-3.314280413528566616e+00
