-5.821130417252525113e+00
-4.848198819297790507e+00
-4.164847532560035148e+01
4.512069298531318395e+01
-5.495023073492678378e+01
1.105447731098509756e+01
9.900696408254843206e+00
1.312195414812925520e+01
1.215680002239342627e+01
5.777168349028177552e+00
7.694546400804947339e+00
-6.198359324789557867e+00
1.981299297609048438e+01
-2.438028733580400598e+01
2.658594038634005674e+00
-2.878874610380329457e+01
-1.803576036476095368e+01
1.080047306044351529e+01
-1.965611907629795496e+01
-5.455325141947358958e+00
-2.383997711317013213e+01
2.394970733255213702e+01
1.043927102057492284e+01
2.691541297405702249e+00
5.786010222798561031e+00
-1.066665874104015366e+01
2.105356739578902747e+01
-8.990169111346437703e+00
-2.445272580789707462e+01
8.424036364470616434e+00
