-3.427389560686240344e+00
5.678542743003403892e+00
7.311165874508672502e+00
-1.421345851035752839e+00
-1.590881711836450885e+00
3.407315912561220128e-01
-3.197260721664681338e+00
9.881069110821712798e+00
-5.359728757349563999e+00
-1.959266769992967783e-01
3.402563694546451689e+00
4.601286762266608932e+00
9.048565614018421188e-01
-5.922603414078228212e+00
1.919858478456795581e+00
5.115041067370930783e+00
6.514513382370471284e+00
-6.355666517950913086e-01
-2.945912395874234146e+00
1.307469373196386009e+00
8.861698735699961027e-01
-9.272843696110326661e-01
4.248498110600172240e+00
7.945805316971882526e+00
7.332093964833839017e-01
2.424746443169546239e+00
-1.201810272841698612e+00
-1.445143057001178288e+00
-7.744764235784964868e+00
2.108352554113396282e-02
3.291330534919969963e+00
-2.358912208887913309e-01
3.241301107984853935e+00
4.221776845948544299e+00
-3.045463077027622756e+00
-9.871725405087044436e+00
2.264011106453973188e+00
8.860915418559158763e-01
-3.258535524362302205e+00
-7.967730267382989728e-01
