9.987623000506216098e-01
9.995944207541822557e-01
5.196796393832832604e-17
1.000000000000000000e+00
0.000000000000000000e+00
8.209012618370491871e-03
4.752940273377981306e-01
7.785008053847262965e-02
9.999999986597472024e-01
7.440242260930685081e-01
1.094586300083853769e-02
2.334901297078042226e-01
9.999999001748225425e-01
5.398897620851129337e-09
9.999999999919837457e-01
3.219919267358666844e-17
6.103190327069840659e-01
9.997494976044091208e-01
1.255254850585732149e-02
1.185721113011994066e-01
1.032277555237872832e-11
9.999999995292156996e-01
7.366878375487748577e-05
9.999999984440171019e-01
9.970693111238488893e-01
9.998079499882878141e-01
9.999999999999822364e-01
7.152205932872822373e-06
3.737955197379991131e-10
9.683076880350369731e-01
