0.000000000000000000e+00
3.527251384127472633e+00
6.085037234962939579e+00
0.000000000000000000e+00
8.733797705731229932e-01
2.972270940757400504e-01
1.006730420477421895e+00
8.443776225591669515e+00
0.000000000000000000e+00
5.681408758086418098e-01
4.914096880570244075e+00
1.069572977817571546e+00
2.504785606902103279e+00
0.000000000000000000e+00
5.472810894524609893e+00
5.109185703197073991e+00
6.085337567594486963e+00
1.877685201621855260e+00
1.416172642799285786e+00
1.266752471227649224e+00
0.000000000000000000e+00
9.628117254531287639e-02
3.591324127942047362e+00
7.799525036743320427e+00
6.405511068023075349e-01
1.075982423889829009e+00
2.056863976664341287e+00
0.000000000000000000e+00
0.000000000000000000e+00
0.000000000000000000e+00
5.174247323722119596e+00
6.601369682808715389e-01
3.208004402773970476e+00
2.984675241220482889e+00
0.000000000000000000e+00
0.000000000000000000e+00
2.133585258216134761e+00
1.208504048976563716e+00
1.857449576873196229e+00
9.225075025952378382e-03
