2.179326615779531906e+01
8.639073341999292666e+00
7.188980175634572811e-01
-2.248122480674674240e+00
-2.416162971707551677e+00
-1.888107644754789094e+00
4.781012458417076338e+00
1.894172575704527794e+00
-6.836980384082854023e+00
3.538622399873368352e+00
-1.024603515977211465e+01
3.589960296413488017e+00
4.523630853368057814e+00
-4.149795463024066322e+00
-9.046112990533150544e-03
2.972381987478023291e+00
-3.016302360148338746e+00
-1.590522956089853501e+01
-1.623876558008443993e+00
-7.333267037146625533e+00
-1.161868283389254053e+01
1.434171781496000087e+01
3.200360951501426410e+00
1.098166277962257409e+00
-4.552608084791349263e+00
-3.521567849539143147e+00
4.692198845284882402e+00
-4.567945131928992986e+00
1.470644397574550455e+00
-5.287250231594756045e+00
-2.517522440693095831e+01
-1.686312151902260581e+00
-5.627289181197612677e+00
6.921471742639017322e+00
4.335511410944718480e-01
-2.697832414529413914e+00
-5.324599807994475853e+00
-4.603759191435435882e-03
9.509203021187428995e-02
-1.894559051074506062e+00
-2.510334560591022335e+00
8.378174197744352458e-01
-7.257677526525369238e+00
-5.033631275239826230e+00
-9.988439260194512670e-01
-6.123760927926888087e+00
9.150665405688364729e+00
4.882799289651202024e+00
6.182576530140856619e+00
4.715537450676558606e+00
