2.129937445327755086e+01
5.964414106261091142e+00
-7.826953813043781016e-01
-1.646952183830256988e+00
-2.125500546996081042e+00
-1.832489133691475036e-01
5.203234850084294649e+00
2.079149102266968363e-01
-6.518177226338567110e+00
6.095266503963216564e+00
-8.029526022797057294e+00
4.144543185749142822e+00
7.539888324234082617e+00
-2.224523545203565877e+00
6.604041959710603704e-01
2.494461341809230959e+00
-4.586058328331478862e+00
-1.408268378351256978e+01
2.023440997601672620e-01
-8.993341210619885118e+00
-8.233093693514620171e+00
1.135248320305961478e+01
2.153633024817370512e+00
-2.893740889784520154e-01
-4.582226527080560885e+00
-5.606436542507204024e+00
5.951173348798960205e+00
-6.315365708151063906e+00
5.199978123193636392e+00
-6.648649348715762741e+00
-2.575316011871966992e+01
-1.336990302993488644e+00
-6.672965916222667104e+00
6.747632202309880256e+00
3.212223621266491858e+00
-1.097966635707896987e+00
-3.422117060342439121e+00
2.831802633563945015e+00
-1.474165951091335414e+00
-1.079410726582342939e+00
-4.010777032879619064e+00
1.269589189818197905e+00
-5.001677126713869548e+00
-4.457037529931963782e+00
-6.524726877551556559e-02
-5.960144258155279928e+00
8.578966044353190767e+00
3.431551857710092079e+00
4.389577771594113997e+00
7.298047615261292975e+00
