0.000000000000000000e+00
5.010702493012166414e+00
7.609443272350441489e+00
0.000000000000000000e+00
9.406131394981021021e-01
0.000000000000000000e+00
0.000000000000000000e+00
8.317294742355519688e+00
0.000000000000000000e+00
5.887313684909950551e-01
3.695167680045912117e+00
4.529930608392757740e+00
0.000000000000000000e+00
0.000000000000000000e+00
2.824219763840531527e+00
5.865570867827893053e+00
6.162850049019308329e+00
0.000000000000000000e+00
0.000000000000000000e+00
9.792160118129151769e-01
3.243019942512505693e+00
0.000000000000000000e+00
4.345101265086077191e+00
5.941718893852733885e+00
0.000000000000000000e+00
2.480722943973455941e+00
0.000000000000000000e+00
3.805968381249706489e+00
0.000000000000000000e+00
1.680118295614482005e+00
0.000000000000000000e+00
1.159874095123724747e+00
4.215963484652828441e+00
4.677302946248858895e+00
0.000000000000000000e+00
0.000000000000000000e+00
3.582539550201471190e-01
0.000000000000000000e+00
0.000000000000000000e+00
0.000000000000000000e+00
