1.004578872866358097e+01
-1.401466114662747664e+01
-3.574254996444587107e+01
4.002037814800123527e+01
-5.293895803273318990e+01
-2.103960471255180931e+00
3.536279579955203811e+00
1.849407889089415491e+01
3.406260813565878465e+01
2.140188226244917757e+01
5.519396230516719015e+00
-3.122605866732748758e+00
2.553756327744472188e+01
-7.467901259012632131e+00
1.673736611300734722e+01
-4.032213632973187600e+01
3.894514155195929916e+00
2.465535359245975000e-01
-7.775924423567040833e+00
-5.779146752903597140e+00
-3.649525912098061298e+01
3.506787447031924021e+00
1.624065823027507705e+01
8.523579101990986118e+00
1.819136772656344903e+01
-4.419169170409446679e+00
3.808960505288968079e+01
-8.783938285394777168e+00
-3.362858866884347719e+01
2.565567565138162642e-01
