-5.909382050572165035e+00
-7.988878897627493814e-02
-3.166930007006818926e+00
-1.139691265816114907e+00
-5.196608493239663673e+00
-3.550531311657303402e-01
4.876923326860657326e+00
-2.866694871451471727e-01
-1.328321587513961122e+00
8.693898259808637619e+00
-5.127436122669049468e+00
-8.231802855029094479e-01
1.290790026273565649e+00
-3.599717616613751670e+00
2.565484815976864841e+00
-1.213018967327542219e+00
2.268376277716991130e+00
3.046682627765705309e+00
-3.702685999283011675e+00
-5.101022551065934607e+00
