-9.999852699993830862e-01
-7.971926583154557988e-02
-9.964559545720712563e-01
-8.143101076588449283e-01
-9.999387226602618473e-01
-3.408492789490002450e-01
9.998838650338990330e-01
-2.790665370413965563e-01
-8.688385207708667624e-01
9.999999438168735155e-01
-9.999296311771269652e-01
-6.767971286538289055e-01
8.593333069689106374e-01
-9.985071000589185175e-01
9.882478124042713974e-01
-8.375827965391520191e-01
9.788106498114900189e-01
9.954945762402304110e-01
-9.987847829925444731e-01
-9.999258139933547840e-01
