-9.999927141501623318e-01
-8.354006541610536907e-02
-9.966855745189074911e-01
-8.867034616380947698e-01
-9.999680433402966528e-01
3.830229807830131117e-01
9.998097320933897469e-01
-7.158368657745678432e-01
-2.411140053701991415e-01
9.999838801737960248e-01
-9.999925004809506746e-01
-6.170732563156183792e-01
8.162534040578984795e-01
-9.400797975797448025e-01
9.982421038678741532e-01
2.288503565367559223e-01
9.942840283125896628e-01
9.988476632850800119e-01
-9.923455783959310716e-01
-9.999916580877886707e-01
