9.999649413025123446e-01
3.428529310728983909e-09
1.519931815883187022e-16
1.000000000000000000e+00
0.000000000000000000e+00
7.678877387913045187e-03
9.800132829748650076e-01
9.999999999486655078e-01
1.000000000000000000e+00
9.999999353409281255e-01
8.888768210038083817e-01
4.376890417831441615e-01
9.999999999994813038e-01
6.972972723105128364e-08
9.999976884625140228e-01
1.546903918003635732e-17
9.205149322987261629e-01
8.863231534489984798e-01
3.939058236334658293e-06
1.258618028776700530e-02
2.481811659692400737e-16
9.465606328906668310e-01
9.999999138538241406e-01
9.999802743432462115e-01
9.999999991709980218e-01
2.983624566477638407e-01
1.000000000000000000e+00
2.624005087044369857e-08
2.935277438527905318e-17
9.856538816665223468e-01
