0.000000000000000000e+00
4.052700840341718624e+00
7.153742206355434341e+00
4.112951398188810614e+00
0.000000000000000000e+00
1.162190358425288395e+00
5.014200338841658944e-01
9.660058870631818451e+00
0.000000000000000000e+00
5.003461189536985154e-01
0.000000000000000000e+00
3.897374363704087408e+00
0.000000000000000000e+00
0.000000000000000000e+00
7.776711264311310101e-01
8.186129967396382767e+00
5.490346390977622448e+00
9.951059423151384919e-01
0.000000000000000000e+00
1.011793211847042517e+00
2.859450083784472074e+00
0.000000000000000000e+00
7.649401699765249418e+00
6.699082387830141094e+00
1.121908391645027869e-01
1.035759802375664451e+00
5.654165136511237755e-01
7.727864750141743011e-01
0.000000000000000000e+00
2.407802900623596365e+00
7.596566156949940973e-01
8.186265512081547513e-01
5.063380056162011478e+00
4.891154951940531959e+00
0.000000000000000000e+00
0.000000000000000000e+00
2.793807946746675874e+00
0.000000000000000000e+00
0.000000000000000000e+00
0.000000000000000000e+00
