9.670363640359147528e-01
1.924900738837803877e-03
1.083120705495035384e-21
1.000000000000000000e+00
0.000000000000000000e+00
1.016259324981438368e-04
9.979479342087010929e-01
9.999999999898550040e-01
9.999999999999951150e-01
9.999995202679931028e-01
9.999976410399638027e-01
1.495676145909620577e-03
9.999949667641473416e-01
3.958589535629357239e-09
9.999999650015306552e-01
5.648170564043290133e-16
4.534042152176490648e-01
6.410042091155736532e-01
6.039666422695801744e-10
8.628166909528449076e-05
2.357996012724195319e-11
9.995936628182672257e-01
4.457530048718779791e-05
9.918412333560565619e-01
2.212257110672313787e-02
9.648914838053297416e-01
9.999999954347496001e-01
6.868225966117593701e-06
4.081026250303938676e-12
7.293138286564040396e-01
