1.168159678077342889e+01
-1.561987014210878044e+01
-5.455463795315106523e+01
4.627672965349857037e+01
-5.377609844911935966e+01
-3.987714010637910977e+00
1.347194878422945763e+01
2.836849357829093776e+01
2.469672732137146198e+01
1.737228447104627094e+01
1.950597947900452045e+00
-1.151337638022766541e+01
1.269334255343813567e+01
-1.789708537137501665e+01
1.234960274825793114e+01
-3.125327132669750441e+01
-1.182929707703804567e+01
1.834431941900096419e+01
-7.510578009588134485e+00
-9.160227835707248190e+00
-2.423096155566032905e+01
1.198180849251552971e+01
-4.917094377067600774e+00
7.638626676056190945e+00
-5.280517084505827796e+00
7.790303129707443652e+00
1.504614248082200412e+01
-1.244050225755422723e+01
-2.538482285034099206e+01
1.256943672899975883e+00
