-9.999517979634791054e-01
-7.689712677916509254e-01
-9.657750859755661610e-01
-9.991194291095157887e-01
-9.541455784055720146e-01
-6.034566092900770506e-01
9.999913122605795790e-01
-9.961480131474446109e-01
-9.478463438181954359e-01
9.999303934740215727e-01
-9.999458021856062473e-01
2.720585775190235145e-01
-4.571861997959773549e-01
-9.938365631258879729e-01
9.597567419051566961e-01
7.623092813057806838e-01
9.987962469684658062e-01
9.961987534971535885e-01
8.639268483224348261e-01
-9.999969876833767479e-01
