-6.035189830821732770e-02
-3.798978927610012324e+00
-2.623182937033099194e+01
4.043146514508227085e+01
-5.789644600689248222e+01
5.620385327982228674e+00
1.552071901435710721e+01
4.664633489193112936e+00
2.090554622443800525e+01
1.290063418263867234e+01
-5.742665027862852156e-01
-1.545619519186311130e+00
2.664229016891564328e+01
-2.781733596121786789e+01
8.912137573860263728e+00
-3.723461686413870098e+01
-1.069374049965570173e+01
1.275816791783737969e+01
-4.369169276899489418e+00
-4.615980634616325240e+00
-1.997460908840679394e+01
1.291347912258154196e+01
1.252439344085597206e+01
1.557137003725982716e+01
2.009961765839532433e+01
-2.482481940450513846e+00
2.150362012756016128e+01
-2.696881472389658807e+00
-1.914679159409934428e+01
9.925357350402917334e+00
