-6.276898800222132202e+00
-3.722419318569256674e-01
-2.506751544097756579e+00
-3.893047375611735195e+00
-2.900037867098093969e+00
-6.711788563573529709e-01
6.142535268786002867e+00
-1.668453367064227200e+00
-2.557059335456862925e+00
6.718594126471039374e+00
-4.724551084006309409e+00
6.635935379746495943e-01
1.033477139543474976e-01
-3.971326299032529761e+00
1.922967465516411956e+00
2.013195692738893039e-01
2.506169675876335656e+00
2.729795194010208981e+00
4.434248296170695269e-02
-5.937483834430093310e+00
