2.022243226078917289e+01
5.381305004701992800e+00
7.088929556304114366e-01
-6.841809822429756771e+00
-1.051957929083815690e+00
3.551834989811019305e+00
1.725934343849502728e+00
1.886933048932459833e-02
-8.791555105615040944e+00
8.934764583991974263e+00
-1.332983219872445346e+01
-6.567021234070985480e-01
8.985364021474300245e+00
-2.668069081903968520e+00
8.363448322751390052e+00
-1.477062468280596175e+00
-7.460511265719975249e+00
-1.742587755604265709e+01
6.038039389513628841e+00
-3.012909096852020574e-01
-6.628114990964406594e+00
1.675148464970978068e+01
3.131793526086501522e-01
-1.356375695770693612e+00
-6.705734218294773896e+00
2.025848951117513064e+00
7.082133207189325041e+00
2.677604553074854010e+00
3.379860898486278131e+00
-1.844855083788207839e+00
-2.244971379951889645e+01
-1.165257473493798557e+01
-4.196086047047138834e+00
6.510654276745888147e+00
-5.782063987836190577e+00
2.570985006263058370e+00
-4.696252046467858321e+00
2.868964632117817271e+00
3.530626402458183044e+00
-5.674533799590987471e+00
1.563655822886896862e-01
8.306684618824110800e+00
-1.372309566646278611e+01
-1.136856632452438731e+00
-6.290657313110473048e+00
-5.030959289530127165e+00
6.692221130311062360e+00
9.923596471478359771e-01
1.412581215570809867e+01
5.095048330941959414e+00
