9.999990415452257864e-01
1.359660105537626763e-03
4.075171591055305575e-17
1.000000000000000000e+00
0.000000000000000000e+00
4.818906237224825362e-01
9.965781437578360435e-01
9.999813694512001971e-01
9.999999852066916439e-01
9.999026500584271560e-01
6.300694944794329056e-04
5.347275963785086753e-04
9.999999940827406508e-01
5.128472721033707550e-12
9.999699999449014332e-01
9.422235480709932888e-18
1.516780030836566151e-01
9.999967888976813990e-01
9.984416367116349944e-01
1.496000404720928851e-04
1.464802426832100008e-12
9.999992016042846821e-01
4.316207563902590416e-01
9.996905619315976654e-01
9.998826418937579730e-01
9.717955403703660844e-01
9.999999917090142132e-01
2.945457417383173793e-02
8.459957868003760930e-10
6.395189446249104348e-01
