0.000000000000000000e+00
5.535671747988660130e+00
8.417878706602616390e+00
6.514747603068635762e-01
5.825078486865725713e-02
0.000000000000000000e+00
0.000000000000000000e+00
8.025757696668138763e+00
0.000000000000000000e+00
1.049204962665418961e+00
2.156955097036475255e+00
3.083280162244297351e+00
1.500193110693718967e+00
0.000000000000000000e+00
5.675312607568898216e+00
5.008331678909200058e+00
4.765775934571379935e+00
0.000000000000000000e+00
0.000000000000000000e+00
2.409353336722814376e+00
1.750260458708154943e+00
0.000000000000000000e+00
2.686911475887583389e+00
4.819548789539362943e+00
0.000000000000000000e+00
0.000000000000000000e+00
0.000000000000000000e+00
1.065691362574765488e+00
0.000000000000000000e+00
2.244814547104158287e+00
9.691319349973172015e-01
7.220535811163015794e-01
3.864933325828241450e+00
3.053832169974239896e+00
0.000000000000000000e+00
0.000000000000000000e+00
1.771808449322905377e+00
0.000000000000000000e+00
0.000000000000000000e+00
0.000000000000000000e+00
