1.851689670859883918e+01
4.051918656306374267e+00
4.843370729494070326e-01
-5.789541074552219335e+00
-1.138515507892898571e+00
2.713799219452275757e+00
1.835189098013329412e+00
1.452534377688246003e-01
-7.454672512657462669e+00
9.844920026901849752e+00
-1.209523815301056970e+01
1.604862125084148827e-01
7.905396507409397699e+00
-1.811765546520543335e+00
6.688874145716176223e+00
-1.206049056011451404e+00
-9.521619779815045703e+00
-1.568778276638756708e+01
7.095960147331047629e+00
2.934385499809689102e-01
-7.034189657016683306e+00
1.543158635669229106e+01
7.432666185639635881e-01
-2.158595976570377939e+00
-5.201874289521662753e+00
1.450316757324619843e+00
6.802274831024553770e+00
2.266253465681034029e+00
2.359660852795957275e+00
-4.581475606062726413e+00
-2.047617921072883718e+01
-1.225971093586799832e+01
-5.295181977939302342e+00
9.364131453630875512e+00
-4.343219959804372365e+00
3.160452384639781176e+00
-4.394189322398702302e+00
3.855490431379937633e+00
3.398148871695523709e+00
-2.589124190305403861e+00
-3.159035010500750307e+00
5.254128602526935587e+00
-1.564514104317681920e+01
-5.189170491976883959e+00
-6.669006186860429786e+00
-3.234802743610368125e+00
6.804699383171263882e+00
8.495963453449959513e-01
1.155655697473639876e+01
4.940932314726477870e+00
