9.999979495034360122e-01
1.596766636666836553e-05
0.000000000000000000e+00
1.000000000000000000e+00
0.000000000000000000e+00
9.957386930686783488e-01
5.262761137080114171e-01
9.999999747733818722e-01
9.999999999856099553e-01
9.999668728284215602e-01
6.102716768690678029e-01
2.678644106578603734e-06
9.999019573152436724e-01
4.243105706062667392e-09
9.998876643568697098e-01
8.006849781865696046e-21
9.996461565900582880e-01
4.956233572498375817e-01
8.118020726807263776e-04
2.618749957941269302e-01
3.966413140857592011e-16
9.999999411570134056e-01
9.605678321701964784e-01
9.999997111366993874e-01
9.991741284234501030e-01
8.708744229707281875e-03
9.999999999981930010e-01
2.316023378722817452e-08
1.309226256014271815e-14
9.999756385408767878e-01
