-8.041483015321025718e+00
7.662706473969196352e-01
-5.275933154227408828e+00
-4.732308049427524921e+00
-3.467549199468058951e+00
1.154235724566784693e+00
2.560008479187210195e+00
-1.135439761931485547e+00
-3.377362101527364047e+00
7.290682601016619913e+00
-3.203760153675878630e+00
4.281935584723481902e-01
1.379513030915991978e+00
-3.488138270946503638e+00
9.231453134399320026e-01
-9.710586455263175987e-01
-1.326544183197273963e+00
3.288033633416585388e+00
-3.037686979895558359e+00
-5.099285404366795227e+00
