-7.287656724973427202e+00
1.382490834573135041e+00
-3.736235258439553952e+00
-3.557905799527169677e+00
-3.729514934480858024e+00
8.590104238837268369e-01
4.178728733322959243e+00
-8.594088879544523607e-01
-2.689180520189323964e+00
8.363480713551998846e+00
-4.227394034552487412e+00
5.006899843390263394e-01
1.818192303874704541e+00
-4.520613528354853194e+00
1.425614472983973702e+00
5.863517787499331751e-02
1.292979580501906200e-01
3.177011698861319733e+00
-2.724861941074483873e+00
-3.789986248810299330e+00
