3.053675111417261334e+01
-7.531059954837371340e-01
-5.044559103085520801e-01
4.909386870988853291e-01
2.558649258000393445e+00
8.174507326230870063e+00
9.990795071369312552e+00
4.291003999650934375e+00
-8.651260781020294388e+00
9.940922765532331340e+00
-1.131660903433563270e+01
-2.306161497044032060e+00
7.473576604807909085e+00
-4.548654215104441789e+00
1.595404254859650539e+00
-1.889864112776670657e+00
-1.324438468981024286e+01
-9.790368431141212469e+00
7.204109094082211229e+00
-1.004969744423369171e+00
-2.064936505157084046e+00
1.187988213077667332e+01
-1.602402926881557610e+00
-1.507576773958432481e+00
-4.205487772087306730e+00
-8.249334982301800290e-01
1.005862065218148871e+01
5.806523526360079401e+00
6.974871602634796552e+00
-4.446728031436015804e-01
-1.100964854797943282e+01
-2.801172317024841707e+00
2.487822859286167976e+00
1.017919265812573926e+01
-3.846572138643099770e+00
7.727138809086202542e+00
-9.331115577623997126e+00
8.931870802831113565e+00
2.196421312969591977e-01
-2.407007502225772200e+00
-2.297453058909722401e+00
-1.082817514163281203e-03
-6.120404853877789542e+00
-1.245219182268611569e+01
5.432881675329743310e+00
-9.421958338618228623e+00
9.585713794714845193e+00
6.001285955606164180e+00
5.751442918729744669e+00
1.444120447339414914e+00
