1.731383378503811299e+00
6.192792929449879580e+00
8.744097117910349937e+00
2.488856013291512070e+00
0.000000000000000000e+00
2.467725539554157965e+00
0.000000000000000000e+00
1.130323356192510431e+01
0.000000000000000000e+00
0.000000000000000000e+00
3.851477515772489202e+00
2.923169936919450151e+00
1.548000182363984178e+00
0.000000000000000000e+00
0.000000000000000000e+00
7.257557004321194327e+00
6.839400447450070253e+00
0.000000000000000000e+00
0.000000000000000000e+00
7.153002827599392877e-01
2.195109210846216019e+00
0.000000000000000000e+00
5.933040427365824598e+00
5.017202419948054271e+00
0.000000000000000000e+00
2.039061363806601967e+00
0.000000000000000000e+00
0.000000000000000000e+00
0.000000000000000000e+00
5.596080422109068753e-01
1.412927810571048326e+00
0.000000000000000000e+00
1.915949337598372271e+00
4.453157646055569963e+00
0.000000000000000000e+00
0.000000000000000000e+00
2.782533955922982472e+00
0.000000000000000000e+00
0.000000000000000000e+00
0.000000000000000000e+00
