2.693252590055674744e-01
7.076432859896526928e+00
7.941637424046658289e+00
2.239162621178597323e+00
-3.329430129471416144e+00
3.176925150776445328e+00
-4.228810096546939512e+00
1.278125650837259997e+01
-8.233621927920792061e+00
-1.602862297080302478e-01
4.581724271867067877e+00
2.135817778838866587e+00
-1.844584699349960388e+00
-4.501584595945262279e+00
-2.079891241411356839e-01
4.961831995803821727e+00
5.502281720426339895e+00
-1.761329690335224074e-01
-5.552326775873759779e+00
2.461310120042023986e-01
6.346149310167825686e-01
-1.460696150539038562e+00
6.319611443604671308e+00
6.330781692914808190e+00
-3.622478505057820986e+00
-2.265462047307027493e-01
-1.868353270050937098e+00
-7.744108480438808284e-01
-8.351128358554108289e+00
1.349584065563392610e+00
3.977030847510875655e-01
-8.951919077547065839e-02
1.987619513115586267e+00
3.753598094014638065e+00
-2.904025198410007391e+00
-1.267734046339841569e+01
3.825781677811959547e+00
-4.588119928662238500e+00
-4.052601420035143676e+00
7.277395578299610257e-01
