-8.037989586870633474e+00
-2.945840484377391100e-01
-5.404838193540884461e+00
-1.717550011780701880e+00
-4.107264740985042906e+00
2.020997336547567080e+00
4.027830480664428059e+00
-1.249680878130615680e+00
-2.292033371453547463e+00
3.471861408958406781e+00
-5.107789024843098602e+00
-2.881525717342888093e+00
-1.477642638728006719e-01
-4.304833304500725877e-01
2.894078024406570027e+00
-2.046980927929431260e-01
2.108733517072113983e+00
2.641787693037684903e+00
-3.414847982989430264e+00
-7.799367893186335721e+00
