-9.999924381142833996e-01
4.144047808536010374e-02
-9.994850032360786951e-01
-9.968542619325005960e-01
-9.983582484453875638e-01
-1.418631641614341576e-01
9.999724951524272543e-01
-9.594041343784712739e-01
-9.220238262780218186e-01
9.999766773415331711e-01
-9.998976335712465024e-01
-5.662813450871022614e-01
-1.202700496718459716e-01
-9.376659789725511063e-01
9.977462219147072986e-01
6.606653465330850072e-02
9.860898368931880764e-01
9.974995758040746674e-01
-8.857493954507017486e-01
-9.999992195159768116e-01
