2.396247968058907052e+00
-1.370688660971440953e+01
-3.321811820621272915e+01
5.157333666676028372e+01
-5.824961711306644219e+01
6.469528091017435756e-01
2.385294218782297904e+01
2.218907841570530692e+01
2.742368041974068049e+01
1.963638957299166066e+01
3.272105054324897733e+00
-1.564335847821270775e+00
2.637517272361684917e+01
-2.791825657940783856e+01
1.854783836618227255e+01
-3.948826007910681568e+01
-2.311759506898162186e+01
7.509151293569292562e+00
-2.461384967766571208e+01
-1.322053467858207831e+01
-2.573262412695971690e+01
1.773734111373764932e+01
1.311049440698313084e+00
1.607555095427355596e+01
5.099313493401515629e+00
-2.058141154777374915e+00
1.280828914282605879e+01
-1.613951028849538005e+01
-2.731656721114973152e+01
4.875119548795596280e+00
