-9.999955261995524536e-01
9.544405129506843000e-02
-9.999523514497460353e-01
-9.745427693840283956e-01
-8.798875152782420495e-01
4.472392541235425401e-01
9.995672371545175627e-01
8.225981207881442048e-01
-9.999468678707525982e-01
5.549545749078808043e-01
-9.999990603997016558e-01
-9.748400193830800697e-01
-9.694961948640758997e-01
3.453972494886501932e-01
8.865141136082723694e-01
-8.879633113996791005e-01
9.934365299971668062e-01
9.627541251483020535e-01
-9.708698531268729059e-01
-9.999999922846589673e-01
