-2.128538854217189691e+00
2.801132901733174307e+00
-4.206226245926148977e+01
4.434255883713843360e+01
-5.719856007855879199e+01
-5.018898607832338321e-01
1.382911440909004952e+01
1.143337179638188417e+01
1.593615863326533599e+01
9.479340667492211381e+00
-4.993180441823224847e+00
8.955140458237442758e-01
1.984545886030068473e+01
-1.995338627492278150e+01
1.821015815785724001e+01
-3.851069233923627166e+01
-7.008220853674510309e+00
9.210467238636468323e+00
-7.278346608535944284e+00
-7.464495159575975869e+00
-2.462059673150262640e+01
1.563732516814061135e+01
-1.869509951546410775e+01
1.678493772553859387e+01
1.819540944909169511e+00
1.984406515153803952e+00
1.275634666172434883e+01
-8.039225093168251846e+00
-1.957006943253593079e+01
8.748517281362577336e+00
