0.000000000000000000e+00
6.262389494684189373e+00
6.526500918198535395e+00
1.432568325677283871e+00
1.421645152403044343e-01
1.497302540366275858e+00
0.000000000000000000e+00
4.880979447488269507e+00
0.000000000000000000e+00
0.000000000000000000e+00
9.327864763850833851e-01
3.874344914696473019e+00
9.179594714441127179e-01
0.000000000000000000e+00
3.903298884916157618e+00
1.539768015016302227e+00
2.000760234015453776e+00
0.000000000000000000e+00
0.000000000000000000e+00
1.312102542947255257e+00
5.045795467141340751e-01
1.312930223101900218e-01
3.838783248297044093e+00
5.279152060403006885e+00
0.000000000000000000e+00
2.069273769795685336e+00
0.000000000000000000e+00
0.000000000000000000e+00
0.000000000000000000e+00
7.176275120408805996e-01
3.664971559945625401e+00
1.197930872429521454e+00
6.806138815124252339e+00
6.408001037689593282e+00
0.000000000000000000e+00
0.000000000000000000e+00
0.000000000000000000e+00
1.162038371725917063e+00
0.000000000000000000e+00
0.000000000000000000e+00
