9.999983699493529832e-01
6.774482237278039998e-02
7.387807263742198760e-01
1.009633913093426344e-01
3.501325438507682519e-01
9.988839061929299934e-01
9.999932610329095306e-01
6.645893426454043892e-04
1.801586875338221858e-02
2.210375160790155336e-01
1.228742076527087788e-06
2.054697825928828933e-05
9.999402297181656518e-01
2.297274572286167257e-02
9.990251412984224588e-01
9.414394274885886649e-01
2.941241072553737578e-03
1.015333943187171802e-02
9.999947072015056282e-01
9.996793707431733678e-01
6.774565978582795117e-05
2.872943198486643257e-01
7.314074924210157702e-01
1.833390848971292592e-02
7.446536870169676351e-05
4.591674504798952221e-03
9.999988355025943854e-01
6.901756683928729208e-01
9.949869703004072807e-01
8.490636852173426563e-01
2.815496650094657591e-04
9.268108471455491562e-04
5.626284191443169380e-01
9.978558784380137103e-01
7.399754649415006666e-05
9.998585368524581796e-01
2.141269961233062749e-02
9.995107501326991883e-01
2.735366572480148473e-01
9.017283868295446843e-05
9.999129467226178791e-01
4.004597718380087379e-01
5.208288050666502614e-04
4.765326854705231814e-05
7.876391744337354125e-05
9.981355499634698702e-01
9.818557188976916317e-01
6.921755264655095666e-05
9.952775838064533698e-01
9.999774339717206750e-01
