3.830583387292657016e-01
8.887260233608431648e+00
-2.764897028435584758e+01
2.482738512523119567e+01
-3.809303977003493458e+01
3.014091353936576567e-02
2.278572844445752921e+00
-7.255001422610428685e-01
2.097775930779665643e+01
-1.563522631804433738e+00
-2.237535040895989980e+00
-1.688528864633892113e+01
1.480573802485163171e+01
-8.658513155821315976e+00
2.554086471890404386e+00
-1.760773432151017914e+01
1.067294793769850969e+01
4.168817915824878817e+00
1.715438853087194815e+01
1.101488707856192839e+01
-3.018965827361774856e+01
1.074133641871046319e+00
-1.952435089289490611e+00
1.220043189947083739e+01
1.652730012855170827e+01
4.093070625127574580e+00
6.901958805383254791e+00
-4.290008874896042990e+00
-1.110099436111351601e+01
3.599249101442778986e+00
