9.999999020580525588e-01
9.942023989779149584e-01
9.958488738232781357e-01
3.696549207792525216e-02
3.763582106025433784e-03
2.816857598380064220e-01
5.664270712211356973e-02
9.910264165233387823e-01
3.318212860657346786e-04
6.916116192420777020e-01
5.857362536176315658e-03
1.658676208126420859e-02
9.951663455539921932e-01
2.408324110924241407e-04
9.410899728302829850e-03
9.380829666618692442e-02
8.686229849191750077e-03
8.082478608543328883e-06
1.045368570167961968e-02
9.796298730469437483e-05
1.693773113661460215e-03
5.097096588459897742e-02
9.334311844374452161e-01
3.552088114333470936e-01
5.068060632679171089e-04
1.268867126724948372e-03
9.906921713434124754e-01
9.990214184825276789e-01
9.694389781842985832e-01
9.952588491201265208e-01
2.754278561541232003e-04
8.518431457477642493e-03
2.677534467944924293e-02
5.962158911994296388e-05
9.966290270485702596e-01
7.546640761403810085e-03
9.513622008243479040e-04
3.296254220781130173e-01
7.972178728831171013e-02
4.487590130056189897e-01
9.440319035901622025e-01
9.886279129198749516e-01
5.158002994195621301e-04
3.078774478595984725e-03
2.964300967698476023e-06
9.657625197072111645e-01
4.104800690627857795e-01
9.999982833821248196e-01
9.999800319630757217e-01
9.999900459083148618e-01
