9.999969924976869207e-01
9.999535742266745242e-01
9.993805627815447457e-01
3.312300147847399567e-01
4.302261808877886895e-01
5.778585048510464887e-04
4.459338298322612082e-01
9.588870212358887590e-01
7.292170973644163112e-02
7.962318379414514702e-01
2.390377075709413865e-02
9.999293485829293671e-01
8.111502359499167536e-01
2.766662607753647593e-05
1.290976188225736966e-04
7.710452367163884990e-02
6.604937867355734626e-01
7.567349992438564470e-07
1.305273678344665402e-03
9.856557482388431022e-07
1.318747132229196447e-03
9.999727940564087092e-01
8.848488992993172042e-01
2.912259264022828281e-02
4.079918873978980454e-01
9.349843067660946749e-01
7.237329058311288144e-01
9.792596230154378967e-01
3.031119778843181876e-03
2.640007906104978666e-02
5.718993160638761702e-08
7.047487988811151904e-01
1.375705344614197023e-01
5.324726830374958603e-05
9.939021714399803864e-01
1.579964911976762729e-05
4.338381756293688274e-02
1.194239203731007129e-02
7.711055569092741327e-03
9.716382538339141117e-01
4.664946761927028090e-02
8.079666474926852082e-01
3.401067679178645096e-04
4.502081213336037863e-02
1.071075897130190947e-02
2.929855828118287445e-02
9.992083106969823492e-01
9.999642120850974480e-01
9.705082651718910380e-01
9.753804821236465861e-01
