1.526475754848242872e+01
6.638017742541578059e+00
3.075364647988350963e+00
-5.845676857248610636e-01
-5.198559786421863116e+00
-6.287459442128554343e+00
-5.681633785735025199e-01
7.746360309570320624e+00
-7.394282012962175799e+00
-1.988098550725742042e+00
-5.230265239459525040e-01
5.786579644343346374e+00
3.629664456336957556e+00
-4.010788750986481688e+00
-7.400498634968188050e+00
-6.678928920959908311e+00
8.380289963632602479e+00
-1.378625846225489404e+01
-7.527736893926028294e+00
-1.311098207127602500e+01
-7.209067026603121597e+00
1.533384318788883505e+01
1.285706057049277096e+00
4.955212099831804551e+00
-1.255055820241784081e+00
-3.544553083768064106e+00
1.548722436552104620e+00
8.058794067580679066e-01
-6.128014053737587119e+00
-8.138722233649202664e-01
-1.689555846484854129e+01
9.992011924679756518e+00
-6.847321089857450360e+00
-3.829050720344555181e+00
8.288842606339326124e+00
-9.649606145259106427e+00
-4.617004275382599943e+00
-6.220745795172846648e+00
2.025490012043235311e+00
5.489588320905178342e+00
-4.505829385395814235e-01
1.745858185576099064e+00
-2.735147749457040867e-01
-2.049528410251101995e+00
4.192179653982348597e+00
-4.839829513663769234e+00
1.419878850987054264e+01
1.370171419248280031e+01
1.390108925219993452e+01
1.276476163093669847e+00
