-3.262134974310896496e+00
-1.153419545837136795e+00
-2.974510923953880059e+00
4.773843073198921760e-01
-2.517619485558248105e+00
6.236155787440988973e-01
7.435816527248079844e+00
-1.212294347547844042e+00
-8.824662681325945446e-01
8.145666507940262591e+00
-5.965561313402084842e+00
-1.057160977381594424e+00
2.737051820300261396e-01
-1.157821450321895096e+00
4.687937779793151627e+00
-2.669304791522282838e-01
6.738452774382464483e+00
4.904532842418073635e+00
-2.036161989047776455e+00
-8.434564763429056811e+00
