0.000000000000000000e+00
1.412604813706187512e+00
4.515642172680293775e+00
6.157284862832867134e+00
0.000000000000000000e+00
2.671427934214903877e-02
2.644025080371308789e+00
4.675585453573074979e+00
0.000000000000000000e+00
3.247377637860227040e+00
3.897428869491051717e+00
1.156500347714498833e+00
0.000000000000000000e+00
0.000000000000000000e+00
4.221567230468645349e+00
5.511776749290659971e+00
2.673630395735972609e+00
3.280736364556909201e+00
0.000000000000000000e+00
5.014238512028732497e-01
0.000000000000000000e+00
0.000000000000000000e+00
5.259036292973961579e+00
8.426872502075925198e+00
6.537824974603396733e-01
2.871871777240794232e-01
5.712446268756464107e+00
3.381399956316944788e+00
0.000000000000000000e+00
2.490589049566465984e+00
2.364605032044441835e+00
4.259278022085840831e+00
4.006169188124842684e+00
1.008058037792489081e+01
0.000000000000000000e+00
0.000000000000000000e+00
2.906287008902213920e+00
0.000000000000000000e+00
0.000000000000000000e+00
1.701960490396220438e-01
