1.486336312354435130e+01
8.368228259293486460e+00
3.047986041519944678e+00
1.161915549432467554e+00
8.998240118399736254e-02
-4.059834714400805566e+00
7.141475280388429603e+00
1.987516036491436378e+00
-6.546461741253430944e+00
3.957558585609150192e+00
-3.629952710713817865e+00
3.062626368415803491e+00
6.874690285409342572e+00
-6.853489830703079377e+00
7.346562558580477242e-01
3.281668694338484293e-01
-7.480345046611671656e-01
-1.136123183867979058e+01
8.187540628517271379e-01
-8.304085698787153191e+00
-9.714098978879359692e+00
3.276712463536338937e+00
-4.920481690099247629e+00
5.581216649201271807e+00
-2.671262336279341731e+00
-1.323809630359345846e+00
4.201678267433144320e+00
-4.689667599168111600e+00
6.470025633651726338e+00
-2.097377526414977655e+00
-2.659642756802636399e+01
3.154918145104100846e-01
-1.211940495862125999e+01
5.120802720508539352e+00
3.600617654168567494e+00
1.917572861252188066e+00
-2.871258615623545118e+00
-7.272991177764125403e-01
-3.381620201103068268e+00
4.365158895498203684e+00
-3.089745650570050906e+00
-6.876953777332106554e-01
3.244435243310699768e+00
3.642961375519234934e+00
-7.560468004363729566e-02
-4.178128813996976554e+00
8.224612195190655228e+00
6.782751775766707958e+00
5.557448873680131962e-02
1.147978056273185921e+01
