-3.734348886539027745e+00
3.286352273908417665e+00
6.450641418830763030e+00
4.580088132100669895e+00
1.430939119501939860e+00
-3.176802413233917322e-01
2.558555902915831570e+00
5.142212092587241656e+00
-4.137860395997800644e+00
2.324050422256191517e+00
9.758816346203246228e-01
3.444952336428964479e+00
-4.438891301641810117e+00
-1.050189421309682203e+01
3.801912070611424888e+00
5.375318572684315122e+00
3.681051555895201499e+00
1.906670550372607131e+00
-1.335156555859840166e+00
1.502260421748990993e-02
-7.588955727681652164e-01
-5.457775311080137470e-01
4.961663178688256792e+00
7.953287968311550493e+00
-2.280458846331272049e+00
2.488624671828608470e+00
3.622398557968214750e+00
4.561593432922946612e+00
-7.995611281636213263e+00
3.793009358549734866e+00
3.372905753836372145e-01
4.063744242774221860e+00
4.977522296383657618e+00
6.232851581428820786e+00
-3.593873709884598977e+00
-1.059449839872866761e+01
2.758848103998196244e+00
-6.208044770410084290e+00
-3.390409203358989210e+00
2.236762811653766336e-01
