1.021807612801993592e+01
-1.614234737618976112e+01
-3.534410407347990457e+01
4.286429211679001128e+01
-4.884795766319275145e+01
-7.944194392699518659e+00
9.528215352049066666e+00
2.514544865476903013e+01
3.515552963337701442e+01
2.338111033861738619e+01
7.728647661345204867e+00
-1.637151791293842606e+01
1.894007864748027359e+01
-8.534546431823573087e+00
4.475408038950448919e+00
-4.074689937181575772e+01
1.080737566681398576e+01
-3.794358759154216276e+00
-5.023909921853682903e+00
-3.227591192828553890e-01
-4.236000975258899359e+01
2.534523325218266399e-01
8.876832907157776731e+00
2.922585379028197927e+00
1.613571852544785656e+01
-3.329110159830306337e-01
2.312828616065181464e+01
-1.165732553153806528e+01
-3.040023417571667608e+01
1.790204428019544380e+00
