0.000000000000000000e+00
3.286513973272229272e+00
5.882185654993406843e+00
6.357145071354191046e+00
1.919923095111511380e+00
1.128930927213314783e+00
1.845178142319420234e+00
6.358358250520055321e+00
0.000000000000000000e+00
1.878792166217999604e+00
2.040927369797324031e-01
1.811108698031847375e+00
0.000000000000000000e+00
0.000000000000000000e+00
3.180617377618985664e+00
5.901510716300871096e+00
4.092213526175081384e+00
2.291278998899693775e+00
0.000000000000000000e+00
6.907216134197641244e-01
0.000000000000000000e+00
0.000000000000000000e+00
6.790017067552385654e+00
8.338961130817683198e+00
0.000000000000000000e+00
3.267932766304751935e-01
3.432064964163025422e+00
2.642165089950673007e+00
0.000000000000000000e+00
2.760967018048892996e+00
2.365425503535464102e+00
2.389293121184292712e+00
4.669736169340964693e+00
5.339167778877702553e+00
0.000000000000000000e+00
0.000000000000000000e+00
3.562615208493175700e+00
0.000000000000000000e+00
0.000000000000000000e+00
1.884756655690384974e-01
