1.346856567554237927e+01
2.005537130629845066e+00
3.223243551554271669e+00
-3.118333310311984352e+00
2.933631084576833192e-01
-5.536779491904592732e+00
4.572148147295557408e+00
8.499207075046482984e+00
-6.688935277915486033e+00
5.487878155002785974e+00
-5.026882725072802316e+00
8.678759750955981067e-01
8.242219544544180820e+00
-9.239327388784664308e+00
1.375010244102963242e+00
-2.288456407849868590e+00
1.225737324665376882e+00
-1.296113056638467675e+01
3.256097957023059042e+00
-5.887429348833101095e+00
-1.369723169192925560e+01
7.500080252214964993e+00
-6.188503469268944457e+00
7.074026421052097113e+00
-5.340344645359355269e+00
-3.118439681024984811e+00
2.020193822816518825e+00
-3.746554476269092326e+00
4.262116667346400156e+00
-7.597135320971339922e-01
-2.646959791554975183e+01
2.309350011080596232e+00
-7.964210297017449314e+00
2.137924378420945182e+00
3.951618194986795896e+00
3.595316413707573044e+00
-4.264165939007841466e+00
-3.490045054886570242e-01
-7.052932366872290970e+00
3.161139940647926139e+00
-3.306843219133183354e+00
-1.031934131551381473e+00
8.720393206742735881e-01
2.083544845052256900e+00
-3.420360418141016101e+00
-4.172559709426684194e+00
6.041501790074082834e+00
6.060484712273455976e+00
3.967488326349988270e+00
2.010198494434510152e+01
