7.802033073810151542e+00
-1.333583803549905156e+01
-4.263110999415999203e+01
3.741030406228107097e+01
-4.285731706969824018e+01
-3.617176460001878091e+00
7.932505554423251226e+00
1.448259400732922764e+01
2.861214274003661018e+01
1.679737415870191342e+01
1.139253667789325952e+01
2.958710548075993874e+00
2.357947057298081361e+01
-4.951074306778781242e+00
9.728669643501309139e+00
-2.066310411880196796e+01
-6.245052676927439705e+00
1.190451852725442272e+01
-1.509994299073189161e+01
8.481079355554269839e+00
-2.374428399154486868e+01
6.915182164043532254e+00
2.199696600197089680e+01
1.221043101852909452e+01
1.146017291942048466e+01
-4.090314858845004231e+00
2.249230870794466242e+01
-1.357840209290892197e+01
-2.451857114253651915e+01
9.021026558638270743e+00
