-7.724326190588668872e+00
-1.094062845042708343e+00
-3.593626740128258668e+00
-1.476446602594581492e+00
-1.704011638882733770e+00
2.568764794945802343e+00
4.005218247940528720e+00
-2.666193939566094961e+00
-3.488526079082527431e+00
6.271168495391423292e+00
-5.395283454702358483e+00
-3.757288552415631422e+00
-1.424128861461921303e-01
-3.118344792203707527e+00
2.481137058691770925e+00
-2.819577965201569558e+00
1.200310573883467624e+00
1.857581209852177562e+00
-4.096362375586232396e+00
-6.686716014226209204e+00
