-9.967646730031572977e-01
-1.279859887542354746e-01
-9.915473119091299248e-01
-8.247581720938020888e-01
-9.956264921077456753e-01
-6.731688562218300920e-01
9.999870733328870553e-01
-9.914089821128436730e-01
-4.081136812104513290e-01
9.999979471404696341e-01
-9.999897990642369061e-01
1.279826699896392250e-01
4.151970287038961316e-01
-6.284447471605049129e-01
9.995362660240050268e-01
3.635489434038147727e-01
9.998771990700338064e-01
9.986649054076222054e-01
-6.028399170986755706e-01
-9.999995592929514787e-01
