1.473402193085925838e+01
5.309227538098268973e+00
3.349808810948516347e-01
-7.752287265013508843e+00
-1.015596936356500057e+00
7.741041191599522087e+00
-1.296949471711222879e+00
2.741624972610498645e+00
-7.275962596058692888e+00
1.229952010386762318e+01
-1.226235698868989310e+01
2.305902644405458446e+00
1.030500315351098983e+01
-3.900305570827196977e+00
1.043254363641512228e+01
-4.964116534836786609e-01
-1.274795704310291278e+01
-1.698721018042694908e+01
7.753974217773043520e+00
4.038707119540859147e-01
-7.234751731460584701e+00
1.374714122558449780e+01
-6.296535096697946088e+00
2.731383717874215744e+00
-1.082581378757754642e+01
5.078842987180768320e-01
3.798028907379221053e+00
-4.510940627495536592e-01
5.731313002600785467e+00
-1.998038687938936686e+00
-2.293451140442321901e+01
-7.679148033299181719e+00
-5.648436206068421228e+00
7.550268698213117524e+00
-1.038785071075538724e+01
4.495089525197438540e+00
-2.526137924411211433e+00
1.211223234523241210e+00
2.240235640189267574e-01
-3.225217433407717937e+00
-1.724960812036203661e-01
9.224042353093803825e+00
-8.999632119632716254e+00
1.122365637220986700e+00
-4.209685769713282788e+00
-6.211429892708911993e+00
6.870564519873839870e+00
-1.196298301893998772e-01
7.983123965736853123e+00
3.286985736479723919e+00
