-5.893013269524972841e+00
-5.045075030826100537e-01
-2.337475983685054715e+00
-4.083359074193030125e+00
-2.607969043896708250e+00
-5.094241172325386646e-01
6.225304634170352180e+00
-2.370151999144482602e+00
-2.174724009028767391e+00
4.682381988945891749e+00
-5.207336311300956311e+00
5.567186368956472675e-01
-5.346966077884114377e-01
-2.956736627368528048e+00
2.184212876678641280e+00
7.347484270891603275e-01
3.271055499219262419e+00
2.742465180818150827e+00
1.058513558964277568e+00
-6.693329215117142184e+00
