9.999998704484563961e-01
2.350890369581148682e-03
0.000000000000000000e+00
1.000000000000000000e+00
0.000000000000000000e+00
3.744354863742431830e-04
9.942810089612148516e-01
9.999999999987860821e-01
9.999999999992292832e-01
9.999990082647475242e-01
8.489079499342492285e-01
1.945058384011593043e-05
9.999910852822815333e-01
1.289831849759961784e-11
9.999999960347245587e-01
1.130275301802407990e-17
2.190035722899721926e-01
9.999915121392728423e-01
1.017640572560458978e-01
5.855955376070008612e-04
1.252007429677048024e-13
9.999998833966345924e-01
3.394645357650452683e-09
9.999647956891738465e-01
1.255213815061997917e-02
9.994386520214483260e-01
9.999999542275422870e-01
6.309386824419441140e-06
6.757882266103088456e-10
6.254953206861675330e-01
