-8.010220028244994239e+00
-4.055657125322071899e-01
-6.005177313441838471e+00
-2.170896959411841909e+00
-2.671017520003234225e+00
1.662006349467899602e+00
3.622913799285015557e+00
-9.382545811014442183e-01
-3.376779527641678325e+00
3.937652732906272046e+00
-5.429838516405808946e+00
-3.346953767776115640e+00
-6.107308261678556782e-01
-1.517584291574903821e-01
2.503066242505301187e+00
-1.972559360187615241e+00
1.953614017629948574e+00
2.452075265876201726e+00
-2.910725339526292199e+00
-8.265106798875965666e+00
