-4.336233217924017502e+00
-5.520489292900606415e+00
-3.465087465901441988e+01
4.384105593232442999e+01
-5.490891898226121981e+01
1.088562643567865074e+01
1.412757335975521755e+01
1.211370866139227154e+01
1.871023835530611024e+01
2.160257166665724782e+01
-3.817820160438806898e+00
-2.586981142275366352e-01
2.786502989800929342e+01
-2.195637120536450837e+01
1.994214881128167960e+01
-4.943719242935573277e+01
-4.864424312302844555e+00
3.424530453170262501e+00
-1.267422725700325437e+01
-1.783153570483807959e+00
-2.697679415283714377e+01
1.705446903520611457e+01
5.019390941941746398e+00
2.262496503324117825e+01
1.571994303831663409e+01
-9.877282682634218602e+00
2.530525789244549628e+01
-1.334455976349267736e+01
-1.671142104597059941e+01
1.404484778972202541e+01
