-9.999958370107983052e-01
2.115294804554174735e-01
-9.999978671599495383e-01
-9.976931760736867938e-01
-9.849462868573960472e-01
-4.260268550473113036e-01
9.328691737300837117e-01
-9.760784988572545062e-01
-9.996461496225553800e-01
9.942728432179732678e-01
-9.970965440637770127e-01
-7.840416131936874811e-01
-7.697756422748498473e-01
-6.555085323602207747e-01
3.751845414404802459e-01
-9.625411487553731105e-01
-9.719731310761521303e-01
9.587317983250915887e-01
-8.519702169410808823e-01
-9.999999793022273931e-01
