-2.959216493753601629e+00
-1.112092693506887997e+01
-3.727958794159513900e+01
4.887017962648519642e+01
-5.084107096363220535e+01
-5.623464099213776990e+00
1.691657543396827279e+01
2.065402164788397954e+01
2.528039600850214086e+01
1.846609502457427610e+01
-3.253366039610557259e+00
-1.119120183100082855e+01
1.702337089758675148e+01
-1.473661083055537624e+01
6.636770031109499257e+00
-3.550513231625666322e+01
-8.846897124398259038e+00
1.205026505068434872e+01
-1.231715317303392787e+01
-1.155951886528595907e+01
-3.521438498551752616e+01
1.519526296904725626e+01
-8.304537150564144099e+00
1.203071361119812188e+01
2.928706897024598188e+00
9.724629911553090977e+00
2.411225513537656084e+01
-1.286906719606916738e+01
-3.073719454797960893e+01
3.668390510367630419e+00
