-2.284456215291109871e+01
-4.454888423925645213e+00
-1.142603987759638606e+01
5.046796212154875860e+01
-4.280088780752029010e+01
1.708531175206080555e-01
1.892518102589394502e+01
3.068516987577563082e+00
2.508358964670489399e+01
1.564244765549437766e+01
4.275479281529759312e-01
1.328134289811122803e+00
8.827399515654885676e+00
-1.762929169173577293e+01
1.171635736287355734e+01
-3.811902958212398573e+01
-7.279990474455034999e+00
-2.152922095535350078e+00
-2.154554708188763712e+01
-1.232139676826881924e+01
-2.907530222867590197e+01
5.873277745058457455e+00
2.589493259399322511e-02
3.848417246602338970e+00
1.613096597920489472e+01
5.955481931290533382e+00
2.463129730788247329e+01
4.492682209844005570e+00
-2.847170464438663728e+01
-4.337739199538749313e-01
