-9.999786515643882545e-01
7.946982607748103167e-01
-9.998775655391508588e-01
-9.905114482601256043e-01
-9.831352400945193581e-01
-7.663971239383623457e-01
9.999332366245631265e-01
-9.887647912470447498e-01
-9.973336374839266716e-01
9.997833015393452483e-01
-9.994955809110074307e-01
-7.685891970071688784e-01
-7.985041409904167775e-01
-9.758286716969082342e-01
9.292446141651259373e-01
2.730803065405575936e-01
-1.412161934086370585e-01
9.597190530176888945e-01
-5.370238608917379808e-02
-9.999996115417273401e-01
