1.922008150554039929e+01
-5.570119517653927765e+00
2.234696042331766552e+00
-3.908486616203000086e+00
-9.162830929757172171e+00
1.617245333889434633e+01
1.953381087983476316e+00
3.609657573971104316e+00
-7.139607169061587655e+00
6.076703633194442844e+00
-1.268246689618532486e+01
-5.490998036342359612e+00
3.244683543804909309e+00
-7.249799849503377303e+00
1.302018304500061774e+01
3.701479766166384522e-01
-1.339489369782652339e+01
-9.280167683730581984e+00
1.025109506460298014e+01
7.829500138668786136e+00
-8.238315272220596341e+00
1.057047945110883447e+01
2.101888279287331240e+00
-1.691900391742675369e+00
-1.340394597959689804e+01
-3.000191050030438511e+00
9.290810720033929826e+00
1.461153474989451695e-02
7.338583863043948163e+00
8.793143729305457512e+00
-1.346422197670344723e+01
-1.967293078316328714e+00
3.283801060524421001e+00
5.919907176981095809e+00
1.056931142630055831e+00
-1.468591612275847336e+00
-9.675862158763912646e+00
2.608786406079882880e+00
-1.361817006882466430e+00
-1.679975473260186547e+01
6.925800656304378577e+00
6.564878044136518431e-01
-8.288139626543769012e+00
-8.862472045039631041e+00
-1.118311292239113897e+01
-3.200302118979435839e+00
9.204841961561076147e+00
-4.246786546969331333e+00
-8.860000618638770309e-01
3.439362378719200031e+00
