9.999963428839516721e-01
2.675209757294438970e-03
9.425948913744075508e-01
9.621028812202207618e-04
2.486431869650976290e-02
9.999998739914840451e-01
9.649106261352675684e-01
1.257505411169937137e-01
3.915548614429418400e-03
9.044064186087323876e-01
2.405541259820570223e-05
1.239751909825631158e-04
6.227182278945457838e-01
1.160174725962706848e-05
9.999016202713869594e-01
7.017292941089242619e-01
4.672982964463389297e-06
1.244420461258749500e-03
9.995101466013704972e-01
9.999987403924245344e-01
2.485022716177588838e-05
9.999886957249647379e-01
2.815136211622459861e-01
2.642334517607044519e-01
9.523839562114218502e-06
1.038409433633009568e-02
9.993751022647013871e-01
9.074466034984871587e-01
9.997198356475673897e-01
9.932716190078407781e-01
4.959292281080720025e-03
8.892935544660926506e-02
9.869856303326836056e-01
9.997731646526486493e-01
6.445842906998873190e-01
2.719549644362098118e-01
3.666356845220068017e-05
9.335980615246088909e-01
6.411323056547417465e-02
4.725637042129015425e-06
9.999969632818628273e-01
9.161959591882640197e-01
8.153084254943192971e-04
3.301115620752244286e-04
2.845890103366376149e-05
8.442065156087026345e-01
9.998672711516842782e-01
5.299240976445206419e-01
1.456151649669833181e-02
8.649579071549542419e-01
