4.828212810493068829e+00
2.593453436603680551e+00
-1.248594712576816690e+01
4.242450285725823989e+01
-4.125275804700670790e+01
1.740917122438219611e+00
1.504683301450724642e+01
-2.170078462783839868e+00
2.911843584113589678e+00
1.310207592229205886e+01
-2.277072374648228248e+01
-3.318528970077312401e-01
7.317810686945995791e+00
-2.625889616160963058e+00
7.522824765639435363e+00
-4.527079540955607229e+01
9.703284469675164559e+00
5.372388249607821464e+00
1.714931565149176862e+01
8.657138733103350248e+00
-4.371464047555488719e+01
1.839505118158253438e+01
1.594592199804850097e+01
1.623217217660264922e+01
2.258328208755091282e+01
1.349326751079183317e+01
2.428143176838075590e+01
3.750352549014914327e+00
-1.737388490536080354e+01
9.723515779358420374e+00
