-1.914400941185672611e+00
1.926029487341118696e+01
2.888412094715805623e+00
1.948119382155848811e+01
-3.503539753394964151e+01
-1.342145748788411019e+01
1.606566549162986846e+01
-2.482468207924383208e+01
8.576243293402914247e+00
-1.765447302915932681e+01
-1.318386404634218501e+01
-8.424011008771124409e+00
7.710470202829248443e+00
-1.122066803885906339e+01
-1.033720903833758165e+01
-3.894453401079478994e+01
2.155683728184718539e-01
1.195381672853856259e+01
4.370872493740161246e+01
6.374826914487272123e-02
-2.946198818034099887e+01
7.150530215498260844e+00
1.592104231277812865e+01
3.150303294018916844e+00
4.823530895322571155e+01
2.252645909903347388e+01
2.024494848866975616e+01
1.094247254337676978e+01
-2.466908462011491210e+01
-1.303717427592507327e+01
