9.999999999999478195e-01
4.621921176641041740e-01
2.499661619394939194e-01
2.084844353966820892e-03
2.807084204914037182e-03
9.999999957441130238e-01
9.898956521532236152e-01
1.381188679015139809e-01
1.882815195778648641e-03
9.999343011333318154e-01
1.389909378771944803e-07
8.553778665401359227e-01
9.936698383965970605e-01
7.312677041426132556e-03
9.993397648497388541e-01
4.232003232532561832e-01
1.156541609072603102e-10
3.628290670504998554e-05
9.999970153232972114e-01
9.998907545254096529e-01
8.793084083346124347e-01
9.999925725175944358e-01
6.968659433297555994e-01
1.940082822756420593e-03
1.357088650589148636e-04
8.622623233981473456e-01
9.620097120757310494e-01
9.998262969122896360e-01
9.999519410717795376e-01
8.602440653440160956e-01
1.005200807565756124e-02
1.114114407480007973e-05
9.590472628666472099e-01
9.998910331420430841e-01
1.045676116415298911e-05
9.999861221313508519e-01
8.931443125749809198e-02
9.983542002765031231e-01
4.343479145862002011e-01
3.027871054604733075e-04
9.645462231930055363e-01
9.991843224593066619e-01
1.177040679984671551e-06
4.187468778071230021e-04
1.417922395919874179e-01
4.326686476220034105e-01
9.984976709322612720e-01
8.814339662284546018e-01
9.403195758913368563e-01
3.032722161855877941e-03
