9.945457725142686556e+00
-2.099674201478831659e-01
4.006206648059382758e+00
4.969121681822651349e-01
-1.462444502923658574e+00
-1.009473869059294593e+01
6.238807921189484240e-01
5.055291936936500363e+00
-5.679311213573042139e+00
7.842761399392164989e+00
9.576349956219850412e+00
-4.002694092962465477e-01
1.281371805794883523e+00
1.841503787895017563e+00
-5.139238692094710181e+00
-6.655230854021593423e+00
8.270002904987638459e+00
-2.356860944224092869e+00
1.028708199036610438e+01
-1.332854179379520509e+01
5.292911665870037030e-02
-4.846870441806075958e-01
-1.823774830907966438e+00
-6.695531545427500397e+00
4.962058833643501643e+00
-1.016082622244391409e+01
3.320169697146185150e+00
8.274004139655769308e+00
4.914704359384441723e+00
9.959789254222202182e-01
-1.590693591565064047e+01
-2.197976215852748272e+00
-1.280169595163544471e+01
3.236571459913399007e+00
2.921927166148223343e+00
6.481954887859759928e-01
-4.917893037261857003e+00
-9.011989554312584971e-01
1.082912518225903620e+00
7.112629951798406402e+00
-4.991238629417384942e+00
5.926432575690893323e+00
-7.029318040680030855e+00
-4.833066096969862890e+00
6.798871925879901745e+00
1.385305210422564048e+00
5.497376603736607414e+00
1.298871533263826628e+01
1.679407523063912677e+01
7.697273300829076348e+00
