-9.983052680378706745e-01
-6.176892698852447516e-01
-8.420693948843354093e-01
-7.408425549876359595e-01
-7.479631887772166809e-01
4.244119626533854883e-01
9.999710676351560856e-01
-7.585733344370239051e-01
-9.924617661050793016e-01
9.999999914221815445e-01
-9.999956343074102305e-01
2.515406891711217674e-01
8.971292745626894272e-01
-9.962599433370077362e-01
9.773012800986220494e-01
-9.810476501096645485e-01
9.999992388104624874e-01
9.860299909980347888e-01
-8.201168488115256894e-01
-9.999123526054300992e-01
